tree
version=v3
num_class=1
num_tree_per_iteration=1
label_index=0
max_feature_idx=0
objective=lambdarank
feature_names=geographical
feature_infos=[0:0.5]
tree_sizes=743 749 745 751 761 761 759 742 751 758 758 764 765 758 762 761 748 752 764 763 762 763 760 763 766 771 750 759 764 767 752 764 767 760 764 763 761 749 751 766 768 766 768 772 768 763 760 759 758 753 746 764 764 768 761 760 760 760 751 751 770 770 768 764 765 762 763 763 759 758 762 752 765 763 766 760 759 759 761 748 762 763 762 762 763 759 758 757 747 749 767 765 766 767 765 764 759 761 755 764

Tree=0
num_leaves=6
num_cat=0
split_feature=0 0 0 0 0
split_gain=0.775704 1.25654 0.206196 0.00797956 0.0001157
threshold=0.25000000000000006 0.35000000000000003 0.45000000000000007 0.15000000000000005 1.0000000180025095e-35
decision_type=2 2 2 2 2
left_child=3 -2 -3 4 -1
right_child=1 2 -4 -5 -6
leaf_value=0.019766937418849426 -0.11154342688825017 0.0085151221265172584 -0.055397291748949362 0.0147152268681713 0.020924689451021383
leaf_weight=1.2060152310878018 1.4065906424075372 3.2974837785586719 0.5960306730121373 5.0600485187023878 3.0364592238329351
leaf_count=16 32 48 14 58 42
internal_value=0 -0.305345 -0.0126878 0.17397 0.205956
internal_weight=0 5.30011 3.89351 9.30252 4.24247
internal_count=210 94 62 116 58
shrinkage=0.1


Tree=1
num_leaves=6
num_cat=0
split_feature=0 0 0 0 0
split_gain=0.760018 0.308694 0.12 0.102991 0.0185541
threshold=0.35000000000000003 0.45000000000000007 0.25000000000000006 1.0000000180025095e-35 0.15000000000000005
decision_type=2 2 2 2 2
left_child=2 -2 3 -1 -5
right_child=1 -3 -4 4 -6
leaf_value=0.008797911593545293 0.027930958065238431 -0.041507082986553069 -0.042426608653718702 -0.0052615409009009479 -0.0098714912219762842
leaf_weight=4.632786013185977 10.205267865210768 0.68307834677398283 0.8871411606669416 22.921456769108772 14.102083548903463
leaf_count=16 48 14 32 42 58
internal_value=0 0.235748 -0.060336 -0.0525855 -0.0701745
internal_weight=0 10.8883 42.5435 41.6563 37.0235
internal_count=210 62 148 116 100
shrinkage=0.1


Tree=2
num_leaves=6
num_cat=0
split_feature=0 0 0 0 0
split_gain=7.89675 1.59477 0.180771 0.097879 0.0109706
threshold=0.15000000000000005 0.25000000000000006 0.35000000000000003 1.0000000180025095e-35 0.45000000000000007
decision_type=2 2 2 2 2
left_child=3 -2 -3 -1 -4
right_child=1 2 4 -5 -6
leaf_value=0.075586345640860891 0.0055047796990112348 -0.086530110897708221 -0.03847730883290159 0.057403893693704112 -0.022588677933748608
leaf_weight=4.1812512353062603 11.469047367572783 0.79960444150492804 22.926722086966041 10.141722042113543 0.44296400435268773
leaf_count=16 58 32 48 42 14
internal_value=0 -0.252038 -0.397759 0.627118 -0.381761
internal_weight=0 35.6383 24.1693 14.323 23.3697
internal_count=210 152 94 58 62
shrinkage=0.1


Tree=3
num_leaves=6
num_cat=0
split_feature=0 0 0 0 0
split_gain=1.01823 0.400649 0.280472 0.147049 0.0326548
threshold=0.35000000000000003 1.0000000180025095e-35 0.15000000000000005 0.45000000000000007 0.25000000000000006
decision_type=2 2 2 2 2
left_child=1 -1 -3 -2 -4
right_child=3 2 4 -5 -6
leaf_value=-0.02708777959475997 0.032147007434643486 0.0079633147122631642 -0.011030569188592585 -0.019745331804743072 -0.032197672715651153
leaf_weight=8.2459094077348691 8.9769569812342489 13.994030982255936 12.717737208120523 0.58145055919885713 0.77313245227560479
leaf_count=16 48 42 58 14 32
internal_value=0 -0.0775525 -0.0195519 0.289903 -0.122436
internal_weight=0 35.7308 27.4849 9.55841 13.4909
internal_count=210 148 132 62 90
shrinkage=0.1


Tree=4
num_leaves=6
num_cat=0
split_feature=0 0 0 0 0
split_gain=0.370006 0.155008 0.0781093 0.00950198 0.000712071
threshold=0.35000000000000003 0.25000000000000006 0.45000000000000007 0.15000000000000005 1.0000000180025095e-35
decision_type=2 2 2 2 2
left_child=1 3 -2 4 -1
right_child=2 -3 -4 -5 -6
leaf_value=-0.0018762348541577372 0.017495032290342879 -0.050407678399939315 -0.024402514831570514 -0.0065871928442105994 -0.003210630036696447
leaf_weight=4.9504245743155506 10.872256916947659 0.73354442277923115 0.46395250689238393 9.9916309118270856 20.808260388672352
leaf_count=16 48 32 14 58 42
internal_value=0 -0.0490323 0.157803 -0.0396955 -0.0295418
internal_weight=0 36.4839 11.3362 35.7503 25.7587
internal_count=210 148 62 116 58
shrinkage=0.1


Tree=5
num_leaves=6
num_cat=0
split_feature=0 0 0 0 0
split_gain=0.33882 0.0854786 0.0537325 0.00272305 4.96115e-06
threshold=0.35000000000000003 0.25000000000000006 0.45000000000000007 0.15000000000000005 1.0000000180025095e-35
decision_type=2 2 2 2 2
left_child=1 3 -2 4 -1
right_child=2 -3 -4 -5 -6
leaf_value=-0.0046731527453209029 0.016140379012909014 -0.040715764269382879 -0.021866955652059837 -0.0026077466307302326 -0.0045633737812754366
leaf_weight=5.0916059911251095 11.233925679698583 0.64782928954809804 0.38470314629376007 9.4449736569076759 21.49872762709856
leaf_count=16 48 32 14 58 42
internal_value=0 -0.0471354 0.148819 -0.0406631 -0.0458439
internal_weight=0 36.6831 11.6186 36.0353 26.5903
internal_count=210 148 62 116 58
shrinkage=0.1


Tree=6
num_leaves=6
num_cat=0
split_feature=0 0 0 0 0
split_gain=0.265541 0.0404134 0.0392381 0.0228125 0.00161196
threshold=0.35000000000000003 0.25000000000000006 0.45000000000000007 0.15000000000000005 1.0000000180025095e-35
decision_type=2 2 2 2 2
left_child=1 3 -2 4 -1
right_child=2 -3 -4 -5 -6
leaf_value=-0.0070006819709980883 0.013088948056746028 -0.032174250357168144 -0.024193905261719294 0.00045018634203171381 -0.005005524594617815
leaf_weight=4.9349631741642979 12.759638380259272 0.51399227301590045 0.28867294732481319 8.944417395628987 22.568520568311214
leaf_count=16 48 32 14 58 42
internal_value=0 -0.0432949 0.122641 -0.0393682 -0.0536352
internal_weight=0 36.9619 13.0483 36.4479 27.5035
internal_count=210 148 62 116 58
shrinkage=0.1


Tree=7
num_leaves=6
num_cat=0
split_feature=0 0 0 0 0
split_gain=9.26958 1.5262 0.0213178 0.0143938 0.00566751
threshold=0.15000000000000005 0.25000000000000006 1.0000000180025095e-35 0.45000000000000007 0.35000000000000003
decision_type=2 2 2 2 2
left_child=2 -2 -1 4 -3
right_child=1 3 -4 -5 -6
leaf_value=0.069938667733569854 0.0047027626922528584 -0.054453054939552464 0.0612452818258881 -0.018784616881248214 -0.043084684843970857
leaf_weight=3.6825736500322792 9.2594866012223047 0.4468825522344621 12.052942980080843 0.2419754252769043 23.451625920832157
leaf_count=16 58 32 42 14 48
internal_value=0 -0.298126 0.632798 -0.430516 -0.432973
internal_weight=0 33.4 15.7355 24.1405 23.8985
internal_count=210 152 58 94 80
shrinkage=0.1


Tree=8
num_leaves=6
num_cat=0
split_feature=0 0 0 0 0
split_gain=3.59322 0.305434 0.357274 0.0373842 0.00950619
threshold=1.0000000180025095e-35 0.15000000000000005 0.35000000000000003 0.25000000000000006 0.45000000000000007
decision_type=2 2 2 2 2
left_child=-1 -2 3 -3 -4
right_child=1 2 4 -5 -6
leaf_value=-0.054430333151826431 0.025331563534298159 -0.0052787575696463529 0.019793105901336386 -0.031412274621835372 0.0029889827103509316
leaf_weight=9.5864595472812635 15.025894060730932 9.6311431881040317 10.569164480082689 0.58036949369125146 0.3477225895039745
leaf_count=16 42 58 48 32 14
internal_value=0 0.144324 0.0668128 -0.0676405 0.192579
internal_weight=0 36.1543 21.1284 10.2115 10.9169
internal_count=210 194 152 90 62
shrinkage=0.1


Tree=9
num_leaves=6
num_cat=0
split_feature=0 0 0 0 0
split_gain=0.206001 0.0482435 0.0453123 0.034123 0.0182426
threshold=0.35000000000000003 0.25000000000000006 0.45000000000000007 1.0000000180025095e-35 0.15000000000000005
decision_type=2 2 2 2 2
left_child=1 3 -2 -1 -5
right_child=2 -3 -4 4 -6
leaf_value=0.0061052435029521285 0.012649105557492222 -0.031777919229275316 -0.022136450760843196 -0.0028486693536267276 -0.0081899647519632895
leaf_weight=3.3086943048983803 11.166861638426777 0.61546050035394628 0.38746457360684949 19.324509032070637 9.5564368879422563
leaf_count=16 48 32 14 42 58
internal_value=0 -0.040443 0.114826 -0.0351404 -0.0461605
internal_weight=0 32.8051 11.5543 32.1896 28.8809
internal_count=210 148 62 116 100
shrinkage=0.1


Tree=10
num_leaves=6
num_cat=0
split_feature=0 0 0 0 0
split_gain=0.189545 0.0346445 0.0344734 0.0164071 0.00481434
threshold=0.35000000000000003 0.25000000000000006 0.45000000000000007 1.0000000180025095e-35 0.15000000000000005
decision_type=2 2 2 2 2
left_child=1 3 -2 -1 -5
right_child=2 -3 -4 4 -6
leaf_value=0.0030747643377454217 0.011946345310581382 -0.027725646371589748 -0.019664330704355734 -0.0033261618091620991 -0.006089364371496233
leaf_weight=3.4526474196463814 11.263292293064293 0.59826705604791541 0.3558993414044388 19.490224771201611 9.3207868384197372
leaf_count=16 48 32 14 42 58
internal_value=0 -0.0388159 0.109781 -0.0343945 -0.042201
internal_weight=0 32.8619 11.6192 32.2637 28.811
internal_count=210 148 62 116 100
shrinkage=0.1


Tree=11
num_leaves=6
num_cat=0
split_feature=0 0 0 0 0
split_gain=0.190761 0.0267732 0.0235801 0.00308043 0.000476204
threshold=0.35000000000000003 0.45000000000000007 0.25000000000000006 1.0000000180025095e-35 0.15000000000000005
decision_type=2 2 2 2 2
left_child=2 -2 3 -1 -5
right_child=1 -3 -4 4 -6
leaf_value=-0.00084112302474810053 0.011699439134027399 -0.017492860428469075 -0.02401374549079309 -0.0036208924440648163 -0.0044950370647180984
leaf_weight=3.7205543145537368 11.495938225649294 0.32299575814977366 0.57294738246127852 19.56818962842226 9.1441895137541014
leaf_count=16 48 14 32 42 58
internal_value=0 0.109017 -0.0390372 -0.0354847 -0.0389929
internal_weight=0 11.8189 33.0059 32.4329 28.7124
internal_count=210 62 148 116 100
shrinkage=0.1


Tree=12
num_leaves=6
num_cat=0
split_feature=0 0 0 0 0
split_gain=0.655705 0.0103136 0.00218341 0.000806545 0.0173138
threshold=1.0000000180025095e-35 0.45000000000000007 0.15000000000000005 0.25000000000000006 0.35000000000000003
decision_type=2 2 2 2 2
left_child=-1 2 -2 -4 -5
right_child=1 -3 3 4 -6
leaf_value=0.042516706467563219 -0.0040284341315644139 -0.022362097762537211 -0.0018446063653443441 -0.020583054883201099 -0.0023358767832835628
leaf_weight=3.3598709627985945 19.537923865020275 0.28444773098453774 8.9253600598312914 0.54181164572946627 12.91449801530689
leaf_count=16 42 14 58 32 48
internal_value=0 -0.0338476 -0.0325599 -0.0258169 -0.0307059
internal_weight=0 42.204 41.9196 22.3817 13.4563
internal_count=210 194 180 138 80
shrinkage=0.1


Tree=13
num_leaves=6
num_cat=0
split_feature=0 0 0 0 0
split_gain=0.223 0.0125375 0.0124941 0.00512271 0.00436954
threshold=0.35000000000000003 0.45000000000000007 0.25000000000000006 0.15000000000000005 1.0000000180025095e-35
decision_type=2 2 2 2 2
left_child=2 -2 3 4 -1
right_child=1 -3 -4 -5 -6
leaf_value=-0.0016304562273141898 0.012720132134357284 -0.0084513084387789414 -0.019225769201277058 -0.001690562167548615 -0.0050955621709229994
leaf_weight=4.4155985489487675 11.027573768049475 0.28699087025597769 0.53026597667485376 8.8689538645558041 20.69622914493084
leaf_count=16 48 14 32 58 42
internal_value=0 0.121831 -0.0399428 -0.0375659 -0.0448627
internal_weight=0 11.3146 34.511 33.9808 25.1118
internal_count=210 62 148 116 58
shrinkage=0.1


Tree=14
num_leaves=6
num_cat=0
split_feature=0 0 0 0 0
split_gain=0.245339 0.0108023 0.0113551 0.0106247 0.000479966
threshold=0.35000000000000003 0.15000000000000005 0.25000000000000006 0.45000000000000007 1.0000000180025095e-35
decision_type=2 2 2 2 2
left_child=1 4 -3 -2 -1
right_child=3 2 -4 -5 -6
leaf_value=-0.004306165461407269 0.013044819625405255 -0.00040083806941407056 -0.016074206868935719 -0.0074143588670784856 -0.0054272300803919014
leaf_weight=4.6591878384351757 11.365447307005521 8.7027908721938694 0.48816889105364758 0.25962565187364894 21.177775911986828
leaf_count=16 48 58 32 14 42
internal_value=0 -0.0417767 -0.0123331 0.125879 -0.0522507
internal_weight=0 35.0279 9.19096 11.6251 25.837
internal_count=210 148 90 62 58
shrinkage=0.1


Tree=15
num_leaves=6
num_cat=0
split_feature=0 0 0 0 0
split_gain=0.240994 0.0240042 0.00952035 0.00718893 0.00109536
threshold=0.35000000000000003 0.15000000000000005 0.45000000000000007 0.25000000000000006 1.0000000180025095e-35
decision_type=2 2 2 2 2
left_child=1 4 -2 -3 -1
right_child=2 3 -4 -5 -6
leaf_value=-0.0070973097377427605 0.012282237411876791 0.0009221518471461183 -0.0087315183399923543 -0.012443702613666863 -0.0054174660857410012
leaf_weight=4.719110473990443 12.323284402489659 8.4669445175677502 0.21943762758746821 0.42249210900627154 21.873485021293163
leaf_count=16 48 58 14 32 42
internal_value=0 -0.0421175 0.119146 0.00286907 -0.0571557
internal_weight=0 35.482 12.5427 8.88944 26.5926
internal_count=210 148 62 90 58
shrinkage=0.1


Tree=16
num_leaves=6
num_cat=0
split_feature=0 0 0 0 0
split_gain=14.2275 1.99376 0.0409526 0.0372481 0.0161847
threshold=0.15000000000000005 0.25000000000000006 1.0000000180025095e-35 0.45000000000000007 0.35000000000000003
decision_type=2 2 2 2 2
left_child=2 -2 -1 4 -3
right_child=1 3 -4 -5 -6
leaf_value=0.08373309650657651 0.0048281083610814445 -0.028652056486455659 0.071601739854582541 -0.0021861380133372881 -0.052452574867952129
leaf_weight=3.495253026485444 8.2177776070311648 0.28904303861782565 13.649324927479029 0.14992877165786822 24.804324522614479
leaf_count=16 58 32 42 14 48
internal_value=0 -0.379541 0.74075 -0.518815 -0.521784
internal_weight=0 33.4611 17.1446 25.2433 25.0934
internal_count=210 152 58 94 80
shrinkage=0.1


Tree=17
num_leaves=6
num_cat=0
split_feature=0 0 0 0 0
split_gain=3.94241 0.309826 0.169839 0.00713192 0.000138592
threshold=1.0000000180025095e-35 0.15000000000000005 0.35000000000000003 0.25000000000000006 0.45000000000000007
decision_type=2 2 2 2 2
left_child=-1 -2 3 -3 -4
right_child=1 2 4 -5 -6
leaf_value=-0.0567227262992454 0.026395999478851517 -0.0016789812756671458 0.016167022907618341 -0.013602941780505046 0.013891542148071338
leaf_weight=9.6156269311904889 15.052747167646883 8.9010501126758736 10.295671141706405 0.53156521334312923 0.27480926457792598
leaf_count=16 42 58 48 32 14
internal_value=0 0.155587 0.0740347 -0.0235094 0.161079
internal_weight=0 35.0558 20.0031 9.43262 10.5705
internal_count=210 194 152 90 62
shrinkage=0.1


Tree=18
num_leaves=6
num_cat=0
split_feature=0 0 0 0 0
split_gain=0.144465 0.0297136 0.0141061 0.00836917 0.000487657
threshold=0.35000000000000003 1.0000000180025095e-35 0.45000000000000007 0.25000000000000006 0.15000000000000005
decision_type=2 2 2 2 2
left_child=1 -1 -2 4 -3
right_child=2 3 -4 -5 -6
leaf_value=0.0059216144296510495 0.010374783797998749 -0.0038932249334507939 -0.010977407554232637 -0.016571932619673269 -0.0047832870544285882
leaf_weight=3.0772437155246726 10.894597701262679 19.363224007189281 0.31844542827457267 0.55532905971631308 9.0245960033498687
leaf_count=16 48 42 14 32 58
internal_value=0 -0.0342073 0.0976839 -0.0441402 -0.0417618
internal_weight=0 32.0204 11.213 28.9431 28.3878
internal_count=210 148 62 132 100
shrinkage=0.1


Tree=19
num_leaves=6
num_cat=0
split_feature=0 0 0 0 0
split_gain=0.139731 0.0240789 0.0118351 0.00631905 2.16576e-05
threshold=0.35000000000000003 1.0000000180025095e-35 0.45000000000000007 0.25000000000000006 0.15000000000000005
decision_type=2 2 2 2 2
left_child=1 -1 -2 4 -3
right_child=2 3 -4 -5 -6
leaf_value=0.0049351002058772957 0.01014320196599449 -0.0041153231238099351 -0.0097524945021931382 -0.014911639236318198 -0.0039273422477670798
leaf_weight=3.1576429903507224 10.92836717702448 19.479273743927486 0.30739722214639265 0.54654678027145465 8.9425841392949206
leaf_count=16 48 42 14 32 58
internal_value=0 -0.0335711 0.0959888 -0.0426099 -0.0405618
internal_weight=0 32.126 11.2358 28.9684 28.4219
internal_count=210 148 62 132 100
shrinkage=0.1


Tree=20
num_leaves=6
num_cat=0
split_feature=0 0 0 0 0
split_gain=0.138346 0.0188435 0.0100412 0.0046445 0.000798308
threshold=0.35000000000000003 1.0000000180025095e-35 0.45000000000000007 0.25000000000000006 0.15000000000000005
decision_type=2 2 2 2 2
left_child=1 -1 -2 4 -3
right_child=2 3 -4 -5 -6
leaf_value=0.0038857879765522817 0.010024124327726773 -0.0043244906404267258 -0.008626949257797837 -0.013367257490474274 -0.0031811346727908989
leaf_weight=3.2517688721418372 10.981578747741874 19.605633221566684 0.29644567565992552 0.53564747865311702 8.8693018425255996
leaf_count=16 48 42 14 32 58
internal_value=0 -0.0333278 0.0953388 -0.041419 -0.0396836
internal_weight=0 32.2624 11.278 29.0106 28.4749
internal_count=210 148 62 132 100
shrinkage=0.1


Tree=21
num_leaves=6
num_cat=0
split_feature=0 0 0 0 0
split_gain=0.140013 0.013671 0.00860392 0.00327599 0.00249412
threshold=0.35000000000000003 1.0000000180025095e-35 0.45000000000000007 0.25000000000000006 0.15000000000000005
decision_type=2 2 2 2 2
left_child=1 -1 -2 4 -3
right_child=2 3 -4 -5 -6
leaf_value=0.0026923250351296221 0.010003432316744349 -0.0045235964507389535 -0.0075911671365491906 -0.011890046896361833 -0.0024993714688380953
leaf_weight=3.3618322908878318 11.060958430171009 19.74744143337012 0.28509507374838072 0.52249546791426738 8.7992061898112279
leaf_count=16 48 42 14 32 58
internal_value=0 -0.0334505 0.0956133 -0.0404327 -0.0389965
internal_weight=0 32.431 11.3461 29.0691 28.5466
internal_count=210 148 62 132 100
shrinkage=0.1


Tree=22
num_leaves=6
num_cat=0
split_feature=0 0 0 0 0
split_gain=0.14489 0.00837225 0.00745456 0.00359165 0.00352228
threshold=0.35000000000000003 1.0000000180025095e-35 0.45000000000000007 0.15000000000000005 0.25000000000000006
decision_type=2 2 2 2 2
left_child=1 -1 -2 -3 -5
right_child=2 3 -4 4 -6
leaf_value=0.001231468915021867 0.010074792646028586 -0.004706681185894142 -0.0066602605465645465 -0.0018500438315097426 -0.010427720022250541
leaf_weight=3.4911475032567969 11.181387502700087 19.909007176756859 0.27266624942421991 8.7274976233020425 0.50650665117427773
leaf_count=16 48 42 14 58 32
internal_value=0 -0.0339626 0.0967641 -0.0395063 -0.0232055
internal_weight=0 32.6342 11.4541 29.143 9.234
internal_count=210 148 62 132 90
shrinkage=0.1


Tree=23
num_leaves=6
num_cat=0
split_feature=0 0 0 0 0
split_gain=0.153478 0.0065504 0.00447067 0.00522431 0.00273014
threshold=0.35000000000000003 0.45000000000000007 0.15000000000000005 1.0000000180025095e-35 0.25000000000000006
decision_type=2 2 2 2 2
left_child=2 -2 3 -1 -4
right_child=1 -3 4 -5 -6
leaf_value=-0.00073601343316252645 0.010228430486485361 -0.0058864185006803002 -0.0012034053082880126 -0.0048490084011574702 -0.0089024847945874362
leaf_weight=3.6492128409445312 11.37600531056523 0.25796042289584958 8.6484383870847488 20.089830659329891 0.48649033554829735
leaf_count=16 48 14 58 42 32
internal_value=0 0.0987112 -0.0349335 -0.0421675 -0.0161343
internal_weight=0 11.634 32.874 23.739 9.13493
internal_count=210 62 148 58 90
shrinkage=0.1


Tree=24
num_leaves=6
num_cat=0
split_feature=0 0 0 0 0
split_gain=0.167961 0.00981309 0.00583021 0.00190448 0.0002747
threshold=0.35000000000000003 0.15000000000000005 0.45000000000000007 0.25000000000000006 1.0000000180025095e-35
decision_type=2 2 2 2 2
left_child=1 4 -2 -3 -1
right_child=2 3 -4 -5 -6
leaf_value=-0.0039468425927304289 0.010467449061177036 -0.00051248824191337124 -0.0053450848051424318 -0.007117741910419105 -0.0048643739544321635
leaf_weight=3.8895365707576302 11.733189640566703 8.5518007921054924 0.23790235817432481 0.45999374799430448 20.256808951497078
leaf_count=16 48 58 14 32 42
internal_value=0 -0.0366561 0.101532 -0.00849644 -0.0471658
internal_weight=0 33.1581 11.9711 9.01179 24.1463
internal_count=210 148 62 90 58
shrinkage=0.1


Tree=25
num_leaves=6
num_cat=0
split_feature=0 0 0 0 0
split_gain=0.353981 0.0235294 0.00262216 0.00180961 0.000798217
threshold=1.0000000180025095e-35 0.15000000000000005 0.45000000000000007 0.25000000000000006 0.35000000000000003
decision_type=2 2 2 2 2
left_child=-1 -2 3 -3 -5
right_child=1 2 -4 4 -6
leaf_value=0.029881530473801838 -0.0050181179398455129 0.00094915322302565632 -0.011469166525895448 -0.005188532660684024 -0.00078069881128652128
leaf_weight=3.6512069366872302 20.362720683217049 8.3909796406514978 0.2086531762033691 0.42405332450289174 13.183167280629277
leaf_count=16 42 58 14 32 48
internal_value=0 -0.0256295 -0.00311663 -0.00205834 -0.00918064
internal_weight=0 42.5696 22.2069 21.9982 13.6072
internal_count=210 194 152 138 80
shrinkage=0.1


Tree=26
num_leaves=6
num_cat=0
split_feature=0 0 0 0 0
split_gain=4.6559 0.0537324 0.185939 0.000683708 0.000331855
threshold=1.0000000180025095e-35 0.35000000000000003 0.15000000000000005 0.25000000000000006 0.45000000000000007
decision_type=2 2 2 2 2
left_child=-1 2 -2 -4 -3
right_child=1 4 3 -5 -6
leaf_value=-0.059601131400797584 0.02037040379935337 0.022420914925892363 0.0024671908337477312 -0.0017517508412966771 0.018257995495274983
leaf_weight=10.239189907908438 16.369966968894005 11.30679081752896 8.2867485601454973 0.40278749621938992 0.1947919668164112
leaf_count=16 42 48 58 32 14
internal_value=0 0.166917 0.140945 0.0227163 0.223504
internal_weight=0 36.5611 25.0595 8.68954 11.5016
internal_count=210 194 132 90 62
shrinkage=0.1


Tree=27
num_leaves=6
num_cat=0
split_feature=0 0 0 0 0
split_gain=0.177648 0.0672095 0.00768097 0.00894201 0.00141969
threshold=1.0000000180025095e-35 0.15000000000000005 0.35000000000000003 0.45000000000000007 0.25000000000000006
decision_type=2 2 2 2 2
left_child=-1 -2 4 -4 -3
right_child=1 2 3 -5 -6
leaf_value=0.0286488076802448 -0.0054071361588307488 0.00044905540700235929 0.0043020925701216387 -0.01593028127898528 -0.0055809444767308597
leaf_weight=2.0660269055515519 21.10993754863739 8.3726253919303399 13.253819080069659 0.22210525954142288 0.40954119397793037
leaf_count=16 42 58 48 14 32
internal_value=0 -0.0136481 0.0246899 0.0396863 0.00167857
internal_weight=0 43.368 22.2581 13.4759 8.78217
internal_count=210 194 152 62 90
shrinkage=0.1


Tree=28
num_leaves=6
num_cat=0
split_feature=0 0 0 0 0
split_gain=0.158463 0.0706092 0.00550575 0.00347028 0.000890902
threshold=1.0000000180025095e-35 0.15000000000000005 0.45000000000000007 0.35000000000000003 0.25000000000000006
decision_type=2 2 2 2 2
left_child=-1 -2 3 4 -3
right_child=1 2 -4 -5 -6
leaf_value=0.024285217408512281 -0.0054712229060620244 0.0013155896269581085 -0.014165045553106362 0.0036638456616491389 -0.0036965346209851709
leaf_weight=2.5406139642000189 21.666354611515999 8.2094634356908518 0.19582926575094359 13.697584144771099 0.37065044499468136
leaf_count=16 42 58 14 48 32
internal_value=0 -0.0139782 0.0252929 0.0267604 0.0109907
internal_weight=0 44.1399 22.4735 22.2777 8.58011
internal_count=210 194 152 138 90
shrinkage=0.1


Tree=29
num_leaves=6
num_cat=0
split_feature=0 0 0 0 0
split_gain=0.0823501 0.0732808 0.00334287 0.000477861 0.000309226
threshold=1.0000000180025095e-35 0.15000000000000005 0.45000000000000007 0.35000000000000003 0.25000000000000006
decision_type=2 2 2 2 2
left_child=-1 -2 3 4 -3
right_child=1 2 -4 -5 -6
leaf_value=0.014558091463673168 -0.0051916441395398801 0.0024658391866619789 -0.011609739255628766 0.0032982236570741467 -0.00072019806674520725
leaf_weight=3.5998596400022498 22.584411561489105 7.9573760782368517 0.15882148314267297 14.339108094573021 0.31675712519790966
leaf_count=16 42 58 14 48 32
internal_value=0 -0.0115545 0.0284749 0.0294903 0.0234387
internal_weight=0 45.3565 22.7721 22.6132 8.27413
internal_count=210 194 152 138 90
shrinkage=0.1


Tree=30
num_leaves=6
num_cat=0
split_feature=0 0 0 0 0
split_gain=3.44417 4.08883 0.180397 0.017114 0.000101221
threshold=1.0000000180025095e-35 0.15000000000000005 0.25000000000000006 0.45000000000000007 0.35000000000000003
decision_type=2 2 2 2 2
left_child=-1 -2 -3 4 -4
right_child=1 2 3 -5 -6
leaf_value=-0.051153100914947562 0.059826675703085502 0.0036524796412943116 -0.016411526641828354 0.022397305461473865 -0.014430910205325997
leaf_weight=10.421708926558493 12.848478738218544 8.1126488666050154 0.26172358065378526 0.12685036961920459 18.277166806161404
leaf_count=16 42 58 32 14 48
internal_value=0 0.134531 -0.0879736 -0.142084 -0.144589
internal_weight=0 39.6269 26.7784 18.6657 18.5389
internal_count=210 194 152 94 80
shrinkage=0.1


Tree=31
num_leaves=6
num_cat=0
split_feature=0 0 0 0 0
split_gain=0.314929 0.0373275 0.00565131 0.00396343 0.00110894
threshold=1.0000000180025095e-35 0.15000000000000005 0.35000000000000003 0.45000000000000007 0.25000000000000006
decision_type=2 2 2 2 2
left_child=-1 -2 4 -4 -3
right_child=1 2 3 -5 -6
leaf_value=0.036704498688435776 -0.0050989562707673538 -0.00074318318728476855 0.002508828637275624 -0.010488037719944167 -0.005682707891723978
leaf_weight=2.2191786989569655 19.816330030560493 8.6013090549968165 12.442533522844313 0.23914502840489227 0.47986155911348838
leaf_count=16 42 58 48 14 32
internal_value=0 -0.0195901 0.00900101 0.0226374 -0.0100419
internal_weight=0 41.5792 21.7628 12.6817 9.08117
internal_count=210 194 152 62 90
shrinkage=0.1


Tree=32
num_leaves=6
num_cat=0
split_feature=0 0 0 0 0
split_gain=0.816005 0.00664289 0.0121081 0.000611609 6.48293e-06
threshold=1.0000000180025095e-35 0.35000000000000003 0.15000000000000005 0.25000000000000006 0.45000000000000007
decision_type=2 2 2 2 2
left_child=-1 2 -2 -4 -3
right_child=1 4 3 -5 -6
leaf_value=0.045998711915209496 -0.0044928521456600494 -0.0057848121363482394 0.00015028554935485111 -0.0035801330480686022 -0.006344033085534548
leaf_weight=3.5519461631774893 19.2218207269907 13.017902717925605 8.5015896656550467 0.46345928253140378 0.21065706154331643
leaf_count=16 42 48 58 32 14
internal_value=0 -0.0394503 -0.030774 -0.00042563 -0.0579372
internal_weight=0 41.4154 28.1869 8.96505 13.2286
internal_count=210 194 132 90 62
shrinkage=0.1


Tree=33
num_leaves=6
num_cat=0
split_feature=0 0 0 0 0
split_gain=0.176184 0.0136976 0.0049817 0.00141582 0.00072071
threshold=0.35000000000000003 0.15000000000000005 1.0000000180025095e-35 0.45000000000000007 0.25000000000000006
decision_type=2 2 2 2 2
left_child=1 2 -1 -2 -3
right_child=3 4 -4 -5 -6
leaf_value=-0.0017146554372401868 0.011049147760442296 -4.8083733972193739e-05 -0.0054681219817986912 0.003180776570561563 -0.0040846206300192102
leaf_weight=4.274304777383807 10.936529106460508 8.5015632943250203 20.47110591083765 0.23356902552768663 0.46660302416421551
leaf_count=16 48 58 42 14 32
internal_value=0 -0.0360633 -0.0481978 0.108846 -0.002581
internal_weight=0 33.7136 24.7454 11.1701 8.96817
internal_count=210 148 58 62 90
shrinkage=0.1


Tree=34
num_leaves=6
num_cat=0
split_feature=0 0 0 0 0
split_gain=0.20046 0.0213284 0.00141375 0.00128718 0.000447849
threshold=0.35000000000000003 0.15000000000000005 0.45000000000000007 1.0000000180025095e-35 0.25000000000000006
decision_type=2 2 2 2 2
left_child=1 3 -2 -1 -3
right_child=2 4 -4 -5 -6
leaf_value=-0.0037701078251125512 0.011666381888620797 0.00056191056634245556 0.0035840179385013219 -0.0056347299355649604 -0.0027037439975227703
leaf_weight=4.5032070577144649 11.137210342101749 8.4125604163855279 0.22070762468502003 20.813131809234619 0.44200786598958153
leaf_count=16 48 58 14 42 32
internal_value=0 -0.0382553 0.115093 -0.0530306 0.00398894
internal_weight=0 34.1709 11.3579 25.3163 8.85457
internal_count=210 148 62 58 90
shrinkage=0.1


Tree=35
num_leaves=6
num_cat=0
split_feature=0 0 0 0 0
split_gain=0.222247 0.0305371 0.00161844 0.000194535 2.47932e-07
threshold=0.35000000000000003 0.15000000000000005 0.45000000000000007 0.25000000000000006 1.0000000180025095e-35
decision_type=2 2 2 2 2
left_child=1 4 -2 -3 -1
right_child=2 3 -4 -5 -6
leaf_value=-0.0057875946252932062 0.01200192978993289 0.0011865766709954939 0.0029803311976073538 -0.0010552142298180997 -0.0057620416806495219
leaf_weight=4.6226250827312496 11.602446081116792 8.2927441261708701 0.20231988839805204 0.40603814716450953 21.261966824531555
leaf_count=16 48 58 14 32 42
internal_value=0 -0.0404399 0.118473 0.0108194 -0.0576661
internal_weight=0 34.5834 11.8048 8.69878 25.8846
internal_count=210 148 62 90 58
shrinkage=0.1


Tree=36
num_leaves=6
num_cat=0
split_feature=0 0 0 0 0
split_gain=0.205267 0.0387487 0.0060151 0.00181646 4.56678e-06
threshold=0.35000000000000003 0.15000000000000005 1.0000000180025095e-35 0.45000000000000007 0.25000000000000006
decision_type=2 2 2 2 2
left_child=1 2 -1 -2 -3
right_child=3 4 -4 -5 -6
leaf_value=-0.0091273716553417362 0.010857509777379487 0.0019348270927000252 -0.0051690705347701427 0.00039950892751606387 0.0015636954807444537
leaf_weight=4.6548568829894093 12.845597468316551 8.0821867315098608 21.905298247933388 0.16825998108834106 0.34573679929599244
leaf_count=16 48 58 42 14 32
internal_value=0 -0.0398817 -0.0586279 0.107223 0.019196
internal_weight=0 34.9881 26.5602 13.0139 8.42792
internal_count=210 148 58 62 90
shrinkage=0.1


Tree=37
num_leaves=6
num_cat=0
split_feature=0 0 0 0 0
split_gain=12.9438 1.76633 0.0475363 0.0415966 0.00840954
threshold=0.15000000000000005 0.35000000000000003 1.0000000180025095e-35 0.45000000000000007 0.25000000000000006
decision_type=2 2 2 2 2
left_child=2 4 -1 -3 -2
right_child=1 3 -4 -5 -6
leaf_value=0.083177020011196506 0.0041678641845752581 -0.05006262962900674 0.069538386361154655 0.0069574577294405585 -0.014318744656861563
leaf_weight=3.1585231237113485 8.0406252716202253 24.456637017428879 13.386485800147057 0.12861160165630181 0.25383773969952089
leaf_count=16 58 48 42 14 32
internal_value=0 -0.363018 0.721421 -0.497643 0.0360211
internal_weight=0 32.8797 16.545 24.5852 8.29446
internal_count=210 152 58 62 90
shrinkage=0.1


Tree=38
num_leaves=6
num_cat=0
split_feature=0 0 0 0 0
split_gain=5.01791 0.388222 0.104675 0.00138486 0.00014285
threshold=1.0000000180025095e-35 0.15000000000000005 0.35000000000000003 0.45000000000000007 0.25000000000000006
decision_type=2 2 2 2 2
left_child=-1 -2 4 -4 -3
right_child=1 2 3 -5 -6
leaf_value=-0.06254485073259515 0.029715151504041654 0.00065060169772177521 0.015133410209845414 0.023042570808717987 -0.0011127381526707088
leaf_weight=9.9718453586101514 15.477277420461176 8.4842125694267434 10.14864044357091 0.22632052982226089 0.48571908485610121
leaf_count=16 42 58 48 14 32
internal_value=0 0.179106 0.0846621 0.153059 0.00555117
internal_weight=0 34.8222 19.3449 10.375 8.96993
internal_count=210 194 152 62 90
shrinkage=0.1


Tree=39
num_leaves=6
num_cat=0
split_feature=0 0 0 0 0
split_gain=0.111165 0.0119985 0.00361766 0.00325378 0.000376137
threshold=0.35000000000000003 1.0000000180025095e-35 0.15000000000000005 0.45000000000000007 0.25000000000000006
decision_type=2 2 2 2 2
left_child=1 -1 -3 -2 -4
right_child=3 2 4 -5 -6
leaf_value=0.0028762594194320854 0.0088205553139984114 -0.004452980655263547 -0.0018858652092215893 -0.0023463421831418237 -0.004685460973216103
leaf_weight=3.0970554891973761 10.945577112957832 19.339528128504753 8.6579380559269339 0.26730125583708364 0.50806730869226235
leaf_count=16 48 42 58 14 32
internal_value=0 -0.0303516 -0.0367742 0.0855435 -0.0204105
internal_weight=0 31.6026 28.5055 11.2129 9.16601
internal_count=210 148 132 62 90
shrinkage=0.1


Tree=40
num_leaves=6
num_cat=0
split_feature=0 0 0 0 0
split_gain=0.113577 0.00882739 0.00506695 0.00300894 0.000285463
threshold=0.35000000000000003 1.0000000180025095e-35 0.15000000000000005 0.45000000000000007 0.25000000000000006
decision_type=2 2 2 2 2
left_child=1 -1 -3 -2 -4
right_child=3 2 4 -5 -6
leaf_value=0.0019353851766909748 0.0088720100355485516 -0.0045357397957671202 -0.0015435714251020877 -0.0019815447944679515 -0.0039997300637136472
leaf_weight=3.1763420738279846 11.013482581824061 19.407810598611832 8.6226511646527797 0.26149359298870045 0.50066781160421747
leaf_count=16 48 42 58 14 32
internal_value=0 -0.0306532 -0.0362204 0.0862029 -0.0167836
internal_weight=0 31.7075 28.5311 11.275 9.12332
internal_count=210 148 132 62 90
shrinkage=0.1


Tree=41
num_leaves=6
num_cat=0
split_feature=0 0 0 0 0
split_gain=0.117964 0.0053295 0.00669997 0.00280439 0.000200672
threshold=0.35000000000000003 1.0000000180025095e-35 0.15000000000000005 0.45000000000000007 0.25000000000000006
decision_type=2 2 2 2 2
left_child=1 -1 -3 -2 -4
right_child=3 2 4 -5 -6
leaf_value=0.00069599412132100198 0.0089843672338490426 -0.0046068592800334847 -0.0012046662240052877 -0.0016306658591590984 -0.0032816901782815999
leaf_weight=3.2786043006926802 11.108501790091392 19.473867066204548 8.5850901491940022 0.25458757020533163 0.4918097852496438
leaf_count=16 48 42 58 14 32
internal_value=0 -0.0312251 -0.0356101 0.0874654 -0.013172
internal_weight=0 31.8294 28.5508 11.3631 9.0769
internal_count=210 148 132 62 90
shrinkage=0.1


Tree=42
num_leaves=6
num_cat=0
split_feature=0 0 0 0 0
split_gain=0.125724 0.00655987 0.00363039 0.00262859 0.00011929
threshold=0.35000000000000003 0.15000000000000005 1.0000000180025095e-35 0.45000000000000007 0.25000000000000006
decision_type=2 2 2 2 2
left_child=1 2 -1 -2 -3
right_child=3 4 -4 -5 -6
leaf_value=-0.0011222968733942448 0.009191329981906686 -0.00085421865805762566 -0.0046500372807594939 -0.0012672471114724365 -0.0024728820904368807
leaf_weight=3.4296487923711565 11.252409755252298 8.5428481069393456 19.521922141313553 0.24555789446458295 0.48092407139483923
leaf_count=16 48 58 42 14 32
internal_value=0 -0.0322478 -0.0412289 0.0896797 -0.00940486
internal_weight=0 31.9753 22.9516 11.498 9.02377
internal_count=210 148 58 62 90
shrinkage=0.1


Tree=43
num_leaves=6
num_cat=0
split_feature=0 0 0 0 0
split_gain=0.141961 0.0107264 0.00242367 3.85797e-05 2.93326e-05
threshold=0.35000000000000003 0.15000000000000005 0.45000000000000007 0.25000000000000006 1.0000000180025095e-35
decision_type=2 2 2 2 2
left_child=1 4 -2 -3 -1
right_child=2 3 -4 -5 -6
leaf_value=-0.0043124097330557607 0.0096132058907714441 -0.00044663781974198187 -0.00073102516201299357 -0.0013804888575603071 -0.0046183311561261335
leaf_weight=3.7351057622581747 11.514287773519751 8.4898157229181344 0.23104999260976988 0.46670705359429199 19.482549071311951
leaf_count=16 48 58 14 32 42
internal_value=0 -0.0343506 0.0940972 -0.00495299 -0.0456912
internal_weight=0 32.1742 11.7453 8.95652 23.2177
internal_count=210 148 62 90 58
shrinkage=0.1


Tree=44
num_leaves=6
num_cat=0
split_feature=0 0 0 0 0
split_gain=0.628339 0.0091386 0.00889372 0.000121049 3.83545e-05
threshold=1.0000000180025095e-35 0.15000000000000005 0.35000000000000003 0.45000000000000007 0.25000000000000006
decision_type=2 2 2 2 2
left_child=-1 -2 4 -4 -3
right_child=1 2 3 -5 -6
leaf_value=0.042650251704437224 -0.0048818140027360084 0.00059126145765590052 -0.0035241328282345943 -0.005935282600259547 -0.00035681052986008131
leaf_weight=3.2057970352470866 19.464338086545467 8.400969091570003 12.842103131115435 0.21164711192250327 0.4495448905508973
leaf_count=16 42 58 48 14 32
internal_value=0 -0.0330511 -0.0190404 -0.0356323 0.00543106
internal_weight=0 41.3686 21.9043 13.0538 8.85051
internal_count=210 194 152 62 90
shrinkage=0.1


Tree=45
num_leaves=6
num_cat=0
split_feature=0 0 0 0 0
split_gain=0.155221 0.0173925 0.0063379 0.00127952 5.15101e-05
threshold=0.35000000000000003 0.15000000000000005 1.0000000180025095e-35 0.45000000000000007 0.25000000000000006
decision_type=2 2 2 2 2
left_child=1 2 -1 -2 -3
right_child=3 4 -4 -5 -6
leaf_value=-0.0011819374467177662 0.010253479742964901 0.00040577468608802642 -0.0055399228166095951 0.0027031372219959819 -0.00069276379654553341
leaf_weight=3.9903175309300449 11.112510233186182 8.3964292563032323 20.386609457433224 0.22907308116555289 0.44969749171286894
leaf_count=16 48 58 42 14 32
internal_value=0 -0.0344824 -0.0482655 0.10101 0.0034993
internal_weight=0 33.2231 24.3769 11.3416 8.84613
internal_count=210 148 58 62 90
shrinkage=0.1


Tree=46
num_leaves=6
num_cat=0
split_feature=0 0 0 0 0
split_gain=0.175218 0.0240559 0.0022732 0.00129585 7.64302e-06
threshold=0.35000000000000003 0.15000000000000005 1.0000000180025095e-35 0.45000000000000007 0.25000000000000006
decision_type=2 2 2 2 2
left_child=1 2 -1 -2 -3
right_child=3 4 -4 -5 -6
leaf_value=-0.0031113465550183022 0.010759476190084371 0.0008821456688974617 -0.0056667829899471958 0.0029419152871340793 0.00044766041117616848
leaf_weight=4.1845565885305431 11.356405323371288 8.3149308941792661 20.704967275261879 0.21607110416516737 0.42559232166968369
leaf_count=16 48 58 42 14 32
internal_value=0 -0.0365223 -0.0523715 0.106135 0.0086099
internal_weight=0 33.63 24.8895 11.5725 8.74052
internal_count=210 148 58 62 90
shrinkage=0.1


Tree=47
num_leaves=6
num_cat=0
split_feature=0 0 0 0 0
split_gain=0.193109 0.0320424 0.00142331 1.15761e-05 2.02993e-07
threshold=0.35000000000000003 0.15000000000000005 0.45000000000000007 0.25000000000000006 1.0000000180025095e-35
decision_type=2 2 2 2 2
left_child=1 4 -2 -3 -1
right_child=2 3 -4 -5 -6
leaf_value=-0.0056540782777189103 0.011008009117675365 0.0014034899563232204 0.00242935908850621 0.0019608927718353189 -0.0056303359368308466
leaf_weight=4.3413519635796574 11.873448336496946 8.1992960129864478 0.19660471472889263 0.39031927182804871 21.119043588638306
leaf_count=16 48 58 14 32 42
internal_value=0 -0.0385259 0.108683 0.0142882 -0.0563438
internal_weight=0 34.05 12.0701 8.58962 25.4604
internal_count=210 148 62 90 58
shrinkage=0.1


Tree=48
num_leaves=6
num_cat=0
split_feature=0 0 0 0 0
split_gain=0.123491 0.0473412 0.00109059 0.000714863 9.96506e-05
threshold=1.0000000180025095e-35 0.15000000000000005 0.35000000000000003 0.45000000000000007 0.25000000000000006
decision_type=2 2 2 2 2
left_child=-1 -2 4 -4 -3
right_child=1 2 3 -5 -6
leaf_value=0.016032074333590936 -0.0049514654679329757 0.0024690710755426587 0.0011691701926531441 -0.0055565913938919465 0.0042337367535349862
leaf_weight=4.3678395599126807 21.470487616956234 7.9776258580386639 13.740093763917683 0.15986877726391036 0.33337643183767784
leaf_count=16 42 58 48 14 32
internal_value=0 -0.0160309 0.0163365 0.0109181 0.0253986
internal_weight=0 43.6815 22.211 13.9 8.311
internal_count=210 194 152 62 90
shrinkage=0.1


Tree=49
num_leaves=6
num_cat=0
split_feature=0 0 0 0 0
split_gain=2.51014 0.159638 0.0130871 0.00055241 0.000143157
threshold=1.0000000180025095e-35 0.35000000000000003 0.15000000000000005 0.45000000000000007 0.25000000000000006
decision_type=2 2 2 2 2
left_child=-1 2 -2 -3 -4
right_child=1 3 4 -5 -6
leaf_value=-0.045907807647767723 0.0083981452276770657 0.020494920573589412 0.0034416593602813982 0.014559605206741913 0.0056580141682102056
leaf_weight=9.5261897891759855 16.744472518563271 12.953386895358559 7.9037814890034515 0.15873159328475672 0.30258635932113964
leaf_count=16 42 48 58 14 32
internal_value=0 0.114896 0.0679483 0.204231 0.0352338
internal_weight=0 38.063 24.9508 13.1121 8.20637
internal_count=210 194 132 62 90
shrinkage=0.1


Tree=50
num_leaves=6
num_cat=0
split_feature=0 0 0 0 0
split_gain=11.0472 1.45373 0.037617 0.0347881 0.0066275
threshold=0.15000000000000005 0.35000000000000003 0.45000000000000007 1.0000000180025095e-35 0.25000000000000006
decision_type=2 2 2 2 2
left_child=3 4 -3 -1 -2
right_child=1 2 -4 -5 -6
leaf_value=0.083103817062853191 0.003709485597784615 -0.045441044063609631 0.0062911187651697748 0.068940201296539258 -0.012444420168525618
leaf_weight=1.9995369911193821 8.1069929427467251 24.087578281760219 0.14138551568612356 13.06489023193717 0.26219117781147439
leaf_count=16 58 48 14 42 32
internal_value=0 -0.327278 -0.451392 0.708202 0.0320341
internal_weight=0 32.5981 24.229 15.0644 8.36918
internal_count=210 152 62 58 90
shrinkage=0.1


Tree=51
num_leaves=6
num_cat=0
split_feature=0 0 0 0 0
split_gain=0.11831 0.011442 0.0142377 0.00111797 4.95896e-05
threshold=0.35000000000000003 1.0000000180025095e-35 0.15000000000000005 0.45000000000000007 0.25000000000000006
decision_type=2 2 2 2 2
left_child=1 -1 -3 -2 -4
right_child=3 2 4 -5 -6
leaf_value=0.0022734765133359271 0.0091077657976461838 -0.0052035077145467399 -0.00034716358516018278 0.0023436501777308592 -0.0013851272610474364
leaf_weight=3.5981306396424761 10.762928302865472 19.827145338058472 8.4905715298373252 0.25002426840365011 0.48666693118866611
leaf_count=16 48 42 58 14 32
internal_value=0 -0.0304335 -0.0370751 0.089542 -0.00403433
internal_weight=0 32.4025 28.8044 11.013 8.97724
internal_count=210 148 132 62 90
shrinkage=0.1


Tree=52
num_leaves=6
num_cat=0
split_feature=0 0 0 0 0
split_gain=0.128807 0.0120757 0.0130221 0.000974365 2.1249e-05
threshold=0.35000000000000003 0.15000000000000005 1.0000000180025095e-35 0.45000000000000007 0.25000000000000006
decision_type=2 2 2 2 2
left_child=1 2 -1 -2 -3
right_child=3 4 -4 -5 -6
leaf_value=0.0010346686740177909 0.0094831622658868662 2.409172338669184e-05 -0.0053462614335174595 0.0030884176818851009 -0.00066255185008172761
leaf_weight=3.8069630227983025 10.793663673102852 8.446429642150175 20.002302922308445 0.24365204386413172 0.47609104658477086
leaf_count=16 48 58 42 14 32
internal_value=0 -0.0315017 -0.0432599 0.09342 -0.000125464
internal_weight=0 32.7318 23.8093 11.0373 8.92252
internal_count=210 148 58 62 90
shrinkage=0.1


Tree=53
num_leaves=6
num_cat=0
split_feature=0 0 0 0 0
split_gain=0.143766 0.0165542 0.00831638 0.000867008 3.44041e-06
threshold=0.35000000000000003 0.15000000000000005 1.0000000180025095e-35 0.45000000000000007 0.25000000000000006
decision_type=2 2 2 2 2
left_child=1 2 -1 -2 -3
right_child=3 4 -4 -5 -6
leaf_value=-0.00051106146637626632 0.0099897441147705855 0.00041579126429406991 -0.0054779304085283819 0.0038635499061861842 0.00013574453877516286
leaf_weight=4.0456832870841053 10.845959370955821 8.3951644294429535 20.216777421534061 0.23604341456666664 0.46286823193077081
leaf_count=16 48 58 42 14 32
internal_value=0 -0.0329887 -0.0464972 0.0985926 0.00401158
internal_weight=0 33.1205 24.2625 11.082 8.85803
internal_count=210 148 58 62 90
shrinkage=0.1


Tree=54
num_leaves=6
num_cat=0
split_feature=0 0 0 0 0
split_gain=0.163941 0.0222721 0.003865 0.000829228 1.82301e-06
threshold=0.35000000000000003 0.15000000000000005 1.0000000180025095e-35 0.45000000000000007 0.25000000000000006
decision_type=2 2 2 2 2
left_child=1 2 -1 -2 -3
right_child=3 4 -4 -5 -6
leaf_value=-0.0022988435561334744 0.010614523766489761 0.00082276962285172278 -0.0055999978201876251 0.0045056221708790357 0.0010303293303280032
leaf_weight=4.2895206585526493 10.947850666940209 8.3343704831786418 20.479239046573639 0.2268052310682841 0.44579340016935098
leaf_count=16 48 58 42 14 32
internal_value=0 -0.0349424 -0.050283 0.104905 0.00833308
internal_weight=0 33.5489 24.7688 11.1747 8.78016
internal_count=210 148 58 62 90
shrinkage=0.1


Tree=55
num_leaves=6
num_cat=0
split_feature=0 0 0 0 0
split_gain=0.188343 0.0292264 0.000926926 0.000909383 2.73014e-05
threshold=0.35000000000000003 0.15000000000000005 1.0000000180025095e-35 0.45000000000000007 0.25000000000000006
decision_type=2 2 2 2 2
left_child=1 2 -1 -2 -3
right_child=3 4 -4 -5 -6
leaf_value=-0.004144399107971714 0.01126017288554893 0.0012366617218735254 -0.0057290668027068642 0.0046941536736866511 0.0020607006917415923
leaf_weight=4.487425938248637 11.162231362424787 8.2588755660690332 20.803468972444534 0.21499475231394247 0.42263273580465538
leaf_count=16 48 58 42 14 32
internal_value=0 -0.0372943 -0.054479 0.111361 0.0127678
internal_weight=0 33.9724 25.2909 11.3772 8.68151
internal_count=210 148 58 62 90
shrinkage=0.1


Tree=56
num_leaves=6
num_cat=0
split_feature=0 0 0 0 0
split_gain=0.209989 0.0370128 0.00114047 0.00010984 2.10007e-05
threshold=0.35000000000000003 0.15000000000000005 0.45000000000000007 0.25000000000000006 1.0000000180025095e-35
decision_type=2 2 2 2 2
left_child=1 4 -2 -3 -1
right_child=2 3 -4 -5 -6
leaf_value=-0.0060394042656999082 0.011615925023701779 0.0016704996857702537 0.0039560361655552505 0.003391320732785549 -0.0058034076387822563
leaf_weight=4.5851007029414204 11.637040350586172 8.1529476358555222 0.19767638109624464 0.38860890059731978 21.229443088173866
leaf_count=16 48 58 14 32 42
internal_value=0 -0.0395729 0.11488 0.0174879 -0.0584532
internal_weight=0 34.3561 11.8347 8.54156 25.8145
internal_count=210 148 62 90 58
shrinkage=0.1


Tree=57
num_leaves=6
num_cat=0
split_feature=0 0 0 0 0
split_gain=0.205787 0.033559 0.00729566 0.00136294 0.000388061
threshold=0.15000000000000005 0.35000000000000003 1.0000000180025095e-35 0.45000000000000007 0.25000000000000006
decision_type=2 2 2 2 2
left_child=2 4 -1 -3 -2
right_child=1 3 -4 -5 -6
leaf_value=-0.0094981449325051339 0.0021980824646162796 0.010590293252054732 -0.0051281218758289148 0.0014462388549538344 0.0056867576339627128
leaf_weight=4.6312268599867847 7.9643975796643645 12.864420995116232 21.817697174847126 0.16509645478800017 0.33214177459012706
leaf_count=16 58 48 42 14 32
internal_value=0 0.0730899 -0.0589332 0.104744 0.0233775
internal_weight=0 21.3261 26.4489 13.0295 8.29654
internal_count=210 152 58 62 90
shrinkage=0.1


Tree=58
num_leaves=6
num_cat=0
split_feature=0 0 0 0 0
split_gain=13.5831 1.80891 0.0477728 0.0436023 0.00369818
threshold=0.15000000000000005 0.35000000000000003 1.0000000180025095e-35 0.45000000000000007 0.25000000000000006
decision_type=2 2 2 2 2
left_child=2 4 -1 -3 -2
right_child=1 3 -4 -5 -6
leaf_value=0.084678814147334525 0.0039969570419989232 -0.051081498880163348 0.070853539442739241 0.0084480838607101198 -0.0087285852060294961
leaf_weight=3.0592483244836339 7.8788565340219048 24.61169990897179 13.657267369329929 0.12365757883526284 0.23518486344255496
leaf_count=16 58 48 42 14 32
internal_value=0 -0.373437 0.733837 -0.507839 0.0362811
internal_weight=0 32.8494 16.7165 24.7354 8.11404
internal_count=210 152 58 62 90
shrinkage=0.1


Tree=59
num_leaves=6
num_cat=0
split_feature=0 0 0 0 0
split_gain=5.57153 0.456388 0.0864996 0.0021759 9.6026e-05
threshold=1.0000000180025095e-35 0.15000000000000005 0.35000000000000003 0.45000000000000007 0.25000000000000006
decision_type=2 2 2 2 2
left_child=-1 -2 4 -4 -3
right_child=1 2 3 -5 -6
leaf_value=-0.065209353873242101 0.031689063008463324 0.0013055718716865532 0.014671344543281194 0.024727929824659083 0.0027663739452841811
leaf_weight=10.142230957746504 15.655750699341295 8.3354414396453631 10.061606877483426 0.21984974644146937 0.47567276551853938
leaf_count=16 42 58 48 14 32
internal_value=0 0.190331 0.0865531 0.148864 0.0138443
internal_weight=0 34.7483 19.0926 10.2815 8.81111
internal_count=210 194 152 62 90
shrinkage=0.1


Tree=60
num_leaves=6
num_cat=0
split_feature=0 0 0 0 0
split_gain=0.0969539 0.00844858 0.00913362 0.00230563 8.8806e-07
threshold=0.35000000000000003 1.0000000180025095e-35 0.15000000000000005 0.45000000000000007 0.25000000000000006
decision_type=2 2 2 2 2
left_child=1 -1 -3 -2 -4
right_child=3 2 4 -5 -6
leaf_value=0.002126935955483922 0.0082142201577266854 -0.0046166143285318066 -0.00075299867685487245 -0.0012518845194564258 -0.00089035382578350622
leaf_weight=3.077770413830879 10.928431231062856 19.306920751929283 8.5109126418828964 0.26350825605914074 0.49826630845200343
leaf_count=16 48 42 58 14 32
internal_value=0 -0.0284892 -0.0338977 0.0799135 -0.00760595
internal_weight=0 31.3939 28.3161 11.1919 9.00918
internal_count=210 148 132 62 90
shrinkage=0.1


Tree=61
num_leaves=6
num_cat=0
split_feature=0 0 0 0 0
split_gain=0.100441 0.00701628 0.00954208 0.00219113 4.35455e-07
threshold=0.35000000000000003 0.15000000000000005 1.0000000180025095e-35 0.45000000000000007 0.25000000000000006
decision_type=2 2 2 2 2
left_child=1 2 -1 -2 -3
right_child=3 4 -4 -5 -6
leaf_value=0.0012598218657335191 0.0083223215269425197 -0.00053932574039073928 -0.0046712384017434149 -0.00099286942148418367 -0.00044253543691199365
leaf_weight=3.1545185893774059 10.996425339020785 8.486231466755271 19.360778704285622 0.2584478869102903 0.49174881947692561
leaf_count=16 48 58 42 14 32
internal_value=0 -0.0289773 -0.0384026 0.0810841 -0.00534024
internal_weight=0 31.4933 22.5153 11.2549 8.97798
internal_count=210 148 58 62 90
shrinkage=0.1


Tree=62
num_leaves=6
num_cat=0
split_feature=0 0 0 0 0
split_gain=0.105668 0.00890534 0.0064174 0.00209479 6.27969e-06
threshold=0.35000000000000003 0.15000000000000005 1.0000000180025095e-35 0.45000000000000007 0.25000000000000006
decision_type=2 2 2 2 2
left_child=1 2 -1 -2 -3
right_child=3 4 -4 -5 -6
leaf_value=8.277294623992192e-05 0.0084851212007106339 -0.00031909671299918454 -0.0047148037895378943 -0.00073063070418147183 5.1268407102200398e-05
leaf_weight=3.2558517381548908 11.089969204738733 8.4586636009626091 19.4092016518116 0.25225917017087418 0.48399726243224073
leaf_count=16 48 58 42 14 32
internal_value=0 -0.0297128 -0.0402563 0.0828016 -0.00299052
internal_weight=0 31.6077 22.6651 11.3422 8.94266
internal_count=210 148 58 62 90
shrinkage=0.1


Tree=63
num_leaves=6
num_cat=0
split_feature=0 0 0 0 0
split_gain=0.114118 0.0114856 0.0026839 0.0020063 2.3749e-05
threshold=0.35000000000000003 0.15000000000000005 1.0000000180025095e-35 0.45000000000000007 0.25000000000000006
decision_type=2 2 2 2 2
left_child=1 2 -1 -2 -3
right_child=3 4 -4 -5 -6
leaf_value=-0.001689502229408878 0.0087417190228605678 -8.0753557045941469e-05 -0.0047306951786315991 -0.00042639954708640612 0.0006463571784904123
leaf_weight=3.4112412892282036 11.230749246664342 8.4262562377844006 19.433709427714348 0.2438737587071963 0.47449997963849527
leaf_count=16 48 58 42 14 32
internal_value=0 -0.030893 -0.0427658 0.0854687 -0.000419912
internal_weight=0 31.7457 22.845 11.4746 8.90076
internal_count=210 148 58 62 90
shrinkage=0.1


Tree=64
num_leaves=6
num_cat=0
split_feature=0 0 0 0 0
split_gain=0.131274 0.01591 0.00186366 7.65795e-05 1.00823e-05
threshold=0.35000000000000003 0.15000000000000005 0.45000000000000007 0.25000000000000006 1.0000000180025095e-35
decision_type=2 2 2 2 2
left_child=1 4 -2 -3 -1
right_child=2 3 -4 -5 -6
leaf_value=-0.0048529120575154065 0.0092299601415344323 0.00021578206735388598 0.00013145989150805182 0.0015382014545863973 -0.0046735820595832298
leaf_weight=3.7410676013678339 11.491410111077126 8.3834501190576702 0.22962582530453879 0.46203286550007838 19.355623155832291
leaf_count=16 48 58 14 32 42
internal_value=0 -0.0332149 0.0905171 0.00284857 -0.0470263
internal_weight=0 31.9422 11.721 8.84548 23.0967
internal_count=210 148 62 90 58
shrinkage=0.1


Tree=65
num_leaves=6
num_cat=0
split_feature=0 0 0 0 0
split_gain=0.653884 0.00947402 0.0130953 6.74812e-05 2.73156e-05
threshold=1.0000000180025095e-35 0.15000000000000005 0.35000000000000003 0.25000000000000006 0.45000000000000007
decision_type=2 2 2 2 2
left_child=-1 -2 3 -3 -4
right_child=1 2 4 -5 -6
leaf_value=0.044189263395324523 -0.0049544299701382169 0.001010000589622822 -0.0039093492645983661 0.0022704942812327273 -0.005052165232614687
leaf_weight=3.1129564680159083 19.362832620739937 8.3139159425627422 12.781298367306588 0.4475836163619541 0.2126295114867397
leaf_count=16 42 58 48 32 14
internal_value=0 -0.0334546 -0.0191343 0.0107439 -0.0392805
internal_weight=0 41.1183 21.7554 8.7615 12.9939
internal_count=210 194 152 90 62
shrinkage=0.1


Tree=66
num_leaves=6
num_cat=0
split_feature=0 0 0 0 0
split_gain=0.133487 0.0195323 0.00784389 0.00110903 3.6237e-05
threshold=0.35000000000000003 0.15000000000000005 1.0000000180025095e-35 0.45000000000000007 0.25000000000000006
decision_type=2 2 2 2 2
left_child=1 2 -1 -2 -3
right_child=3 4 -4 -5 -6
leaf_value=-0.0005350293013431153 0.0095004024878528361 0.00075449780631846623 -0.0054965072931314231 0.0025241356585258179 0.0016763396934029993
leaf_weight=3.7834488078951862 11.094970109872516 8.3197417675983125 20.194707050919533 0.23265417059883556 0.4494587823282935
leaf_count=16 48 58 42 14 32
internal_value=0 -0.0323672 -0.0471365 0.0935712 0.00801746
internal_weight=0 32.7474 23.9782 11.3276 8.7692
internal_count=210 148 58 62 90
shrinkage=0.1


Tree=67
num_leaves=6
num_cat=0
split_feature=0 0 0 0 0
split_gain=0.149627 0.0246247 0.00396188 0.00112077 8.22204e-05
threshold=0.35000000000000003 0.15000000000000005 1.0000000180025095e-35 0.45000000000000007 0.25000000000000006
decision_type=2 2 2 2 2
left_child=1 2 -1 -2 -3
right_child=3 4 -4 -5 -6
leaf_value=-0.0021464212051805483 0.0099606807438798167 0.0010855849692077762 -0.0056041629177329367 0.0027870812741493671 0.0025037549094362129
leaf_weight=3.9546733722090748 11.285229385830458 8.2582044119480962 20.445694915950298 0.22207880765199736 0.43010329199023617
leaf_count=16 48 58 42 14 32
internal_value=0 -0.034159 -0.0504375 0.0982224 0.0115579
internal_weight=0 33.0887 24.4004 11.5073 8.68831
internal_count=210 148 58 62 90
shrinkage=0.1


Tree=68
num_leaves=6
num_cat=0
split_feature=0 0 0 0 0
split_gain=0.168254 0.0289082 0.00172042 0.00120811 0.000572773
threshold=0.25000000000000006 0.15000000000000005 0.35000000000000003 0.45000000000000007 1.0000000180025095e-35
decision_type=2 2 2 2 2
left_child=1 4 -2 -4 -1
right_child=2 -3 3 -5 -6
leaf_value=-0.0043282208615135929 0.0035861057075770621 0.001449141544132157 0.010363226623841149 0.0026573949261553681 -0.0056189279504061489
leaf_weight=4.1206244230270412 0.4031927085015895 8.1748099564574641 11.640995383262633 0.20707281073555428 20.759465403854847
leaf_count=16 32 58 48 14 42
internal_value=0 -0.0371002 0.100099 0.102285 -0.0540516
internal_weight=0 33.0549 12.2513 11.8481 24.8801
internal_count=210 116 94 62 58
shrinkage=0.1


Tree=69
num_leaves=6
num_cat=0
split_feature=0 0 0 0 0
split_gain=0.185671 0.0339401 0.00377521 0.00133172 0.00041212
threshold=0.15000000000000005 0.35000000000000003 1.0000000180025095e-35 0.45000000000000007 0.25000000000000006
decision_type=2 2 2 2 2
left_child=2 4 -1 -3 -2
right_child=1 3 -4 -5 -6
leaf_value=-0.0084232331002536791 0.0018826563437854393 0.010356517214311418 -0.0051911232028191215 0.001724004321873444 0.0053293587548194528
leaf_weight=4.3611183241009739 8.0453242361545545 12.439133550971745 21.090370766818523 0.1813111016526826 0.36254214541986657
leaf_count=16 58 48 42 14 32
internal_value=0 0.0695336 -0.0574495 0.102325 0.0203128
internal_weight=0 21.0283 25.4515 12.6204 8.40787
internal_count=210 152 58 62 90
shrinkage=0.1


Tree=70
num_leaves=6
num_cat=0
split_feature=0 0 0 0 0
split_gain=0.101877 0.0738044 0.00200676 0.000118506 0.000373349
threshold=1.0000000180025095e-35 0.15000000000000005 0.45000000000000007 0.25000000000000006 0.35000000000000003
decision_type=2 2 2 2 2
left_child=-1 -2 3 -3 -5
right_child=1 2 -4 4 -6
leaf_value=0.016899812735246229 -0.0053298865380381442 0.0025558554079679785 -0.0084597704116568858 0.0065217493710564099 0.0029649875471509982
leaf_weight=3.320771485567092 22.296297088265419 7.8159282254055187 0.15744434297084708 0.3013877539196973 14.201189413666725
leaf_count=16 42 58 14 32 48
internal_value=0 -0.0125346 0.0279038 0.0286974 0.030389
internal_weight=0 44.7722 22.4759 22.3185 14.5026
internal_count=210 194 152 138 80
shrinkage=0.1


Tree=71
num_leaves=6
num_cat=0
split_feature=0 0 0 0 0
split_gain=4.12989 4.56469 0.191242 0.0193466 0.00179461
threshold=1.0000000180025095e-35 0.15000000000000005 0.35000000000000003 0.45000000000000007 0.25000000000000006
decision_type=2 2 2 2 2
left_child=-1 -2 4 -4 -3
right_child=1 2 3 -5 -6
leaf_value=-0.055271780141863493 0.061319427471639265 0.0035575937712250881 -0.015464334680891768 0.026262459067898643 -0.005573763117211636
leaf_weight=10.684239670634268 13.789624296128748 7.7639853720320415 18.387993000447754 0.11179115367121896 0.22136439592577503
leaf_count=16 42 58 48 14 32
internal_value=0 0.146627 -0.0962936 -0.152122 0.0330446
internal_weight=0 40.2748 26.4851 18.4998 7.98535
internal_count=210 194 152 62 90
shrinkage=0.1


Tree=72
num_leaves=6
num_cat=0
split_feature=0 0 0 0 0
split_gain=0.292776 0.0473897 0.00175381 0.000818768 1.30897e-05
threshold=1.0000000180025095e-35 0.15000000000000005 0.45000000000000007 0.25000000000000006 0.35000000000000003
decision_type=2 2 2 2 2
left_child=-1 -2 3 -3 -5
right_child=1 2 -4 4 -6
leaf_value=0.035885141240040712 -0.005410687545197114 0.00069888355555160978 -0.0073199335783073194 0.0014445898802657817 0.0019898748618354723
leaf_weight=2.1603450942784539 19.780803427100182 8.3500406693201548 0.22944864677265189 0.45642848301213135 12.406782181933522
leaf_count=16 42 58 14 32 48
internal_value=0 -0.0188058 0.0137592 0.0146998 0.0197053
internal_weight=0 41.2235 21.4427 21.2133 12.8632
internal_count=210 194 152 138 80
shrinkage=0.1


Tree=73
num_leaves=6
num_cat=0
split_feature=0 0 0 0 0
split_gain=0.65514 0.00933137 0.0146332 8.80819e-05 1.26765e-06
threshold=1.0000000180025095e-35 0.15000000000000005 0.35000000000000003 0.25000000000000006 0.45000000000000007
decision_type=2 2 2 2 2
left_child=-1 -2 3 -3 -4
right_child=1 2 4 -5 -6
leaf_value=0.043869895570025019 -0.0049680180101152353 0.0011425890425007087 -0.0040708589168605173 0.0025866647074143782 -0.0043190152178881735
leaf_weight=3.161116298288106 19.374540396034718 8.2889350722543877 12.808903641067444 0.44506242265924889 0.20921062584966496
leaf_count=16 42 58 48 32 14
internal_value=0 -0.0337197 -0.0195037 0.0121618 -0.0407485
internal_weight=0 41.1267 21.7521 8.734 13.0181
internal_count=210 194 152 90 62
shrinkage=0.1


Tree=74
num_leaves=6
num_cat=0
split_feature=0 0 0 0 0
split_gain=0.136303 0.0213701 0.00713479 0.000878384 5.07514e-05
threshold=0.35000000000000003 0.15000000000000005 1.0000000180025095e-35 0.45000000000000007 0.25000000000000006
decision_type=2 2 2 2 2
left_child=1 2 -1 -2 -3
right_child=3 4 -4 -5 -6
leaf_value=-0.00085171986132749036 0.0095876936519275861 0.00091725608301925984 -0.0055494063772396811 0.0033336646287343654 0.0020111356565424413
leaf_weight=3.8474495410919216 11.093478675000366 8.292781119467687 20.246060378849506 0.2292168568819769 0.44700157945044416
leaf_count=16 48 58 42 14 32
internal_value=0 -0.0326269 -0.0479924 0.0946109 0.00973203
internal_weight=0 32.8333 24.0935 11.3227 8.73978
internal_count=210 148 58 62 90
shrinkage=0.1


Tree=75
num_leaves=6
num_cat=0
split_feature=0 0 0 0 0
split_gain=0.153732 0.026683 0.00333194 0.000915678 0.000106257
threshold=0.35000000000000003 0.15000000000000005 1.0000000180025095e-35 0.45000000000000007 0.25000000000000006
decision_type=2 2 2 2 2
left_child=1 2 -1 -2 -3
right_child=3 4 -4 -5 -6
leaf_value=-0.0025066462857527942 0.010081067710107479 0.0012398218872805818 -0.0056541535109983637 0.0035447350043081947 0.002858204367326029
leaf_weight=4.0229527726769474 11.294215718284246 8.2295244510751182 20.510737717151642 0.2184716989286252 0.42672852415125895
leaf_count=16 48 58 42 14 32
internal_value=0 -0.0345382 -0.0513804 0.0995703 0.013196
internal_weight=0 33.1899 24.5337 11.5127 8.65625
internal_count=210 148 58 62 90
shrinkage=0.1


Tree=76
num_leaves=6
num_cat=0
split_feature=0 0 0 0 0
split_gain=0.173382 0.0309088 0.00156648 0.00102928 0.000300653
threshold=0.25000000000000006 0.15000000000000005 0.35000000000000003 0.45000000000000007 1.0000000180025095e-35
decision_type=2 2 2 2 2
left_child=1 4 -2 -4 -1
right_child=2 -3 3 -5 -6
leaf_value=-0.0047254403941765638 0.0039814236265027139 0.0015938879659707702 0.010480080467659003 0.0032972401898219111 -0.0056542622071598381
leaf_weight=4.184597626328471 0.39824427140410712 8.1425174742471409 11.679646600037811 0.20296688051894385 20.844900354743004
leaf_count=16 32 58 48 14 42
internal_value=0 -0.0375794 0.101506 0.103574 -0.0549898
internal_weight=0 33.172 12.2809 11.8826 25.0295
internal_count=210 116 94 62 58
shrinkage=0.1


Tree=77
num_leaves=6
num_cat=0
split_feature=0 0 0 0 0
split_gain=0.19071 0.0326331 0.00553681 0.00116963 0.000497122
threshold=0.15000000000000005 0.35000000000000003 1.0000000180025095e-35 0.45000000000000007 0.25000000000000006
decision_type=2 2 2 2 2
left_child=2 4 -1 -3 -2
right_child=1 3 -4 -5 -6
leaf_value=-0.0090158908276091101 0.0020197366621586589 0.010334987601796448 -0.0051267029900819222 0.0021154159083800238 0.0058464169621234461
leaf_weight=4.4245507419109371 8.0035958713851851 12.574554819613693 21.197991028428078 0.17553774127736765 0.35452087933663362
leaf_count=16 58 48 42 14 32
internal_value=0 0.0703835 -0.057983 0.102218 0.0218205
internal_weight=0 21.1082 25.6225 12.7501 8.35812
internal_count=210 152 58 62 90
shrinkage=0.1


Tree=78
num_leaves=6
num_cat=0
split_feature=0 0 0 0 0
split_gain=0.0932909 0.069253 0.0020161 3.2326e-05 0.000509932
threshold=1.0000000180025095e-35 0.15000000000000005 0.45000000000000007 0.25000000000000006 0.35000000000000003
decision_type=2 2 2 2 2
left_child=-1 -2 3 -3 -5
right_child=1 2 -4 4 -6
leaf_value=0.016433331080873952 -0.0050856446163935962 0.0026456224838020772 -0.0087949432004898048 0.0070671864672567607 0.0028150593223404616
leaf_weight=3.2249494865536681 22.616736046969891 7.7488411148078784 0.1506743710488071 0.28762783179990847 14.499136351048946
leaf_count=16 42 58 14 32 48
internal_value=0 -0.0116983 0.0273399 0.0281107 0.0289777
internal_weight=0 45.303 22.6863 22.5356 14.7868
internal_count=210 194 152 138 80
shrinkage=0.1


Tree=79
num_leaves=6
num_cat=0
split_feature=0 0 0 0 0
split_gain=14.4735 1.97869 0.0565616 0.0103737 0.00233753
threshold=0.15000000000000005 0.35000000000000003 0.45000000000000007 1.0000000180025095e-35 0.25000000000000006
decision_type=2 2 2 2 2
left_child=3 4 -3 -1 -2
right_child=1 2 -4 -5 -6
leaf_value=0.069011443249224633 0.0041433329305807527 -0.053481932997491016 0.019872857444981656 0.074569027227086124 -0.006007346996543231
leaf_weight=4.516763862222434 7.8299378892406803 24.711372740566734 0.10556400706991452 13.098833426833153 0.23363431560574088
leaf_count=16 58 48 14 42 32
internal_value=0 -0.391866 -0.531699 0.73144 0.0384923
internal_weight=0 32.8805 24.8169 17.6156 8.06357
internal_count=210 152 62 58 90
shrinkage=0.1


Tree=80
num_leaves=6
num_cat=0
split_feature=0 0 0 0 0
split_gain=0.145688 0.0205442 0.00232433 3.7303e-05 5.86546e-09
threshold=0.35000000000000003 0.15000000000000005 1.0000000180025095e-35 0.25000000000000006 0.45000000000000007
decision_type=2 2 2 2 2
left_child=1 2 -1 -3 -2
right_child=4 3 -4 -5 -6
leaf_value=-0.0064869605388314204 0.010332515536493059 0.00095978621629017123 -0.0041128896492289499 0.0018621249908600008 0.010348538385692094
leaf_weight=5.1782486438751247 10.219527621287849 8.3147078391630167 20.254346631467342 0.48486257670447303 0.23369070235639888
leaf_count=16 48 58 42 32 14
internal_value=0 -0.0315527 -0.0459627 0.0100951 0.103329
internal_weight=0 34.2322 25.4326 8.79957 10.4532
internal_count=210 148 58 90 62
shrinkage=0.1


Tree=81
num_leaves=6
num_cat=0
split_feature=0 0 0 0 0
split_gain=0.146013 0.0216068 6.81787e-05 4.13082e-05 1.38632e-06
threshold=0.35000000000000003 0.15000000000000005 0.45000000000000007 0.25000000000000006 1.0000000180025095e-35
decision_type=2 2 2 2 2
left_child=1 4 -2 -3 -1
right_child=2 3 -4 -5 -6
leaf_value=-0.0047386068235657428 0.010287386979859755 0.0010177542753186243 0.0085670130713190462 0.0019735985008547284 -0.0046793146217365064
leaf_weight=4.8968694359064129 10.357616235502061 8.3074617770034784 0.2355976980179556 0.47815201885532665 20.252004727721214
leaf_count=16 48 58 14 32 42
internal_value=0 -0.0319944 0.102491 0.0106978 -0.0469086
internal_weight=0 33.9345 10.5932 8.78561 25.1489
internal_count=210 148 62 90 58
shrinkage=0.1


Tree=82
num_leaves=6
num_cat=0
split_feature=0 0 0 0 0
split_gain=0.15524 0.024321 0.000158867 6.17656e-05 1.13648e-07
threshold=0.35000000000000003 0.15000000000000005 0.45000000000000007 0.25000000000000006 1.0000000180025095e-35
decision_type=2 2 2 2 2
left_child=1 4 -2 -3 -1
right_child=2 3 -4 -5 -6
leaf_value=-0.0048664354314956991 0.010573012934599573 0.0011744796573818139 0.0079360440716906774 0.0023547081265022536 -0.0048834258978448578
leaf_weight=4.8808358088135746 10.448690448887643 8.2830805291887337 0.23357451753690919 0.46849975537043137 20.355999395251274
leaf_count=16 48 58 14 32 42
internal_value=0 -0.0330488 0.105154 0.0123766 -0.0488014
internal_weight=0 33.9884 10.6823 8.75158 25.2368
internal_count=210 148 62 90 58
shrinkage=0.1


Tree=83
num_leaves=6
num_cat=0
split_feature=0 0 0 0 0
split_gain=0.167438 0.0276696 0.000297861 9.15103e-05 1.39609e-09
threshold=0.35000000000000003 0.15000000000000005 0.45000000000000007 0.25000000000000006 1.0000000180025095e-35
decision_type=2 2 2 2 2
left_child=1 4 -2 -3 -1
right_child=2 3 -4 -5 -6
leaf_value=-0.0051109524383650511 0.01092613891208849 0.0013477638061744287 0.0072891679594079056 0.0028028329242808085 -0.0051090687473001675
leaf_weight=4.8694930747151401 10.571788287721571 8.2517192184459383 0.2300828914158054 0.45610851899255145 20.492557264864445
leaf_count=16 48 58 14 32 42
internal_value=0 -0.0343957 0.108487 0.0142398 -0.0510943
internal_weight=0 34.0699 10.8019 8.70783 25.3621
internal_count=210 148 62 90 58
shrinkage=0.1


Tree=84
num_leaves=6
num_cat=0
split_feature=0 0 0 0 0
split_gain=0.183037 0.0318299 0.000506201 0.000136763 3.31715e-06
threshold=0.35000000000000003 0.15000000000000005 0.45000000000000007 0.25000000000000006 1.0000000180025095e-35
decision_type=2 2 2 2 2
left_child=1 4 -2 -3 -1
right_child=2 3 -4 -5 -6
leaf_value=-0.0054592865519287612 0.011332046521994444 0.0015423209096165197 0.0065337302845369406 0.0033526714937288844 -0.0053674059184070089
leaf_weight=4.8513071686029461 10.753079117275771 8.2098122667521203 0.22444872464984733 0.43964246648829514 20.675228662788868
leaf_count=16 48 58 14 32 42
internal_value=0 -0.0360841 0.112339 0.0163434 -0.0538487
internal_weight=0 34.176 10.9775 8.64945 25.5265
internal_count=210 148 62 90 58
shrinkage=0.1


Tree=85
num_leaves=6
num_cat=0
split_feature=0 0 0 0 0
split_gain=0.202223 0.0346006 0.00227617 0.000812009 4.41025e-05
threshold=0.25000000000000006 0.15000000000000005 0.35000000000000003 0.45000000000000007 1.0000000180025095e-35
decision_type=2 2 2 2 2
left_child=1 4 -2 -4 -1
right_child=2 -3 3 -5 -6
leaf_value=-0.0059797835800389663 0.0040900644081148718 0.0017692608962069296 0.01173577625523933 0.0055333291501820283 -0.0056441688400234368
leaf_weight=4.8163127973675754 0.41659421916119482 8.1497002136893553 11.046387095004318 0.2151856953278192 20.933268897235394
leaf_count=16 32 58 48 14 42
internal_value=0 -0.039096 0.113487 0.116173 -0.0570694
internal_weight=0 33.8993 11.6782 11.2616 25.7496
internal_count=210 116 94 62 58
shrinkage=0.1


Tree=86
num_leaves=6
num_cat=0
split_feature=0 0 0 0 0
split_gain=0.219884 0.040081 0.00157148 0.00122596 0.000485229
threshold=0.25000000000000006 0.15000000000000005 0.35000000000000003 0.45000000000000007 1.0000000180025095e-35
decision_type=2 2 2 2 2
left_child=1 4 -2 -4 -1
right_child=2 -3 3 -5 -6
leaf_value=-0.0069346300577898872 0.0052234131080280341 0.002050461198562596 0.011875270919810246 0.0039562838305876522 -0.005816902337320371
leaf_weight=4.7488083466887501 0.38183229556306919 8.0534725629258883 11.594745572656391 0.19884883286431507 21.326479330658913
leaf_count=16 32 58 48 14 42
internal_value=0 -0.0411594 0.115373 0.117418 -0.0602046
internal_weight=0 34.1288 12.1754 11.7936 26.0753
internal_count=210 116 94 62 58
shrinkage=0.1


Tree=87
num_leaves=6
num_cat=0
split_feature=0 0 0 0 0
split_gain=0.210638 0.0309729 0.00866374 0.00151289 0.000302518
threshold=0.15000000000000005 0.25000000000000006 1.0000000180025095e-35 0.45000000000000007 0.35000000000000003
decision_type=2 2 2 2 2
left_child=2 -2 -1 4 -3
right_child=1 3 -4 -5 -6
leaf_value=-0.0098322485236419302 0.002433870810778508 0.0074328400596767215 -0.0050951826616277831 0.00082653434084825617 0.010530576608702076
leaf_weight=4.6854905486106899 7.8673440821003178 0.32313393277581504 21.937904462218285 0.16522295773029405 12.9299779497087
leaf_count=16 58 32 42 14 48
internal_value=0 0.0741562 -0.0592887 0.103365 0.10455
internal_weight=0 21.2857 26.6234 13.4183 13.2531
internal_count=210 152 58 94 80
shrinkage=0.1


Tree=88
num_leaves=6
num_cat=0
split_feature=0 0 0 0 0
split_gain=12.8218 1.71551 0.0484724 0.042116 0.00289488
threshold=0.15000000000000005 0.35000000000000003 1.0000000180025095e-35 0.45000000000000007 0.25000000000000006
decision_type=2 2 2 2 2
left_child=2 4 -1 -3 -2
right_child=1 3 -4 -5 -6
leaf_value=0.08292999043256466 0.0038647385226409391 -0.049840347134531324 0.069113656647553381 0.0075858101457181764 -0.0073169668225035907
leaf_weight=3.1327304244041452 7.8633455516537634 24.394429087638859 13.404172711074352 0.12838294077664514 0.23855846840888248
leaf_count=16 58 48 42 14 32
internal_value=0 -0.363592 0.71731 -0.495397 0.035355
internal_weight=0 32.6247 16.5369 24.5228 8.1019
internal_count=210 152 58 62 90
shrinkage=0.1


Tree=89
num_leaves=6
num_cat=0
split_feature=0 0 0 0 0
split_gain=5.25752 0.398564 0.0756936 0.00191563 0.000229879
threshold=1.0000000180025095e-35 0.15000000000000005 0.35000000000000003 0.45000000000000007 0.25000000000000006
decision_type=2 2 2 2 2
left_child=-1 -2 4 -4 -3
right_child=1 2 3 -5 -6
leaf_value=-0.063745526906561809 0.030361065015091854 0.001808624253211254 0.014376200744194705 0.02372163620783712 0.0040739144402620149
leaf_weight=10.030936196446417 15.544431403279303 8.2577261184342188 10.106876622885464 0.2242029453627773 0.47366856900043858
leaf_count=16 42 58 48 14 32
internal_value=0 0.184769 0.0878594 0.14579 0.0193151
internal_weight=0 34.6069 19.0625 10.3311 8.73139
internal_count=210 194 152 62 90
shrinkage=0.1


Tree=90
num_leaves=6
num_cat=0
split_feature=0 0 0 0 0
split_gain=0.0904505 0.00997934 0.0102588 0.00241542 1.8733e-05
threshold=0.35000000000000003 0.15000000000000005 1.0000000180025095e-35 0.45000000000000007 0.25000000000000006
decision_type=2 2 2 2 2
left_child=1 2 -1 -2 -3
right_child=3 4 -4 -5 -6
leaf_value=0.0014551969684230631 0.0079386611397579045 4.0665466591430997e-05 -0.0047374638518810361 -0.0016953601213245341 0.00067380165423862911
leaf_weight=3.1045735981315401 10.942777948454019 8.4085892289876938 19.337803080677986 0.26658225106075484 0.49481784307863641
leaf_count=16 48 58 42 14 32
internal_value=0 -0.0275696 -0.038808 0.0770954 0.000758528
internal_weight=0 31.3458 22.4424 11.2094 8.90341
internal_count=210 148 58 62 90
shrinkage=0.1


Tree=91
num_leaves=6
num_cat=0
split_feature=0 0 0 0 0
split_gain=0.0949327 0.0116471 0.00775271 0.00230868 3.3816e-05
threshold=0.35000000000000003 0.15000000000000005 1.0000000180025095e-35 0.45000000000000007 0.25000000000000006
decision_type=2 2 2 2 2
left_child=1 2 -1 -2 -3
right_child=3 4 -4 -5 -6
leaf_value=0.00054136548826052124 0.0080904309175201302 0.000199406458506219 -0.0047806917394944857 -0.0014250526977501905 0.0010558053780735357
leaf_weight=3.1870355661958483 11.019382069353011 8.3867638427764177 19.388908624649048 0.26101694535464126 0.48789578245487136
leaf_count=16 48 58 42 14 32
internal_value=0 -0.0282282 -0.0402938 0.0787025 0.00246488
internal_weight=0 31.4506 22.5759 11.2804 8.87466
internal_count=210 148 58 62 90
shrinkage=0.1


Tree=92
num_leaves=6
num_cat=0
split_feature=0 0 0 0 0
split_gain=0.101389 0.0137582 0.00464512 0.00221784 5.79127e-05
threshold=0.35000000000000003 0.15000000000000005 1.0000000180025095e-35 0.45000000000000007 0.25000000000000006
decision_type=2 2 2 2 2
left_child=1 2 -1 -2 -3
right_child=3 4 -4 -5 -6
leaf_value=-0.00075009758774332853 0.0083032146966198934 0.00036896153300889105 -0.0048079977555386564 -0.0011456565879171838 0.0014988740465125834
leaf_weight=3.3000397291034487 11.126462267711755 8.3614119461271912 19.43073183298111 0.25408289209008295 0.47963181161321777
leaf_count=16 48 58 42 14 32
internal_value=0 -0.0291698 -0.0421887 0.0809226 0.0043026
internal_weight=0 31.5718 22.7308 11.3805 8.84104
internal_count=210 148 58 62 90
shrinkage=0.1


Tree=93
num_leaves=6
num_cat=0
split_feature=0 0 0 0 0
split_gain=0.111958 0.0167758 0.00212396 0.00118544 0.000102216
threshold=0.35000000000000003 0.15000000000000005 0.45000000000000007 1.0000000180025095e-35 0.25000000000000006
decision_type=2 2 2 2 2
left_child=1 3 -2 -1 -3
right_child=2 4 -4 -5 -6
leaf_value=-0.002795389849671545 0.0086345968606741461 0.00056256561549153925 -0.00079072495903288699 -0.0047975919807064392 0.0020792575723550359
leaf_weight=3.4877496734261539 11.294243187643584 8.3301786412484944 0.24425698816776356 19.434870652854443 0.46938575839158231
leaf_count=16 48 58 14 42 32
internal_value=0 -0.0306814 0.0843507 -0.0449295 0.00643469
internal_weight=0 31.7222 11.5385 22.9226 8.79956
internal_count=210 148 62 58 90
shrinkage=0.1


Tree=94
num_leaves=6
num_cat=0
split_feature=0 0 0 0 0
split_gain=0.136333 0.0210572 0.00179232 0.00167866 0.00141527
threshold=0.25000000000000006 0.15000000000000005 0.45000000000000007 0.35000000000000003 1.0000000180025095e-35
decision_type=2 2 2 2 2
left_child=1 4 3 -2 -1
right_child=2 -3 -4 -5 -6
leaf_value=-0.0067514729349453561 0.0031228295051731608 0.00084009544843261874 7.4906934083338839e-05 0.0093121001732590931 -0.0046777253733874735
leaf_weight=3.9693649504333761 0.45533976482692651 8.2847188839223254 0.22517177136614999 11.649312506429851 19.257036246359348
leaf_count=16 32 58 14 48 42
internal_value=0 -0.0348824 0.0891484 0.0907928 -0.0503213
internal_weight=0 31.5111 12.3298 12.1047 23.2264
internal_count=210 116 94 80 58
shrinkage=0.1


Tree=95
num_leaves=6
num_cat=0
split_feature=0 0 0 0 0
split_gain=0.478319 0.024071 0.00521586 0.000473666 0.000138121
threshold=1.0000000180025095e-35 0.15000000000000005 0.35000000000000003 0.45000000000000007 0.25000000000000006
decision_type=2 2 2 2 2
left_child=-1 -2 4 -4 -3
right_child=1 2 3 -5 -6
leaf_value=0.039695892262639358 -0.005270602838488507 0.0013722444108497552 -0.0016268130844691272 -0.0063106333043269755 0.0031861800829487267
leaf_weight=2.8397080898284903 19.625797525048256 8.2357165431603772 12.668658134527503 0.21965282550081688 0.44232021714560765
leaf_count=16 42 58 48 14 32
internal_value=0 -0.0273656 -0.0043053 -0.0170664 0.014647
internal_weight=0 41.1921 21.5663 12.8883 8.67804
internal_count=210 194 152 62 90
shrinkage=0.1


Tree=96
num_leaves=6
num_cat=0
split_feature=0 0 0 0 0
split_gain=0.1291 0.0223603 0.00443528 0.00158093 0.00141835
threshold=0.25000000000000006 0.15000000000000005 1.0000000180025095e-35 0.35000000000000003 0.45000000000000007
decision_type=2 2 2 2 2
left_child=1 2 -1 -2 -5
right_child=3 -3 -4 4 -6
leaf_value=-0.001673271898426378 0.0029824987566247881 0.0011940581887667071 -0.0054343741576996542 0.0092502721108611817 0.0013387998013003736
leaf_weight=3.7119293026626137 0.43977854866534194 8.2277814578264934 20.186433382332325 11.293295223265885 0.2312440453097232
leaf_count=16 32 58 42 48 14
internal_value=0 -0.0330221 -0.0485019 0.0886697 0.0909153
internal_weight=0 32.1261 23.8984 11.9643 11.5245
internal_count=210 116 58 94 62
shrinkage=0.1


Tree=97
num_leaves=6
num_cat=0
split_feature=0 0 0 0 0
split_gain=0.145186 0.0268277 0.00139801 0.0013529 0.000838791
threshold=0.25000000000000006 0.15000000000000005 0.45000000000000007 0.35000000000000003 1.0000000180025095e-35
decision_type=2 2 2 2 2
left_child=1 4 3 -2 -1
right_child=2 -3 -4 -5 -6
leaf_value=-0.0038194681571189042 0.0038419927539232769 0.0014587179482671959 0.0013513266695175728 0.0096331410917894628 -0.0054241643855827979
leaf_weight=3.8764182738959816 0.4179484923370137 8.1642021373845619 0.21801074454560956 11.588799654506147 20.397661447525024
leaf_count=16 32 58 14 48 42
internal_value=0 -0.0350009 0.0928746 0.0943155 -0.051679
internal_weight=0 32.4383 12.2248 12.0067 24.2741
internal_count=210 116 94 80 58
shrinkage=0.1


Tree=98
num_leaves=6
num_cat=0
split_feature=0 0 0 0 0
split_gain=0.17043 0.0316278 0.00315354 0.00153343 0.000442317
threshold=0.15000000000000005 0.35000000000000003 1.0000000180025095e-35 0.45000000000000007 0.25000000000000006
decision_type=2 2 2 2 2
left_child=2 4 -1 -3 -2
right_child=1 3 -4 -5 -6
leaf_value=-0.008108174299785947 0.0017864035904381168 0.010017101674734239 -0.0051020895982413356 0.001085205991151884 0.0052485873721062363
leaf_weight=4.204141583293679 8.0707177752628905 12.20045756921172 20.537525229156017 0.19528656825423321 0.38668613741174418
leaf_count=16 58 48 42 14 32
internal_value=0 0.0665953 -0.0561289 0.0987639 0.019447
internal_weight=0 20.8531 24.7417 12.3957 8.4574
internal_count=210 152 58 62 90
shrinkage=0.1


Tree=99
num_leaves=6
num_cat=0
split_feature=0 0 0 0 0
split_gain=0.163352 0.0695146 0.0016951 7.31159e-06 0.000422316
threshold=1.0000000180025095e-35 0.15000000000000005 0.45000000000000007 0.25000000000000006 0.35000000000000003
decision_type=2 2 2 2 2
left_child=-1 -2 3 -3 -5
right_child=1 2 -4 4 -6
leaf_value=0.021668590505876745 -0.0056853208971229686 0.0023323833472063808 -0.0073441205816607187 0.0059091185049644987 0.0023645995175755555
leaf_weight=3.2370650283992282 21.335430674254894 7.9292227539699569 0.17967144632711907 0.34471911448053921 13.509594252333045
leaf_count=16 42 58 14 32 48
internal_value=0 -0.0161997 0.0232918 0.0240896 0.0245279
internal_weight=0 43.2986 21.9632 21.7835 13.8543
internal_count=210 194 152 138 80
shrinkage=0.1


end of trees

feature importances:
geographical=500

parameters:
[boosting: gbdt]
[objective: lambdarank]
[metric: ndcg]
[tree_learner: serial]
[device_type: cpu]
[data: ]
[valid: ]
[num_iterations: 100]
[learning_rate: 0.1]
[num_leaves: 16]
[num_threads: -1]
[max_depth: -1]
[min_data_in_leaf: 5]
[min_sum_hessian_in_leaf: 0.001]
[bagging_fraction: 1]
[pos_bagging_fraction: 1]
[neg_bagging_fraction: 1]
[bagging_freq: 0]
[bagging_seed: 3]
[feature_fraction: 1]
[feature_fraction_bynode: 1]
[feature_fraction_seed: 2]
[early_stopping_round: 0]
[first_metric_only: 0]
[max_delta_step: 0]
[lambda_l1: 0]
[lambda_l2: 0]
[min_gain_to_split: 0]
[drop_rate: 0.1]
[max_drop: 50]
[skip_drop: 0.5]
[xgboost_dart_mode: 0]
[uniform_drop: 0]
[drop_seed: 4]
[top_rate: 0.2]
[other_rate: 0.1]
[min_data_per_group: 100]
[max_cat_threshold: 32]
[cat_l2: 10]
[cat_smooth: 10]
[max_cat_to_onehot: 4]
[top_k: 20]
[monotone_constraints: ]
[feature_contri: ]
[forcedsplits_filename: ]
[forcedbins_filename: ]
[refit_decay_rate: 0.9]
[cegb_tradeoff: 1]
[cegb_penalty_split: 0]
[cegb_penalty_feature_lazy: ]
[cegb_penalty_feature_coupled: ]
[verbosity: -1]
[max_bin: 255]
[max_bin_by_feature: ]
[min_data_in_bin: 3]
[bin_construct_sample_cnt: 200000]
[histogram_pool_size: -1]
[data_random_seed: 1]
[output_model: LightGBM_model.txt]
[snapshot_freq: -1]
[input_model: ]
[output_result: LightGBM_predict_result.txt]
[initscore_filename: ]
[valid_data_initscores: ]
[pre_partition: 0]
[enable_bundle: 1]
[max_conflict_rate: 0]
[is_enable_sparse: 1]
[sparse_threshold: 0.8]
[use_missing: 1]
[zero_as_missing: 0]
[two_round: 0]
[save_binary: 0]
[header: 0]
[label_column: ]
[weight_column: ]
[group_column: ]
[ignore_column: ]
[categorical_feature: ]
[predict_raw_score: 0]
[predict_leaf_index: 0]
[predict_contrib: 0]
[num_iteration_predict: -1]
[pred_early_stop: 0]
[pred_early_stop_freq: 10]
[pred_early_stop_margin: 10]
[convert_model_language: ]
[convert_model: gbdt_prediction.cpp]
[num_class: 1]
[is_unbalance: 0]
[scale_pos_weight: 1]
[sigmoid: 1]
[boost_from_average: 1]
[reg_sqrt: 0]
[alpha: 0.9]
[fair_c: 1]
[poisson_max_delta_step: 0.7]
[tweedie_variance_power: 1.5]
[max_position: 20]
[lambdamart_norm: 1]
[label_gain: ]
[metric_freq: 1]
[is_provide_training_metric: 0]
[eval_at: 1]
[multi_error_top_k: 1]
[num_machines: 1]
[local_listen_port: 12400]
[time_out: 120]
[machine_list_filename: ]
[machines: ]
[gpu_platform_id: -1]
[gpu_device_id: -1]
[gpu_use_dp: 0]

end of parameters

pandas_categorical:null
