tree
version=v3
num_class=1
num_tree_per_iteration=1
label_index=0
max_feature_idx=0
objective=lambdarank
feature_names=geographical
feature_infos=[0:1]
tree_sizes=853 851 855 851 853 860 859 867 853 858 863 868 865 853 871 869 872 870 857 870 873 875 872 857 858 873 875 871 861 873 876 878 874 856 873 880 874 870 858 872 876 876 872 856 865 876 870 876 859 879 874 876 871 855 879 876 874 875 864 863 876 875 874 872 857 880 877 878 873 861 877 876 873 874 858 874 873 872 874 859 877 876 873 873 874 859 870 879 871 874 860 875 880 868 873 857 876 879 872 873

Tree=0
num_leaves=7
num_cat=0
split_feature=0 0 0 0 0 0
split_gain=2.59624 0.916751 0.125992 0.0900022 0.334363 0.00735342
threshold=0.75000000000000011 1.0000000180025095e-35 0.45000000000000007 0.15000000000000005 0.25000000000000006 0.35000000000000003
decision_type=2 2 2 2 2 2
left_child=1 -1 3 -3 -5 -6
right_child=-2 2 -4 4 5 -7
leaf_value=0.019924780516547697 0.04098622686903361 -0.036210746732757586 -0.11604641962807341 -0.11587411473910043 -0.055596013487007573 -0.044720908889479424
leaf_weight=1.7841853648424146 7.5935818655416369 1.3632787019014356 0.40684109367430199 0.99697708897292636 0.93751640617847443 1.8460708800703287
leaf_count=24 78 22 10 24 20 32
internal_value=0 -0.424319 -0.624755 -0.582384 -0.661816 -0.483837
internal_weight=0 7.33487 5.55068 5.14384 3.78056 2.78359
internal_count=210 132 108 98 76 52
shrinkage=0.1


Tree=1
num_leaves=7
num_cat=0
split_feature=0 0 0 0 0 0
split_gain=0.335133 0.578993 0.263365 0.0744768 0.158374 0.0571498
threshold=1.0000000180025095e-35 0.75000000000000011 0.45000000000000007 0.35000000000000003 0.15000000000000005 0.25000000000000006
decision_type=2 2 2 2 2 2
left_child=-1 2 3 4 -2 -6
right_child=1 -3 -4 -5 5 -7
leaf_value=0.021413587547011961 -0.0067392406208707156 0.0067777222521982622 -0.091607009836185693 -0.0069667791363530037 -0.046567213717032409 -0.024758159151085979
leaf_weight=6.171380288898944 3.5150051303207821 20.111152480356395 0.4955460820347079 4.5156019032001504 2.1924054771661758 2.6585904397070408
leaf_count=24 22 78 10 32 24 20
internal_value=0 -0.039462 -0.200685 -0.173165 -0.229028 -0.346148
internal_weight=0 33.4883 13.3771 12.8816 8.366 4.851
internal_count=210 186 108 98 66 44
shrinkage=0.1


Tree=2
num_leaves=7
num_cat=0
split_feature=0 0 0 0 0 0
split_gain=0.1539 0.157871 0.136655 0.0457503 0.0618585 0.0595626
threshold=1.0000000180025095e-35 0.75000000000000011 0.45000000000000007 0.35000000000000003 0.15000000000000005 0.25000000000000006
decision_type=2 2 2 2 2 2
left_child=-1 2 3 4 -2 -6
right_child=1 -3 -4 -5 5 -7
leaf_value=0.012818016540316685 -0.0046289683281311401 0.0022074580707955936 -0.08002649468340868 -0.0019448624820843988 -0.035450897934202599 -0.011705973880721497
leaf_weight=7.5948070734739295 3.1455791909247601 20.903052072040737 0.29067313298583108 3.9783931504935026 2.0384127488359809 2.1928644236177206
leaf_count=24 22 78 10 32 24 20
internal_value=0 -0.0299089 -0.123213 -0.105882 -0.152496 -0.231451
internal_weight=0 32.549 11.6459 11.3552 7.37686 4.23128
internal_count=210 186 108 98 66 44
shrinkage=0.1


Tree=3
num_leaves=7
num_cat=0
split_feature=0 0 0 0 0 0
split_gain=2.04146 0.240964 0.100298 0.110237 0.0906755 0.0470215
threshold=0.35000000000000003 1.0000000180025095e-35 0.75000000000000011 0.45000000000000007 0.15000000000000005 0.25000000000000006
decision_type=2 2 2 2 2 2
left_child=1 -1 3 -2 -3 -6
right_child=2 4 -4 -5 5 -7
leaf_value=-0.029886972918210922 0.013927949201857607 0.0062437046229409958 0.027469879759449502 -0.05593357860202345 -0.027892818279441945 -0.0061822225717791087
leaf_weight=13.350488528609278 3.9368622293695816 2.9813398709520689 14.781740549020469 0.23961284151300777 1.9534693211317062 2.0387183222919703
leaf_count=24 32 22 78 10 24 20
internal_value=0 -0.220174 0.236036 0.0991985 -0.0695157 -0.168057
internal_weight=0 20.324 18.9582 4.17648 6.97353 3.99219
internal_count=210 90 120 42 66 44
shrinkage=0.1


Tree=4
num_leaves=7
num_cat=0
split_feature=0 0 0 0 0 0
split_gain=0.439698 0.586992 0.0262132 0.0016386 0.00334136 0.00087355
threshold=0.15000000000000005 0.75000000000000011 0.45000000000000007 0.25000000000000006 0.35000000000000003 1.0000000180025095e-35
decision_type=2 2 2 2 2 2
left_child=5 2 3 -2 -5 -1
right_child=1 -3 -4 4 -6 -7
leaf_value=0.020462820211858898 -0.028749417246839611 0.0037079070591581847 -0.05986312209159031 -0.022034462046145273 -0.026904790752573505 0.018389751950354829
leaf_weight=5.4649636745452863 1.97625698428601 19.68633724283427 0.23779386933893043 1.9921833928674455 4.8092466481029987 3.2363783977925777
leaf_count=24 24 78 10 20 32 22
internal_value=0 -0.0596982 -0.271022 -0.262147 -0.254782 0.196918
internal_weight=0 28.7018 9.01548 8.77769 6.80143 8.70134
internal_count=210 164 86 76 52 46
shrinkage=0.1


Tree=5
num_leaves=7
num_cat=0
split_feature=0 0 0 0 0 0
split_gain=0.226313 0.124699 0.0419184 0.00995477 0.0437907 0.00131362
threshold=1.0000000180025095e-35 0.75000000000000011 0.45000000000000007 0.25000000000000006 0.15000000000000005 0.35000000000000003
decision_type=2 2 2 2 2 2
left_child=-1 2 3 4 -2 -5
right_child=1 -3 -4 5 -6 -7
leaf_value=0.018100218412834969 -0.0070750868545986501 0.00131628279122851 -0.055970345535824279 -0.010197690913215943 -0.026027307804266649 -0.0070182918470012611
leaf_weight=5.8263493552803984 3.2577536478638649 20.245793233625591 0.21131254080683071 1.9938311129808424 1.9482749691233034 3.7317360900342464
leaf_count=24 22 78 10 20 24 32
internal_value=0 -0.0335975 -0.118557 -0.11003 -0.141677 -0.0812546
internal_weight=0 31.3887 11.1429 10.9316 5.20603 5.72557
internal_count=210 186 108 98 46 52
shrinkage=0.1


Tree=6
num_leaves=7
num_cat=0
split_feature=0 0 0 0 0 0
split_gain=0.179662 0.0518208 0.0322785 0.0148601 0.038386 0.00219414
threshold=1.0000000180025095e-35 0.75000000000000011 0.45000000000000007 0.25000000000000006 0.15000000000000005 0.35000000000000003
decision_type=2 2 2 2 2 2
left_child=-1 2 3 4 -2 -5
right_child=1 -3 -4 5 -6 -7
leaf_value=0.01504031506892814 -0.0051048107439523281 -0.00022664450051074244 -0.050552041085084647 -0.007222080528063478 -0.02316736374174324 -0.0030467992789737202
leaf_weight=6.5626815706491461 3.056354895234108 20.553591991774738 0.18215149315074164 1.9435742627829313 1.9129679109901188 3.57133405841887
leaf_count=24 22 78 10 20 24 32
internal_value=0 -0.0316159 -0.0881709 -0.0809199 -0.120581 -0.0451826
internal_weight=0 31.22 10.6664 10.4842 4.96932 5.51491
internal_count=210 186 108 98 46 52
shrinkage=0.1


Tree=7
num_leaves=7
num_cat=0
split_feature=0 0 0 0 0 0
split_gain=0.0679095 0.0314341 0.0334163 0.00213731 0.0309042 0.00392869
threshold=1.0000000180025095e-35 0.25000000000000006 0.15000000000000005 0.45000000000000007 0.75000000000000011 0.35000000000000003
decision_type=2 2 2 2 2 2
left_child=-1 2 -2 5 -5 -3
right_child=1 3 -4 4 -6 -7
leaf_value=0.0081077015314158299 -0.0027685776602641167 -0.002644744611549192 -0.020035445482634986 -0.047030507950951143 -0.00092326746488959163 0.0030763796150518486
leaf_weight=8.183320499956606 2.7930935192853239 1.8742496958002473 1.8720046160742638 0.14637729618698614 21.159836213104427 3.3379213381558657
leaf_count=24 22 20 24 10 78 32
internal_value=0 -0.0212766 -0.096974 -0.00795998 -0.0124003 0.0101911
internal_weight=0 31.1835 4.6651 26.5184 21.3062 5.21217
internal_count=210 186 46 140 88 52
shrinkage=0.1


Tree=8
num_leaves=7
num_cat=0
split_feature=0 0 0 0 0 0
split_gain=2.0918 0.332794 0.0493944 0.0382558 0.0290044 0.0253809
threshold=1.0000000180025095e-35 0.35000000000000003 0.75000000000000011 0.15000000000000005 0.45000000000000007 0.25000000000000006
decision_type=2 2 2 2 2 2
left_child=-1 3 4 -2 -3 -5
right_child=1 2 -4 5 -6 -7
leaf_value=-0.031755876453472852 0.0065766769260804485 0.015419452535530615 0.026565663454175388 -0.017355478887548452 -0.028615543862313408 -0.00077056003076610862
leaf_weight=13.45531941950321 2.7089352291077402 3.441297075711192 14.844891245476902 1.8473907196894288 0.15637478628195811 1.8435798911377788
leaf_count=24 22 32 78 24 10 20
internal_value=0 0.171998 0.240179 -0.0244803 0.135054 -0.0907158
internal_weight=0 24.8425 18.4426 6.39991 3.59767 3.69097
internal_count=210 186 120 66 42 44
shrinkage=0.1


Tree=9
num_leaves=7
num_cat=0
split_feature=0 0 0 0 0 0
split_gain=0.213471 0.078654 0.0128129 0.00749284 0.0156934 0.00194484
threshold=1.0000000180025095e-35 0.75000000000000011 0.45000000000000007 0.15000000000000005 0.25000000000000006 0.35000000000000003
decision_type=2 2 2 2 2 2
left_child=-1 2 3 -2 -5 -6
right_child=1 -3 -4 4 5 -7
leaf_value=0.018118833774055272 -0.0056221983914780367 0.00046310768652681634 -0.037693788088018126 -0.019335565393565346 -0.006124918931824294 -0.010086393772063669
leaf_weight=5.5158375203609458 3.1679107286036015 20.051323215477169 0.16601202543824989 1.8774363957345483 1.8597547169774769 3.714513685554266
leaf_count=24 22 78 10 24 20 32
internal_value=0 -0.0324093 -0.10127 -0.096961 -0.11428 -0.0876472
internal_weight=0 30.837 10.7856 10.6196 7.4517 5.57427
internal_count=210 186 108 98 76 52
shrinkage=0.1


Tree=10
num_leaves=7
num_cat=0
split_feature=0 0 0 0 0 0
split_gain=0.194026 0.0391297 0.0109592 0.0041312 0.0200721 0.000294979
threshold=1.0000000180025095e-35 0.75000000000000011 0.45000000000000007 0.15000000000000005 0.25000000000000006 0.35000000000000003
decision_type=2 2 2 2 2 2
left_child=-1 2 3 -2 -5 -6
right_child=1 -3 -4 4 5 -7
leaf_value=0.016563131606057529 -0.0046590091196196974 -0.00062576788254347098 -0.034604689522911826 -0.018007842179183761 -0.0049540846380628258 -0.0065074306295790606
leaf_weight=5.9289260804653159 3.041688097640872 20.24315247964114 0.15429152362048704 1.86159195844084 1.8561334703117607 3.5812817607074976
leaf_count=24 22 78 10 24 20 32
internal_value=0 -0.0319478 -0.0815 -0.0775527 -0.0904556 -0.0597718
internal_weight=0 30.7381 10.495 10.3407 7.29901 5.43742
internal_count=210 186 108 98 76 52
shrinkage=0.1


Tree=11
num_leaves=7
num_cat=0
split_feature=0 0 0 0 0 0
split_gain=0.154092 0.0176997 0.018692 0.00152044 0.0118721 3.29583e-05
threshold=1.0000000180025095e-35 0.25000000000000006 0.15000000000000005 0.75000000000000011 0.45000000000000007 0.35000000000000003
decision_type=2 2 2 2 2 2
left_child=-1 2 -2 4 5 -3
right_child=1 3 -4 -5 -6 -7
leaf_value=0.013727834273596915 -0.0036126077523180762 -0.0030463012382720899 -0.016495065992857487 -0.0015812068500611486 -0.03228630047237193 -0.0025217619171077153
leaf_weight=6.7101245820522299 2.8980319947004345 1.8364787111058856 1.8423198685050008 20.541193346492946 0.13924172706902016 3.4447458107024431
leaf_count=24 22 20 24 78 10 32
internal_value=0 -0.0300031 -0.0861933 -0.0197433 -0.0346407 -0.0270416
internal_weight=0 30.702 4.74035 25.9617 5.42047 5.28122
internal_count=210 186 46 140 62 52
shrinkage=0.1


Tree=12
num_leaves=7
num_cat=0
split_feature=0 0 0 0 0 0
split_gain=0.0463323 0.015128 0.0163713 0.00789972 0.0101343 0.0011312
threshold=1.0000000180025095e-35 0.25000000000000006 0.15000000000000005 0.45000000000000007 0.75000000000000011 0.35000000000000003
decision_type=2 2 2 2 2 2
left_child=-1 2 -2 5 -5 -3
right_child=1 3 -4 4 -6 -7
leaf_value=0.0065636049333014923 -0.0021897187971601506 0.000671391669770878 -0.01449380605169541 -0.031350278841648156 -0.0015643036365517709 0.0038057494728364187
leaf_weight=8.4405065253376943 2.6748246196657446 1.7909080218523765 1.8152882852591572 0.11484764493070798 21.164043287746608 3.2247324222698808
leaf_count=24 22 20 24 10 78 32
internal_value=0 -0.017996 -0.0716408 -0.00883551 -0.0172507 0.0268658
internal_weight=0 30.7846 4.49011 26.2945 21.2789 5.01564
internal_count=210 186 46 140 88 52
shrinkage=0.1


Tree=13
num_leaves=7
num_cat=0
split_feature=0 0 0 0 0 0
split_gain=2.1948 0.296875 0.0461872 0.019153 0.0184612 0.0116127
threshold=1.0000000180025095e-35 0.75000000000000011 0.35000000000000003 0.15000000000000005 0.25000000000000006 0.45000000000000007
decision_type=2 2 2 2 2 2
left_child=-1 2 3 -2 -5 -4
right_child=1 -3 5 4 -6 -7
leaf_value=-0.032411051083883341 0.0055168095180159783 0.026719651734538937 0.014558477990644983 -0.012831198434763281 0.0015312899078427616 -0.015726202473963707
leaf_weight=13.485628932714461 2.6515546375885606 14.812514620833099 3.3747602710500364 1.8015316473320127 1.7784320535138249 0.13155108736827958
leaf_count=24 22 78 32 24 20 10
internal_value=0 0.178036 0.04241 -0.00925038 -0.0569629 0.134222
internal_weight=0 24.5503 9.73783 6.23152 3.57996 3.50631
internal_count=210 186 108 66 44 42
shrinkage=0.1


Tree=14
num_leaves=7
num_cat=0
split_feature=0 0 0 0 0 0
split_gain=0.192631 0.0362282 0.0063151 0.00721687 0.00419554 0.00257284
threshold=1.0000000180025095e-35 0.75000000000000011 0.15000000000000005 0.25000000000000006 0.45000000000000007 0.35000000000000003
decision_type=2 2 2 2 2 2
left_child=-1 2 -2 -4 5 -5
right_child=1 -3 3 4 -6 -7
leaf_value=0.017156045530708829 -0.0040607539243317052 -0.00061649860730770504 -0.014897142875333377 -0.0041333354238833348 -0.024727938861306795 -0.0087494167061233172
leaf_weight=5.5389938279986373 3.0798088889569062 19.994124750606716 1.8305557770654557 1.8025186229497192 0.14048270089551795 3.6574074476957321
leaf_count=24 22 78 24 20 10 32
internal_value=0 -0.0311515 -0.078682 -0.0944622 -0.0766452 -0.0722548
internal_weight=0 30.5049 10.5108 7.43096 5.60041 5.45993
internal_count=210 186 108 86 62 52
shrinkage=0.1


Tree=15
num_leaves=7
num_cat=0
split_feature=0 0 0 0 0 0
split_gain=0.179797 0.0162024 0.00377001 0.0027205 0.0116066 0.000802198
threshold=1.0000000180025095e-35 0.75000000000000011 0.45000000000000007 0.15000000000000005 0.25000000000000006 0.35000000000000003
decision_type=2 2 2 2 2 2
left_child=-1 2 3 -2 -5 -6
right_child=1 -3 -4 4 5 -7
leaf_value=0.015895894779063051 -0.0035787920631835824 -0.0014625411470271612 -0.023064560798336475 -0.014073798201704289 -0.0031126546306257811 -0.0057036463892767876
leaf_weight=5.9520650133490554 2.9706051498651505 20.185205857269466 0.13307553622871715 1.8204401731491087 1.8057154696434734 3.5328436847776175
leaf_count=24 22 78 10 24 20 32
internal_value=0 -0.0310739 -0.0634256 -0.0612288 -0.0717854 -0.0482727
internal_weight=0 30.4479 10.2627 10.1296 7.159 5.33856
internal_count=210 186 108 98 76 52
shrinkage=0.1


Tree=16
num_leaves=7
num_cat=0
split_feature=0 0 0 0 0 0
split_gain=0.14475 0.00863014 0.0111435 0.000110346 8.64307e-05 0.00468988
threshold=1.0000000180025095e-35 0.25000000000000006 0.15000000000000005 0.35000000000000003 0.75000000000000011 0.45000000000000007
decision_type=2 2 2 2 2 2
left_child=-1 2 -2 -3 5 -5
right_child=1 3 -4 4 -6 -7
leaf_value=0.013279864493986352 -0.0029967731895388585 -0.0014605332007093506 -0.013038420185344604 -0.0020404659963652971 -0.0021950380375303181 -0.02198097211071896
leaf_weight=6.7233694717288008 2.8456565989181426 1.7929245010018373 1.8068071836605666 3.4064372945576937 20.475654463283718 0.12217816291376936
leaf_count=24 22 20 24 32 78 10
internal_value=0 -0.0293223 -0.068965 -0.0221729 -0.0227381 -0.0273091
internal_weight=0 30.4497 4.65246 25.7972 24.0043 3.52862
internal_count=210 186 46 140 120 42
shrinkage=0.1


Tree=17
num_leaves=7
num_cat=0
split_feature=0 0 0 0 0 0
split_gain=0.0440733 0.00935437 0.0111091 0.00916324 0.00415432 0.000506823
threshold=1.0000000180025095e-35 0.25000000000000006 0.45000000000000007 0.15000000000000005 0.75000000000000011 0.35000000000000003
decision_type=2 2 2 2 2 2
left_child=-1 3 5 -2 -4 -3
right_child=1 2 4 -5 -6 -7
leaf_value=0.0064079934198829824 -0.0022787558447756678 0.0018515279688478496 -0.022118441170449036 -0.011545974963053745 -0.0019432865383333744 0.0039659419366338501
leaf_weight=8.4162616878747922 2.6500514298677471 1.754629766568544 0.10255926125683146 1.7860764279030261 21.074808369390666 3.2031739326193929
leaf_count=24 22 20 10 24 78 32
internal_value=0 -0.0176412 -0.0104344 -0.0600993 -0.0204099 0.0321762
internal_weight=0 30.5713 26.1352 4.43613 21.1774 4.9578
internal_count=210 186 140 46 88 52
shrinkage=0.1


Tree=18
num_leaves=7
num_cat=0
split_feature=0 0 0 0 0 0
split_gain=2.27258 0.293247 0.0405564 0.0107518 0.014364 0.00576229
threshold=1.0000000180025095e-35 0.75000000000000011 0.35000000000000003 0.15000000000000005 0.25000000000000006 0.45000000000000007
decision_type=2 2 2 2 2 2
left_child=-1 2 3 -2 -5 -4
right_child=1 -3 5 4 -6 -7
leaf_value=-0.032926702412950211 0.0045687976733741224 0.027042461829624678 0.01402264498982899 -0.010195958666123394 0.0025888380017497288 -0.0083172072239746497
leaf_weight=13.501759774982927 2.6509913927875459 14.785928721539676 3.3654997525736694 1.7748609366826713 1.7406648346222937 0.11956258316058654
leaf_count=24 22 78 32 24 20 10
internal_value=0 0.181921 0.0463349 -0.00239725 -0.0386574 0.132562
internal_weight=0 24.4375 9.65158 6.16652 3.51553 3.48506
internal_count=210 186 108 66 44 42
shrinkage=0.1


Tree=19
num_leaves=7
num_cat=0
split_feature=0 0 0 0 0 0
split_gain=0.180701 0.0195339 0.00566987 0.00402862 0.00276717 0.00100999
threshold=1.0000000180025095e-35 0.75000000000000011 0.15000000000000005 0.25000000000000006 0.35000000000000003 0.45000000000000007
decision_type=2 2 2 2 2 2
left_child=-1 2 -2 -4 -5 -6
right_child=1 -3 3 4 5 -7
leaf_value=0.016612993297955386 -0.0029350294748232866 -0.001185397277237162 -0.012137153567652182 -0.0034072151677689887 -0.0079022056828097677 -0.016953287685611704
leaf_weight=5.5378178283572188 3.1097848191857356 19.877626578323543 1.8013990293256936 1.7527266591787336 3.7093156762421136 0.12752567697316397
leaf_count=24 22 78 24 20 32 10
internal_value=0 -0.0302846 -0.0651733 -0.080246 -0.0669921 -0.0820304
internal_weight=0 30.3784 10.5008 7.39097 5.58957 3.83684
internal_count=210 186 108 86 62 42
shrinkage=0.1


Tree=20
num_leaves=7
num_cat=0
split_feature=0 0 0 0 0 0
split_gain=0.171327 0.00737096 0.00234479 0.00690776 0.00165083 0.000971145
threshold=1.0000000180025095e-35 0.75000000000000011 0.15000000000000005 0.25000000000000006 0.45000000000000007 0.35000000000000003
decision_type=2 2 2 2 2 2
left_child=-1 2 -2 -4 5 -5
right_child=1 -3 3 4 -6 -7
leaf_value=0.015518802015827058 -0.0028697337283222746 -0.0019334319063842493 -0.01158485590103236 -0.0022504867343298702 -0.015929448641849895 -0.0051192402564256799
leaf_weight=5.9469707980751982 2.9755213763564843 20.094575400464237 1.7944959215819833 1.7667896747589109 0.12204544758424152 3.5532906372100115
leaf_count=24 22 78 24 20 10 32
internal_value=0 -0.0304519 -0.0523282 -0.0620447 -0.0443033 -0.0416653
internal_weight=0 30.3067 10.2121 7.23662 5.44213 5.32008
internal_count=210 186 108 86 62 52
shrinkage=0.1


Tree=21
num_leaves=7
num_cat=0
split_feature=0 0 0 0 0 0
split_gain=0.140361 0.00464925 0.00725291 0.000666854 0.00187521 0.00011938
threshold=1.0000000180025095e-35 0.25000000000000006 0.15000000000000005 0.45000000000000007 0.75000000000000011 0.35000000000000003
decision_type=2 2 2 2 2 2
left_child=-1 2 -2 5 -5 -3
right_child=1 3 -4 4 -6 -7
leaf_value=0.013103319514448188 -0.0026808685984978293 -0.00068507823749757563 -0.010809786217100381 -0.015459123288307612 -0.0025528877915113346 -0.0016985828039032991
leaf_weight=6.6959992051124564 2.8527966039255288 1.7593799661844993 1.7839940283447502 0.11320253391750412 20.383212680928409 3.4239616747945547
leaf_count=24 22 20 24 10 78 32
internal_value=0 -0.0289412 -0.0580845 -0.0236791 -0.0262417 -0.0135457
internal_weight=0 30.3165 4.63679 25.6798 20.4964 5.18334
internal_count=210 186 46 140 88 52
shrinkage=0.1


Tree=22
num_leaves=7
num_cat=0
split_feature=0 0 0 0 0 0
split_gain=0.0465531 0.00677231 0.0130542 0.00517766 0.00185702 0.000312642
threshold=1.0000000180025095e-35 0.25000000000000006 0.45000000000000007 0.15000000000000005 0.75000000000000011 0.35000000000000003
decision_type=2 2 2 2 2 2
left_child=-1 3 5 -2 -4 -3
right_child=1 2 4 -5 -6 -7
leaf_value=0.006630583045009868 -0.0026462619408769766 0.0023320368200295421 -0.016129284772769897 -0.0096192898600678135 -0.0022183307643265648 0.0039989845521350266
leaf_weight=8.3173074573278409 2.6796698495745686 1.7243353314697767 0.096404565032574108 1.7670500143431125 20.94993011187762 3.2377901617437601
leaf_count=24 22 20 10 24 78 32
internal_value=0 -0.0181081 -0.0119422 -0.0541722 -0.0228205 0.0341972
internal_weight=0 30.4552 26.0085 4.44672 21.0463 4.96213
internal_count=210 186 140 46 88 52
shrinkage=0.1


Tree=23
num_leaves=7
num_cat=0
split_feature=0 0 0 0 0 0
split_gain=2.32614 0.305067 0.0363761 0.00619106 0.0111412 0.0030931
threshold=1.0000000180025095e-35 0.75000000000000011 0.35000000000000003 0.15000000000000005 0.25000000000000006 0.45000000000000007
decision_type=2 2 2 2 2 2
left_child=-1 2 3 -2 -5 -4
right_child=1 -3 5 4 -6 -7
leaf_value=-0.033323302296865698 0.0035797508156070116 0.027471754917208459 0.013251993571792834 -0.0083768662433679735 0.0029868863745062973 -0.0035992216397805706
leaf_weight=13.498121224343775 2.728624218609184 14.724125611595809 3.4399579851888125 1.756084710592404 1.6959798820316792 0.1124880154384299
leaf_count=24 22 78 32 24 20 10
internal_value=0 0.183913 0.0465466 0.000199019 -0.0279392 0.127184
internal_weight=0 24.4573 9.73313 6.18069 3.45206 3.55245
internal_count=210 186 108 66 44 42
shrinkage=0.1


Tree=24
num_leaves=7
num_cat=0
split_feature=0 0 0 0 0 0
split_gain=0.443601 0.145662 0.0352456 0.0294631 0.00213971 3.29874e-05
threshold=0.15000000000000005 0.75000000000000011 1.0000000180025095e-35 0.35000000000000003 0.45000000000000007 0.25000000000000006
decision_type=2 2 2 2 2 2
left_child=2 3 -1 5 -5 -2
right_child=1 -3 -4 4 -6 -7
leaf_value=0.015673687400627755 -0.010472346034982408 -0.0015061946774858066 0.029511846246553911 -0.023447510291842763 -0.0098745658806388276 -0.011085292854792116
leaf_weight=5.5560682974755746 1.7842681156471398 19.719530488364398 2.75230179913342 4.2469600699841976 0.11941222939640272 1.7286735624074936
leaf_count=24 24 78 22 32 10 20
internal_value=0 -0.0609843 0.202578 -0.175914 -0.230763 -0.10774
internal_weight=0 27.5988 8.30837 7.87931 4.36637 3.51294
internal_count=210 164 46 86 42 44
shrinkage=0.1


Tree=25
num_leaves=7
num_cat=0
split_feature=0 0 0 0 0 0
split_gain=0.160158 0.0039467 0.00567728 3.06058e-05 0.00087439 3.09641e-05
threshold=1.0000000180025095e-35 0.25000000000000006 0.15000000000000005 0.75000000000000011 0.45000000000000007 0.35000000000000003
decision_type=2 2 2 2 2 2
left_child=-1 2 -2 4 5 -3
right_child=1 3 -4 -5 -6 -7
leaf_value=0.01501660313276432 -0.0028789400331277492 -0.0021627197459800798 -0.010082171976582894 -0.0024212018327178244 -0.011262195102317185 -0.0026787542812046787
leaf_weight=5.9310155734419814 2.8396835457533625 1.7933373339474226 1.7800532840192316 20.193740050308406 0.11641649296507228 3.3070861492305994
leaf_count=24 22 20 24 78 10 32
internal_value=0 -0.0296579 -0.0565445 -0.0247698 -0.0269291 -0.0249731
internal_weight=0 30.0303 4.61974 25.4106 5.21684 5.10042
internal_count=210 186 46 140 62 52
shrinkage=0.1


Tree=26
num_leaves=7
num_cat=0
split_feature=0 0 0 0 0 0
split_gain=0.13601 0.00267032 0.00549138 0.0027954 0.000729438 5.24726e-05
threshold=1.0000000180025095e-35 0.25000000000000006 0.15000000000000005 0.45000000000000007 0.75000000000000011 0.35000000000000003
decision_type=2 2 2 2 2 2
left_child=-1 2 -2 5 -5 -3
right_child=1 3 -4 4 -6 -7
leaf_value=0.012967686813139048 -0.0022985608261290361 -0.00077829703922767174 -0.0094407157930710816 -0.011142366020826801 -0.0029343745970681445 -0.00010161999065097586
leaf_weight=6.6274785026907912 2.7449419973418143 1.7774296728894139 1.7711289757862685 0.1088481333572443 20.443510274402797 3.2255914015695453
leaf_count=24 22 20 24 10 78 32
internal_value=0 -0.0285796 -0.050996 -0.0246183 -0.0297785 -0.00342024
internal_weight=0 30.0715 4.51607 25.5554 20.5524 5.00302
internal_count=210 186 46 140 88 52
shrinkage=0.1


Tree=27
num_leaves=7
num_cat=0
split_feature=0 0 0 0 0 0
split_gain=0.0537407 0.0039839 0.0138205 0.00516507 0.000824215 0.000676377
threshold=1.0000000180025095e-35 0.45000000000000007 0.25000000000000006 0.15000000000000005 0.75000000000000011 0.35000000000000003
decision_type=2 2 2 2 2 2
left_child=-1 2 3 -2 -3 -4
right_child=1 4 5 -5 -6 -7
leaf_value=0.0072256420430072063 -0.0014459680377743919 -0.012023548102750666 0.0019174638904864167 -0.0084747229018870569 -0.0026563687576008168 0.0043832988637007245
leaf_weight=8.1136148497462255 2.5814708881080168 0.09435690590180712 1.7447051764465866 1.7571138753555713 20.95618727337569 3.0694138053804636
leaf_count=24 22 10 20 24 78 32
internal_value=0 -0.0194105 -0.00199308 -0.0429259 -0.0269836 0.0348965
internal_weight=0 30.2032 9.1527 4.33858 21.0505 4.81412
internal_count=210 186 98 46 88 52
shrinkage=0.1


Tree=28
num_leaves=7
num_cat=0
split_feature=0 0 0 0 0 0
split_gain=2.48577 0.273622 0.0385359 0.00749973 0.00965897 0.00253896
threshold=1.0000000180025095e-35 0.75000000000000011 0.35000000000000003 0.15000000000000005 0.25000000000000006 0.45000000000000007
decision_type=2 2 2 2 2 2
left_child=-1 2 3 -2 -5 -4
right_child=1 -3 5 4 -6 -7
leaf_value=-0.034245869648678949 0.0051027780762287565 0.027587009272787878 0.014976614742572917 -0.0073125590492260474 0.0032284278276320799 -0.00058871442961982523
leaf_weight=13.576200515031813 2.5150663130916655 14.941911022178829 3.1475215288810436 1.7464271923527122 1.7308303732424974 0.1084039945853873
leaf_count=24 22 78 32 24 20 10
internal_value=0 0.192198 0.0570121 0.00943012 -0.0206571 0.144584
internal_weight=0 24.1902 9.24825 5.99232 3.47726 3.25593
internal_count=210 186 108 66 44 42
shrinkage=0.1


Tree=29
num_leaves=7
num_cat=0
split_feature=0 0 0 0 0 0
split_gain=0.161182 0.0037972 0.00128821 0.00357731 0.00146317 9.84658e-05
threshold=1.0000000180025095e-35 0.75000000000000011 0.15000000000000005 0.25000000000000006 0.35000000000000003 0.45000000000000007
decision_type=2 2 2 2 2 2
left_child=-1 2 -2 -4 -5 -6
right_child=1 -3 3 4 5 -7
leaf_value=0.015656609951193678 -0.002723677499485625 -0.0021088874706140718 -0.0091192140863725103 -0.0015733065877233101 -0.0050085659242474611 -0.0079687037295525856
leaf_weight=5.5471990182995787 2.8882664442062396 20.007649491541088 1.7711952724494038 1.7620242107659576 3.3820866327732806 0.11623493302613486
leaf_count=24 22 78 24 20 32 10
internal_value=0 -0.0290203 -0.0450175 -0.052321 -0.0392329 -0.0510692
internal_weight=0 29.9275 9.91981 7.03154 5.26035 3.49832
internal_count=210 186 108 86 62 42
shrinkage=0.1


Tree=30
num_leaves=7
num_cat=0
split_feature=0 0 0 0 0 0
split_gain=0.157721 0.00196371 0.004306 0.000541389 0.000101504 0.000235094
threshold=1.0000000180025095e-35 0.25000000000000006 0.15000000000000005 0.35000000000000003 0.75000000000000011 0.45000000000000007
decision_type=2 2 2 2 2 2
left_child=-1 2 -2 -3 5 -5
right_child=1 3 -4 4 -6 -7
leaf_value=0.014911191029914948 -0.0024309961539366052 -0.00091301833579388492 -0.0087262154047521232 -0.0030816020501076673 -0.0026454201068013428 -0.0077371574480457608
leaf_weight=5.922177977859973 2.8246819321066168 1.7602446964010621 1.7657974115572868 3.3208103068172963 20.156758586876094 0.1121296603232621
leaf_count=24 22 20 24 32 78 10
internal_value=0 -0.0294941 -0.0485255 -0.0260479 -0.0273103 -0.0323367
internal_weight=0 29.9404 4.59048 25.3499 23.5897 3.43294
internal_count=210 186 46 140 120 42
shrinkage=0.1


Tree=31
num_leaves=7
num_cat=0
split_feature=0 0 0 0 0 0
split_gain=0.135227 0.00138524 0.00400303 0.00346112 0.000239331 6.50396e-05
threshold=1.0000000180025095e-35 0.25000000000000006 0.15000000000000005 0.45000000000000007 0.75000000000000011 0.35000000000000003
decision_type=2 2 2 2 2 2
left_child=-1 2 -2 5 -5 -3
right_child=1 3 -4 4 -6 -7
leaf_value=0.012954782918653669 -0.0020792336312286724 0.00028620915565189296 -0.0081945206130821929 -0.0078975098436664445 -0.0031174883329711267 -0.00047044904637759117
leaf_weight=6.6034671813249579 2.7364898566156652 1.7495254166424299 1.7581527750007806 0.1052872331347342 20.399360160343349 3.2394091794267297
leaf_count=24 22 20 24 10 78 32
internal_value=0 -0.0285267 -0.0447133 -0.0256729 -0.0314203 -0.00205103
internal_weight=0 29.9882 4.49464 25.4936 20.5046 4.98893
internal_count=210 186 46 140 88 52
shrinkage=0.1


Tree=32
num_leaves=7
num_cat=0
split_feature=0 0 0 0 0 0
split_gain=0.0563676 0.00518338 0.012816 0.00342749 0.000351069 0.000179356
threshold=1.0000000180025095e-35 0.45000000000000007 0.25000000000000006 0.15000000000000005 0.75000000000000011 0.35000000000000003
decision_type=2 2 2 2 2 2
left_child=-1 2 3 -2 -3 -4
right_child=1 4 5 -5 -6 -7
leaf_value=0.0074351573158936554 -0.0016332035996513344 -0.0090190660439967898 0.0027359733096364576 -0.007367796896282976 -0.0028246235847188554 0.0040096727060508356
leaf_weight=8.0470672547817212 2.5861124033108371 0.091895439429211204 1.7216831771656869 1.7458626911975441 20.892467866651714 3.0893600871786475
leaf_count=24 22 10 20 24 78 32
internal_value=0 -0.0198594 1.20225e-05 -0.0394435 -0.0285175 0.0355387
internal_weight=0 30.1274 9.14302 4.33198 20.9844 4.81104
internal_count=210 186 98 46 88 52
shrinkage=0.1


Tree=33
num_leaves=7
num_cat=0
split_feature=0 0 0 0 0 0
split_gain=2.52755 0.277787 0.0354211 0.00435745 0.00926587 0.0016797
threshold=1.0000000180025095e-35 0.75000000000000011 0.35000000000000003 0.15000000000000005 0.25000000000000006 0.45000000000000007
decision_type=2 2 2 2 2 2
left_child=-1 2 3 -2 -5 -4
right_child=1 -3 5 4 -6 -7
leaf_value=-0.034514509865424384 0.0043311892648428161 0.027818441343247964 0.014540672051245665 -0.0062812784161256604 0.0040956485826256208 0.0016963467008238771
leaf_weight=13.585398614406584 2.5283191367052495 14.942008967511356 3.1643889443948869 1.7355348214041442 1.7066893605515361 0.10519901465158898
leaf_count=24 22 78 32 24 20 10
internal_value=0 0.193901 0.0576075 0.01179 -0.0113629 0.141274
internal_weight=0 24.1821 9.24013 5.97054 3.44222 3.26959
internal_count=210 186 108 66 44 42
shrinkage=0.1


Tree=34
num_leaves=7
num_cat=0
split_feature=0 0 0 0 0 0
split_gain=0.158385 0.00208844 0.00140576 0.00232431 0.00192049 7.96366e-07
threshold=1.0000000180025095e-35 0.75000000000000011 0.15000000000000005 0.25000000000000006 0.35000000000000003 0.45000000000000007
decision_type=2 2 2 2 2 2
left_child=-1 2 -2 -4 -5 -6
right_child=1 -3 3 4 5 -7
leaf_value=0.015528325770858734 -0.0022138429819645615 -0.0022871938054277634 -0.0079737238981544174 -0.0010488290111044447 -0.0050997961408967424 -0.0053697392932042743
leaf_weight=5.5414279550313941 2.9162479676306265 19.936656753532588 1.7586632701568303 1.7340356856584547 3.440541654825211 0.11287222849205124
leaf_count=24 22 78 24 20 32 10
internal_value=0 -0.0287799 -0.0406029 -0.048245 -0.0377703 -0.0510837
internal_weight=0 29.899 9.96236 7.04611 5.28745 3.55341
internal_count=210 186 108 86 62 42
shrinkage=0.1


Tree=35
num_leaves=7
num_cat=0
split_feature=0 0 0 0 0 0
split_gain=0.155531 0.000906435 0.00334188 0.000999437 5.63849e-05 4.82989e-05
threshold=1.0000000180025095e-35 0.25000000000000006 0.15000000000000005 0.35000000000000003 0.75000000000000011 0.45000000000000007
decision_type=2 2 2 2 2 2
left_child=-1 2 -2 -3 5 -5
right_child=1 3 -4 4 -6 -7
leaf_value=0.014818947279847351 -0.0021051268171721599 -0.00038046607137443727 -0.0076545429985297002 -0.0031708365524435395 -0.0028017432511099759 -0.0053079480745173947
leaf_weight=5.9132025912404051 2.8453999776393202 1.7368886396288896 1.754161156248301 3.3663670364767344 20.093062783591449 0.10918039246462274
leaf_count=24 22 20 24 32 78 10
internal_value=0 -0.0293019 -0.0422154 -0.0269547 -0.0286607 -0.0323797
internal_weight=0 29.9051 4.59956 25.3055 23.5686 3.47555
internal_count=210 186 46 140 120 42
shrinkage=0.1


Tree=36
num_leaves=7
num_cat=0
split_feature=0 0 0 0 0 0
split_gain=0.13437 0.00109881 0.00362281 0.00290403 0.000201338 5.84189e-05
threshold=1.0000000180025095e-35 0.45000000000000007 0.25000000000000006 0.15000000000000005 0.35000000000000003 0.75000000000000011
decision_type=2 2 2 2 2 2
left_child=-1 2 3 -2 -4 -3
right_child=1 5 4 -5 -6 -7
leaf_value=0.01293608370508567 -0.0019922343380741219 -0.0056337500624871828 0.00076816623189143837 -0.0072024269127544784 -0.00056525385135760132 -0.0032442700582529858
leaf_weight=6.5828881710767737 2.7584298793226498 0.10283412481658416 1.729105584323406 1.7474971874617038 3.2812574943527579 20.334080751053989
leaf_count=24 22 10 20 24 32 78
internal_value=0 -0.0284299 -0.019554 -0.0401286 -0.00105083 -0.0325629
internal_weight=0 29.9532 9.51629 4.50593 5.01036 20.4369
internal_count=210 186 98 46 52 88
shrinkage=0.1


Tree=37
num_leaves=7
num_cat=0
split_feature=0 0 0 0 0 0
split_gain=0.0583313 0.00598917 0.0125988 0.00208328 0.000141085 7.30202e-05
threshold=1.0000000180025095e-35 0.45000000000000007 0.25000000000000006 0.15000000000000005 0.75000000000000011 0.35000000000000003
decision_type=2 2 2 2 2 2
left_child=-1 2 3 -2 -3 -4
right_child=1 4 5 -5 -6 -7
leaf_value=0.00759450544596957 -0.0020108436517528657 -0.006898003891398473 0.0030943814402632558 -0.0064773390263883667 -0.0029350386996316834 0.0039077698174906665
leaf_weight=7.991616614162921 2.6196205606684106 0.090223369421439922 1.7026465646922586 1.7364998348057268 20.811797882430255 3.1374403089284897
leaf_count=24 22 10 20 24 78 32
internal_value=0 -0.0201647 0.00110207 -0.0379134 -0.0295214 0.0362164
internal_weight=0 30.0982 9.19621 4.35612 20.902 4.84009
internal_count=210 186 98 46 88 52
shrinkage=0.1


Tree=38
num_leaves=7
num_cat=0
split_feature=0 0 0 0 0 0
split_gain=2.55937 0.290448 0.0338563 0.00257813 0.00804317 0.00114925
threshold=1.0000000180025095e-35 0.75000000000000011 0.35000000000000003 0.25000000000000006 0.15000000000000005 0.45000000000000007
decision_type=2 2 2 2 2 2
left_child=-1 2 3 4 -2 -4
right_child=1 -3 5 -5 -6 -7
leaf_value=-0.034749104346002223 0.0033734654350702827 0.028131792827015986 0.014045335837973599 0.004464524919922077 -0.0054393779059180372 0.0033072739471340495
leaf_weight=13.583361007273195 2.5883899750187993 14.910595084540546 3.2297903262078766 1.6804458871483801 1.7262930676806716 0.10284285095985968
leaf_count=24 22 78 32 20 24 10
internal_value=0 0.194737 0.0563349 0.0114164 -0.00152529 0.13714
internal_weight=0 24.2384 9.32776 5.99513 4.31468 3.33263
internal_count=210 186 108 66 46 42
shrinkage=0.1


Tree=39
num_leaves=7
num_cat=0
split_feature=0 0 0 0 0 0
split_gain=0.156137 0.00148354 0.00266422 0.00101669 0.0017933 2.92329e-05
threshold=1.0000000180025095e-35 0.75000000000000011 0.15000000000000005 0.25000000000000006 0.35000000000000003 0.45000000000000007
decision_type=2 2 2 2 2 2
left_child=-1 2 -2 -4 -5 -6
right_child=1 -3 3 4 5 -7
leaf_value=0.015463918245006404 -0.001359661909266334 -0.0023338673882014444 -0.0069697462364108481 -0.0014766997033471309 -0.0054570388476946202 -0.0038035859064022765
leaf_weight=5.5159329511225215 3.0898064095526951 19.746283168904483 1.7470773877575991 1.6765863830223677 3.6540268640965228 0.11015049461275328
leaf_count=24 22 78 24 20 32 10
internal_value=0 -0.02841 -0.0381534 -0.0487095 -0.0419701 -0.0540865
internal_weight=0 30.0239 10.2776 7.18784 5.44076 3.76418
internal_count=210 186 108 86 62 42
shrinkage=0.1


Tree=40
num_leaves=7
num_cat=0
split_feature=0 0 0 0 0 0
split_gain=0.153671 0.000466751 0.00257516 0.00100443 6.13714e-05 1.41187e-06
threshold=1.0000000180025095e-35 0.15000000000000005 0.25000000000000006 0.35000000000000003 0.75000000000000011 0.45000000000000007
decision_type=2 2 2 2 2 2
left_child=-1 -2 -3 -4 5 -5
right_child=1 2 3 4 -6 -7
leaf_value=0.014766502981136305 -0.0017084316263663258 -0.0067499955274896361 -0.00042848805756734166 -0.0033151380876352346 -0.0028776771253537711 -0.0036839470702239897
leaf_weight=5.8896333575248709 2.948566158302131 1.7440002998337174 1.698735599406066 3.496116066351536 19.963220278732479 0.10697482409887003
leaf_count=24 22 24 20 32 78 10
internal_value=0 -0.0290308 -0.0303349 -0.0277695 -0.0294624 -0.0332609
internal_weight=0 29.9576 27.009 25.265 23.5663 3.60309
internal_count=210 186 164 140 120 42
shrinkage=0.1


Tree=41
num_leaves=7
num_cat=0
split_feature=0 0 0 0 0 0
split_gain=0.134028 0.00147931 0.0028655 0.00211351 0.000237048 5.57593e-06
threshold=1.0000000180025095e-35 0.45000000000000007 0.25000000000000006 0.15000000000000005 0.35000000000000003 0.75000000000000011
decision_type=2 2 2 2 2 2
left_child=-1 2 3 -2 -4 -3
right_child=1 5 4 -5 -6 -7
leaf_value=0.012965508370928899 -0.0019464682873045335 -0.0040550010848678522 0.00078762926597622659 -0.0063720639069759794 -0.00066031984391161391 -0.0033105354353061382
leaf_weight=6.5445811450481406 2.8454521549865621 0.10111015662551182 1.6968159032985566 1.738338087685406 3.3886186657473445 20.216459299437702
leaf_count=24 22 10 20 24 32 78
internal_value=0 -0.0282971 -0.0181157 -0.0362481 -0.00177194 -0.0331424
internal_weight=0 29.9868 9.66922 4.58379 5.08543 20.3176
internal_count=210 186 98 46 52 88
shrinkage=0.1


Tree=42
num_leaves=7
num_cat=0
split_feature=0 0 0 0 0 0
split_gain=0.0617851 0.00607969 0.0127066 0.00102633 8.13158e-05 4.92748e-05
threshold=1.0000000180025095e-35 0.45000000000000007 0.25000000000000006 0.15000000000000005 0.35000000000000003 0.75000000000000011
decision_type=2 2 2 2 2 2
left_child=-1 2 3 -2 -4 -3
right_child=1 5 4 -5 -6 -7
leaf_value=0.0078698304583903009 -0.0026130402447142715 -0.0053625891261234208 0.0029811447100003014 -0.0057287511163091453 0.0038396132105672992 -0.0030081281589326987
leaf_weight=7.9033878296613684 2.7225814210250991 0.089271564036610282 1.6685907137580214 1.728419126011431 3.2573795830830932 20.67233472596854
leaf_count=24 22 10 20 24 32 78
internal_value=0 -0.0206374 0.000496419 -0.0382294 0.0354882 -0.0301825
internal_weight=0 30.1386 9.37697 4.451 4.92597 20.7616
internal_count=210 186 98 46 52 88
shrinkage=0.1


Tree=43
num_leaves=7
num_cat=0
split_feature=0 0 0 0 0 0
split_gain=2.57536 0.327384 0.0314536 0.0023312 0.00496877 0.000671683
threshold=1.0000000180025095e-35 0.75000000000000011 0.35000000000000003 0.25000000000000006 0.15000000000000005 0.45000000000000007
decision_type=2 2 2 2 2 2
left_child=-1 2 3 4 -2 -4
right_child=1 -3 5 -5 -6 -7
leaf_value=-0.034983301734698879 0.0021664360199971267 0.028719489842786973 0.01278297022852801 0.0040027461173388181 -0.0046632055385900694 0.0045004489505851165
leaf_weight=13.547827608883379 2.805880768224597 14.787730011157691 3.463632268365473 1.6117662917822597 1.7171833964530376 0.10076116095297027
leaf_count=24 22 78 32 20 24 10
internal_value=0 0.193551 0.050779 0.00737212 -0.00426441 0.125488
internal_weight=0 24.487 9.69922 6.13483 4.52306 3.56439
internal_count=210 186 108 66 46 42
shrinkage=0.1


Tree=44
num_leaves=7
num_cat=0
split_feature=0 0 0 0 0 0
split_gain=0.353145 0.0622261 0.0236404 0.0210285 0.000390753 5.82895e-05
threshold=0.15000000000000005 0.45000000000000007 1.0000000180025095e-35 0.35000000000000003 0.25000000000000006 0.75000000000000011
decision_type=2 2 2 2 2 2
left_child=2 3 -1 4 -2 -3
right_child=1 5 -4 -5 -6 -7
leaf_value=0.014754594699418908 -0.006527538444367785 -0.00021081984751400155 0.026451083689034389 -0.018274335051991074 -0.0086529429419880486 -0.0025331096961718966
leaf_weight=5.5462985485792142 1.7435475010424879 0.1086755099240716 2.5100233554840088 3.9265829306095839 1.7166810892522335 19.822353477589786
leaf_count=24 24 10 22 32 20 78
internal_value=0 -0.0542599 0.183987 -0.132657 -0.0758199 -0.0252045
internal_weight=0 27.3178 8.05632 7.38681 3.46023 19.931
internal_count=210 164 46 76 44 88
shrinkage=0.1


Tree=45
num_leaves=7
num_cat=0
split_feature=0 0 0 0 0 0
split_gain=0.148378 0.000514459 0.0012326 0.00215299 0.000298781 2.24933e-06
threshold=1.0000000180025095e-35 0.75000000000000011 0.25000000000000006 0.15000000000000005 0.35000000000000003 0.45000000000000007
decision_type=2 2 2 2 2 2
left_child=-1 2 3 -2 -4 -6
right_child=1 -3 4 -5 5 -7
leaf_value=0.014516087064655759 -0.0017412090718548102 -0.0031602481015539936 -0.00014425278516247349 -0.0062322553668969693 -0.0017429512336916667 -0.002209754377346065
leaf_weight=5.8783043026924124 2.7633495489135402 20.104038919322193 1.7449194015935061 1.7393326982855795 3.2458323780447249 0.10661598294973362
leaf_count=24 22 78 20 24 32 10
internal_value=0 -0.0287267 -0.0227042 -0.0347605 -0.0120545 -0.017578
internal_weight=0 29.7041 9.60005 4.50268 5.09737 3.35245
internal_count=210 186 108 46 62 42
shrinkage=0.1


Tree=46
num_leaves=7
num_cat=0
split_feature=0 0 0 0 0 0
split_gain=0.132518 0.00332934 0.00336491 0.00196068 2.9128e-05 6.96499e-06
threshold=1.0000000180025095e-35 0.45000000000000007 0.25000000000000006 0.15000000000000005 0.35000000000000003 0.75000000000000011
decision_type=2 2 2 2 2 2
left_child=-1 2 3 -2 -4 -3
right_child=1 5 4 -5 -6 -7
leaf_value=0.012943843428687613 -0.0015713440152575774 -0.002711156085358938 0.00086996035537353358 -0.0058829015530338438 0.00036063496562690659 -0.003543323900865045
leaf_weight=6.4929825216531745 2.6924264486879128 0.10107736825011926 1.7352181850001214 1.7339868526905773 3.1816885890439153 20.318626697175205
leaf_count=24 22 10 20 24 32 78
internal_value=0 -0.0282378 -0.0126022 -0.0326034 0.0054038 -0.035392
internal_weight=0 29.763 9.34332 4.42641 4.91691 20.4197
internal_count=210 186 98 46 52 88
shrinkage=0.1


Tree=47
num_leaves=7
num_cat=0
split_feature=0 0 0 0 0 0
split_gain=0.0681183 0.00916363 0.00983307 0.00158002 0.000137245 4.66647e-06
threshold=1.0000000180025095e-35 0.45000000000000007 0.25000000000000006 0.15000000000000005 0.35000000000000003 0.75000000000000011
decision_type=2 2 2 2 2 2
left_child=-1 2 3 -2 -4 -3
right_child=1 5 4 -5 -6 -7
leaf_value=0.0083505899643752084 -0.0014124759878209802 -0.0040392675436210761 0.0028942292360462666 -0.0053247866631285952 0.0040123584454906779 -0.0033181675519104053
leaf_weight=7.7564021423459044 2.5699964547529834 0.090132358251142075 1.7117195879109202 1.7252480119932441 3.0606614882126451 20.741675342433155
leaf_count=24 22 10 20 24 32 78
internal_value=0 -0.0216628 0.00487222 -0.0298391 0.0361132 -0.0332129
internal_weight=0 29.8994 9.06763 4.29524 4.77238 20.8318
internal_count=210 186 98 46 52 88
shrinkage=0.1


Tree=48
num_leaves=7
num_cat=0
split_feature=0 0 0 0 0 0
split_gain=2.78473 0.290736 0.0341768 0.00230106 0.00658773 0.000897419
threshold=1.0000000180025095e-35 0.75000000000000011 0.35000000000000003 0.25000000000000006 0.15000000000000005 0.45000000000000007
decision_type=2 2 2 2 2 2
left_child=-1 2 3 4 -2 -4
right_child=1 -3 5 -5 -6 -7
leaf_value=-0.036083080737858236 0.0037447828976007354 0.028870271087001888 0.014888015402037148 0.0048185240721390545 -0.0043179706134801807 0.0052309770135536933
leaf_weight=13.66585875302553 2.4781130119226873 15.13197975885123 3.0697220186702912 1.6899950527586041 1.7144694313174111 0.099343501497059949
leaf_count=24 22 78 32 20 24 10
internal_value=0 0.203901 0.0621346 0.0170338 0.00447687 0.145853
internal_weight=0 24.1836 9.05164 5.88258 4.19258 3.16907
internal_count=210 186 108 66 46 42
shrinkage=0.1


Tree=49
num_leaves=7
num_cat=0
split_feature=0 0 0 0 0 0
split_gain=0.147616 0.000483066 0.00154675 0.00112644 0.00027651 3.38808e-05
threshold=1.0000000180025095e-35 0.15000000000000005 0.25000000000000006 0.35000000000000003 0.45000000000000007 0.75000000000000011
decision_type=2 2 2 2 2 2
left_child=-1 -2 -3 -4 -5 -6
right_child=1 2 3 4 5 -7
leaf_value=0.015033039261480821 -0.0015557920604012526 -0.0058083262962509005 -0.00024919416946253103 -0.0037400381757664888 -0.0010004803192913869 -0.0027712113348345789
leaf_weight=5.5096933320164672 2.8690973203629282 1.7353317197412277 1.7170779723674083 3.3757780902087715 0.10864605847746388 19.891017029993236
leaf_count=24 22 24 20 32 10 78
internal_value=0 -0.0278909 -0.0292098 -0.027213 -0.0290289 -0.0276159
internal_weight=0 29.6969 26.8279 25.0925 23.3754 19.9997
internal_count=210 186 164 140 120 88
shrinkage=0.1


Tree=50
num_leaves=7
num_cat=0
split_feature=0 0 0 0 0 0
split_gain=0.147903 0.000703721 0.000752355 0.00175254 0.000689454 9.81064e-06
threshold=1.0000000180025095e-35 0.75000000000000011 0.25000000000000006 0.15000000000000005 0.35000000000000003 0.45000000000000007
decision_type=2 2 2 2 2 2
left_child=-1 2 3 -2 -4 -6
right_child=1 -3 4 -5 5 -7
leaf_value=0.01453917047969258 -0.0015567153612079483 -0.003199002665103378 0.00030135321186748365 -0.0056004569150809235 -0.0021832569836568272 -0.0012045119569855543
leaf_weight=5.846475936472415 2.8111434569582361 20.029535497538745 1.7194565674290059 1.7321759085170922 3.317094344645739 0.10567647917196143
leaf_count=24 22 78 20 24 32 10
internal_value=0 -0.028606 -0.0216078 -0.0309842 -0.0133234 -0.0215304
internal_weight=0 29.7151 9.68555 4.54332 5.14223 3.42277
internal_count=210 186 108 46 62 42
shrinkage=0.1


Tree=51
num_leaves=7
num_cat=0
split_feature=0 0 0 0 0 0
split_gain=0.133961 0.00358207 0.00270835 0.00145475 0.000205573 2.76546e-05
threshold=1.0000000180025095e-35 0.75000000000000011 0.25000000000000006 0.15000000000000005 0.35000000000000003 0.45000000000000007
decision_type=2 2 2 2 2 2
left_child=-1 2 3 -2 -4 -6
right_child=1 -3 4 -5 5 -7
leaf_value=0.013082542563336061 -0.0015915663521789162 -0.0035809719457451715 0.0012449493798833743 -0.0052969355617106702 -5.126988280232568e-05 -0.0017355319632329788
leaf_weight=6.4357043579220763 2.740484091453256 20.238971735350788 1.7130453521385787 1.7274365499615667 3.2492133276537065 0.10050262557342636
leaf_count=24 22 78 20 24 32 10
internal_value=0 -0.0282823 -0.0122973 -0.0302418 0.00353886 -0.00101803
internal_weight=0 29.7697 9.53068 4.46792 5.06276 3.34972
internal_count=210 186 108 46 62 42
shrinkage=0.1


Tree=52
num_leaves=7
num_cat=0
split_feature=0 0 0 0 0 0
split_gain=0.0743866 0.00911853 0.00946475 0.000915046 2.573e-05 1.21696e-06
threshold=1.0000000180025095e-35 0.45000000000000007 0.25000000000000006 0.15000000000000005 0.35000000000000003 0.75000000000000011
decision_type=2 2 2 2 2 2
left_child=-1 2 3 -2 -4 -3
right_child=1 5 4 -5 -6 -7
leaf_value=0.008812217288698021 -0.0018352444146424009 -0.0030444532704952888 0.0031090157369660942 -0.0048018500356989931 0.0035929242926736218 -0.0034124162584652919
leaf_weight=7.6315374895930281 2.6299400469288248 0.090274479705842903 1.6911639119498429 1.7195552068296818 3.13688924908638 20.636619414202869
leaf_count=24 22 10 20 24 32 78
internal_value=0 -0.0224885 0.00375354 -0.0300808 0.0342342 -0.0341081
internal_weight=0 29.9044 9.17755 4.3495 4.82805 20.7269
internal_count=210 186 98 46 52 88
shrinkage=0.1


Tree=53
num_leaves=7
num_cat=0
split_feature=0 0 0 0 0 0
split_gain=2.88188 0.313757 0.0343 0.00325993 0.00416988 0.000703216
threshold=1.0000000180025095e-35 0.75000000000000011 0.35000000000000003 0.25000000000000006 0.15000000000000005 0.45000000000000007
decision_type=2 2 2 2 2 2
left_child=-1 2 3 4 -2 -4
right_child=1 -3 5 -5 -6 -7
leaf_value=-0.036713284156341675 0.0026004033668250211 0.02946977409894393 0.014563360861306652 0.0052666207595627066 -0.0037827891472469559 0.0059378850752590997
leaf_weight=13.684955000877379 2.5531623065471649 15.173305953852832 3.1429054257459943 1.6590969520620999 1.7080628137337042 0.09745043469592915
leaf_count=24 22 78 32 20 24 10
internal_value=0 0.206468 0.0603293 0.0150597 0.000417745 0.14304
internal_weight=0 24.334 9.16068 5.92032 4.26123 3.24036
internal_count=210 186 108 66 46 42
shrinkage=0.1


Tree=54
num_leaves=7
num_cat=0
split_feature=0 0 0 0 0 0
split_gain=0.146745 0.00184982 0.000975746 0.000436183 0.00131339 4.03054e-05
threshold=1.0000000180025095e-35 0.15000000000000005 0.45000000000000007 0.35000000000000003 0.25000000000000006 0.75000000000000011
decision_type=2 2 2 2 2 2
left_child=-1 -2 3 4 -3 -4
right_child=1 2 5 -5 -6 -7
leaf_value=0.015084718777363358 -0.00045451668292821211 -0.0051253869652199274 -0.00072292179591819036 -0.004774643896206153 -0.0011719471936455503 -0.0026670241581135848
leaf_weight=5.4550733715295783 3.1464027017354992 1.7268302533775595 0.10722382972017186 3.7031601145863533 1.6368364626541734 19.621231297962368
leaf_count=24 22 24 10 32 20 78
internal_value=0 -0.0274828 -0.0301762 -0.0402588 -0.0320155 -0.0265646
internal_weight=0 29.9417 26.7953 7.06683 3.36367 19.7285
internal_count=210 186 164 76 44 88
shrinkage=0.1


Tree=55
num_leaves=7
num_cat=0
split_feature=0 0 0 0 0 0
split_gain=0.147191 0.000968974 0.000732651 0.00146559 7.56512e-05 4.38275e-05
threshold=1.0000000180025095e-35 0.15000000000000005 0.25000000000000006 0.35000000000000003 0.75000000000000011 0.45000000000000007
decision_type=2 2 2 2 2 2
left_child=-1 -2 -3 -4 5 -5
right_child=1 2 3 4 -6 -7
leaf_value=0.014589539977443151 -0.001117347694432927 -0.0050149389033722642 -2.37510596907564e-05 -0.0027275155458321518 -0.003164958858201867 -0.00065271538678953215
leaf_weight=5.7909668087959281 2.9678109008818891 1.7252272376790667 1.6715768929570938 3.5036642476916344 19.8596944315359 0.10485785780474532
leaf_count=24 22 24 20 32 78 10
internal_value=0 -0.0283203 -0.0302146 -0.0288465 -0.0308843 -0.0266723
internal_weight=0 29.8328 26.865 25.1398 23.4682 3.60852
internal_count=210 186 164 140 120 42
shrinkage=0.1


Tree=56
num_leaves=7
num_cat=0
split_feature=0 0 0 0 0 0
split_gain=0.135695 0.00339338 0.00178837 0.00114367 0.000261313 3.53386e-06
threshold=1.0000000180025095e-35 0.75000000000000011 0.25000000000000006 0.15000000000000005 0.35000000000000003 0.45000000000000007
decision_type=2 2 2 2 2 2
left_child=-1 2 3 -2 -4 -6
right_child=1 -3 4 -5 5 -7
leaf_value=0.013276935966769494 -0.0015088546706453299 -0.0035667278033016088 0.0010077286848660491 -0.0047689786900579935 -0.00049395847924881291 -0.0010965280562401402
leaf_weight=6.3479863107204428 2.8704232703894395 20.085208798758686 1.6740538887679575 1.7213463475927708 3.4018043782562022 0.1001938795670866
leaf_count=24 22 78 20 24 32 10
internal_value=0 -0.0282322 -0.0129439 -0.02731 -0.000199425 -0.00511198
internal_weight=0 29.853 9.76782 4.59177 5.17605 3.502
internal_count=210 186 108 46 62 42
shrinkage=0.1


Tree=57
num_leaves=7
num_cat=0
split_feature=0 0 0 0 0 0
split_gain=0.083126 0.00825918 0.00861569 0.000440517 1.95294e-05 1.25139e-05
threshold=1.0000000180025095e-35 0.45000000000000007 0.25000000000000006 0.15000000000000005 0.35000000000000003 0.75000000000000011
decision_type=2 2 2 2 2 2
left_child=-1 2 3 -2 -4 -3
right_child=1 5 4 -5 -6 -7
leaf_value=0.0094538494902514994 -0.0022956520046964169 -0.0023034470504798201 0.0026931014723867259 -0.0043344704938212721 0.0031142742362355105 -0.0034794576700620133
leaf_weight=7.4498300179839125 2.7754711061716097 0.090886032441633527 1.6513195773586629 1.7143396718893198 3.3032793644815683 20.449278633110225
leaf_count=24 22 10 20 24 32 78
internal_value=0 -0.0234886 0.000987058 -0.0307413 0.029739 -0.0347425
internal_weight=0 29.9846 9.44441 4.48981 4.9546 20.5402
internal_count=210 186 98 46 52 88
shrinkage=0.1


Tree=58
num_leaves=7
num_cat=0
split_feature=0 0 0 0 0 0
split_gain=3.03932 0.373198 0.0361646 0.00358916 0.00179382 0.000483752
threshold=1.0000000180025095e-35 0.75000000000000011 0.35000000000000003 0.25000000000000006 0.15000000000000005 0.45000000000000007
decision_type=2 2 2 2 2 2
left_child=-1 2 3 4 -2 -4
right_child=1 -3 5 -5 -6 -7
leaf_value=-0.037791942256464303 0.00089063566587019739 0.030659001417773175 0.013759486601826293 0.0048726305498375455 -0.0032293833257028798 0.0065135357856136739
leaf_weight=13.697212912142275 2.7906727269291878 15.192897158674896 3.3823631638661031 1.5794185437262056 1.7008430880960075 0.094716708408668512
leaf_count=24 22 78 32 20 24 10
internal_value=0 0.209226 0.0542995 0.00772323 -0.00669529 0.135621
internal_weight=0 24.7409 9.54801 6.07093 4.49152 3.47708
internal_count=210 186 108 66 46 42
shrinkage=0.1


Tree=59
num_leaves=7
num_cat=0
split_feature=0 0 0 0 0 0
split_gain=0.322699 0.0409401 0.0204831 0.0174814 0.000737081 0.000297315
threshold=0.15000000000000005 0.45000000000000007 1.0000000180025095e-35 0.35000000000000003 0.25000000000000006 0.75000000000000011
decision_type=2 2 2 2 2 2
left_child=2 3 -1 4 -2 -3
right_child=1 5 -4 -5 -6 -7
leaf_value=0.014396808589456299 -0.0049743439156821438 0.0024182299610270024 0.025431759373729535 -0.016262985739873597 -0.0079024207799737577 -0.0028576290643684168
leaf_weight=5.4724704883992663 1.7268644329160479 0.10739350318908948 2.4286122098565102 3.815858356654644 1.7120239641517401 19.818252052180469
leaf_count=24 24 10 22 32 20 78
internal_value=0 -0.05171 0.177887 -0.116029 -0.0643206 -0.0282919
internal_weight=0 27.1804 7.90108 7.25475 3.43889 19.9256
internal_count=210 164 46 76 44 88
shrinkage=0.1


Tree=60
num_leaves=7
num_cat=0
split_feature=0 0 0 0 0 0
split_gain=0.142997 0.00197742 0.000817965 0.00127256 0.000357253 2.86382e-05
threshold=1.0000000180025095e-35 0.75000000000000011 0.25000000000000006 0.15000000000000005 0.35000000000000003 0.45000000000000007
decision_type=2 2 2 2 2 2
left_child=-1 2 3 -2 -4 -6
right_child=1 -3 4 -5 5 -7
leaf_value=0.014436662308274804 -0.0012723092336662989 -0.0033707563087934838 0.00041669946455428949 -0.0047375731646431734 -0.0014079550319051649 0.00026341315733613939
leaf_weight=5.7445398792624465 2.7527651051059383 20.013693104498088 1.7267846809700129 1.723129952792078 3.2332827132195239 0.10587528627365816
leaf_count=24 22 78 20 24 32 10
internal_value=0 -0.0280597 -0.0162135 -0.0260637 -0.0075107 -0.0135496
internal_weight=0 29.5555 9.54184 4.4759 5.06594 3.33916
internal_count=210 186 108 46 62 42
shrinkage=0.1


Tree=61
num_leaves=7
num_cat=0
split_feature=0 0 0 0 0 0
split_gain=0.136285 0.00522054 0.00221906 0.00111339 9.99371e-05 2.51522e-06
threshold=1.0000000180025095e-35 0.75000000000000011 0.25000000000000006 0.15000000000000005 0.35000000000000003 0.45000000000000007
decision_type=2 2 2 2 2 2
left_child=-1 2 3 -2 -4 -6
right_child=1 -3 4 -5 5 -7
leaf_value=0.013438202182682244 -0.001252222347689171 -0.0037366325017590338 0.001172933421068996 -0.0045082593267083537 0.00024780944315139377 -0.00025755914995321746
leaf_weight=6.2342522591352454 2.698181885294618 20.185986022464931 1.7205444583669303 1.7194418224971739 3.1838833848014478 0.10162590327672648
leaf_count=24 22 78 20 24 32 10
internal_value=0 -0.0282938 -0.00886014 -0.0251955 0.00555509 0.00232178
internal_weight=0 29.6097 9.42368 4.41762 5.00605 3.28551
internal_count=210 186 108 46 62 42
shrinkage=0.1


Tree=62
num_leaves=7
num_cat=0
split_feature=0 0 0 0 0 0
split_gain=0.0962907 0.0107963 0.00626003 0.000823939 0.000164002 1.44433e-05
threshold=1.0000000180025095e-35 0.75000000000000011 0.25000000000000006 0.15000000000000005 0.45000000000000007 0.35000000000000003
decision_type=2 2 2 2 2 2
left_child=-1 2 3 -2 5 -4
right_child=1 -3 4 -5 -6 -7
leaf_value=0.010392106046182945 -0.0013233037777634809 -0.0037892724383816242 0.0026266630847883356 -0.0041457847267818071 -0.0013670773471732159 0.0029891237910942624
leaf_weight=7.1809640675783148 2.6091045327484625 20.499508555047214 1.7039639223366974 1.7135199196636675 0.093549636192619676 3.0984314242377877
leaf_count=24 22 78 20 24 10 32
internal_value=0 -0.0251111 0.00331171 -0.0244216 0.0277974 0.0286052
internal_weight=0 29.7181 9.21857 4.32262 4.89594 4.8024
internal_count=210 186 108 46 62 52
shrinkage=0.1


Tree=63
num_leaves=7
num_cat=0
split_feature=0 0 0 0 0 0
split_gain=0.0195583 0.014388 0.00648719 0.000700009 0.000303515 2.52935e-05
threshold=0.45000000000000007 0.25000000000000006 1.0000000180025095e-35 0.35000000000000003 0.15000000000000005 0.75000000000000011
decision_type=2 2 2 2 2 2
left_child=1 2 -1 -3 -4 -2
right_child=5 3 4 -5 -6 -7
leaf_value=0.0022511034710533222 -0.0038658174279363553 0.0056338368783277488 -0.0017940785626183852 0.008204045894584254 -0.0035316797356483576 -0.0020450119847570955
leaf_weight=9.2361990585923213 0.076568160322497344 1.665847907308488 2.4527930868789545 2.9120259829796851 1.7033896559150887 21.200286294333637
leaf_count=24 10 20 22 32 24 78
internal_value=0 0.0242906 0.00774717 0.0726877 -0.0250623 -0.0205156
internal_weight=0 17.9703 13.3924 4.57787 4.15618 21.2769
internal_count=210 122 70 52 46 88
shrinkage=0.1


Tree=64
num_leaves=7
num_cat=0
split_feature=0 0 0 0 0 0
split_gain=2.63056 0.285884 0.0302543 0.00260703 0.00345538 0.000503727
threshold=1.0000000180025095e-35 0.75000000000000011 0.35000000000000003 0.25000000000000006 0.15000000000000005 0.45000000000000007
decision_type=2 2 2 2 2 2
left_child=-1 2 3 4 -2 -4
right_child=1 -3 5 -5 -6 -7
leaf_value=-0.035160476637696038 0.002737661979837709 0.02842525908990759 0.013934444215897729 0.0050902539405004704 -0.0030775777983724434 0.0067063866197533302
leaf_weight=13.596856974065302 2.5592386061325669 14.883383790962398 3.1671739672310655 1.657363776117563 1.7008697070414198 0.09944394940976041
leaf_count=24 22 78 32 20 24 10
internal_value=0 0.198638 0.0598948 0.0172509 0.00415898 0.137144
internal_weight=0 24.0675 9.18409 5.91747 4.26011 3.26662
internal_count=210 186 108 66 46 42
shrinkage=0.1


Tree=65
num_leaves=7
num_cat=0
split_feature=0 0 0 0 0 0
split_gain=0.14386 0.00167849 0.000286334 0.00113855 0.000202515 0.000132686
threshold=1.0000000180025095e-35 0.15000000000000005 0.25000000000000006 0.35000000000000003 0.45000000000000007 0.75000000000000011
decision_type=2 2 2 2 2 2
left_child=-1 -2 -3 -4 -5 -6
right_child=1 2 3 4 5 -7
leaf_value=0.01481616917132135 -0.00053054150981400572 -0.0042499113730246896 -0.00036865749570728624 -0.0037827981461105841 0.00056356014789560652 -0.0029869380862838513
leaf_weight=5.5285287946462622 3.0663505755364922 1.7168640953023011 1.6409577690064931 3.6057133786380318 0.10582202859223144 19.686790044419467
leaf_count=24 22 24 20 32 10 78
internal_value=0 -0.0274664 -0.0300061 -0.0291495 -0.0309352 -0.0296796
internal_weight=0 29.8225 26.7561 25.0393 23.3983 19.7926
internal_count=210 186 164 140 120 88
shrinkage=0.1


Tree=66
num_leaves=7
num_cat=0
split_feature=0 0 0 0 0 0
split_gain=0.143445 0.00224057 0.000304745 0.00103027 0.000658745 5.2998e-05
threshold=1.0000000180025095e-35 0.75000000000000011 0.25000000000000006 0.15000000000000005 0.35000000000000003 0.45000000000000007
decision_type=2 2 2 2 2 2
left_child=-1 2 3 -2 -4 -6
right_child=1 -3 4 -5 5 -7
leaf_value=0.014247615605905187 -0.0010417244958335994 -0.0034338984121669303 0.00057627854955676148 -0.0041273004180914551 -0.0019008935015769426 0.00040017574279893213
leaf_weight=5.8979440778493872 2.9326360654085892 19.896432946436107 1.6627525826916096 1.7149234474636612 3.4592938795685773 0.10307447426021088
leaf_count=24 22 78 20 24 32 10
internal_value=0 -0.0282278 -0.0159119 -0.0218028 -0.0106721 -0.0183431
internal_weight=0 29.7691 9.87268 4.64756 5.22512 3.56237
internal_count=210 186 108 46 62 42
shrinkage=0.1


Tree=67
num_leaves=7
num_cat=0
split_feature=0 0 0 0 0 0
split_gain=0.126477 0.00612745 0.0025113 0.000603766 0.000165021 4.73028e-06
threshold=1.0000000180025095e-35 0.75000000000000011 0.25000000000000006 0.15000000000000005 0.35000000000000003 0.45000000000000007
decision_type=2 2 2 2 2 2
left_child=-1 2 3 -2 -4 -6
right_child=1 -3 4 -5 5 -7
leaf_value=0.012594788933699801 -0.0015103386710288579 -0.0037561585475543741 0.0016434732576272012 -0.0038876293959578725 0.00045079999768277037 -0.00025480029385220896
leaf_weight=6.5390564799308768 2.8442705767229217 20.135410408489406 1.6596954008564351 1.7109831392299382 3.3686664905399089 0.09776737517677235
leaf_count=24 22 78 20 24 32 10
internal_value=0 -0.0276213 -0.00694749 -0.0240326 0.00823496 0.00430899
internal_weight=0 29.8168 9.68138 4.55525 5.12613 3.46643
internal_count=210 186 108 46 62 42
shrinkage=0.1


Tree=68
num_leaves=7
num_cat=0
split_feature=0 0 0 0 0 0
split_gain=0.0600926 0.0108943 0.0119775 0.000119076 6.69659e-05 1.92758e-05
threshold=1.0000000180025095e-35 0.45000000000000007 0.25000000000000006 0.35000000000000003 0.15000000000000005 0.75000000000000011
decision_type=2 2 2 2 2 2
left_child=-1 2 4 -4 -2 -3
right_child=1 5 3 -5 -6 -7
leaf_value=0.0077883757960396345 -0.0026540078730265511 -0.0018349117719654207 0.0035045566314977185 0.0045511560446953366 -0.0034515566543874329 -0.0033277984532852755
leaf_weight=7.8517745286226264 2.7554617924615759 0.086853926768528988 1.6275853188708422 3.2734812675043941 1.7037304078694431 20.554646055214107
leaf_count=24 22 10 20 32 24 78
internal_value=0 -0.020383 0.0079149 0.0420359 -0.0295873 -0.0332152
internal_weight=0 30.0018 9.36026 4.90107 4.45919 20.6415
internal_count=210 186 98 52 46 88
shrinkage=0.1


Tree=69
num_leaves=7
num_cat=0
split_feature=0 0 0 0 0 0
split_gain=2.71741 0.339034 0.453984 0.00824499 0.0032757 4.73904e-05
threshold=1.0000000180025095e-35 0.75000000000000011 0.15000000000000005 0.35000000000000003 0.45000000000000007 0.25000000000000006
decision_type=2 2 2 2 2 2
left_child=-1 2 -2 5 -5 -4
right_child=1 -3 3 4 -6 -7
leaf_value=-0.035784804641350726 0.044059358647436056 0.029458870737532752 -0.0028363280453055396 -0.010411997939157681 0.0081597425766716004 -0.0035926529762030737
leaf_weight=13.619570910930632 2.3006813284009695 14.808807956986129 1.6974764884216711 3.8810507734306161 0.097354981815442318 1.618273438885808
leaf_count=24 22 78 24 32 10 20
internal_value=0 0.199713 0.0532817 -0.068882 -0.0995753 -0.0320546
internal_weight=0 24.4036 9.59484 7.29416 3.97841 3.31575
internal_count=210 186 108 86 42 44
shrinkage=0.1


Tree=70
num_leaves=7
num_cat=0
split_feature=0 0 0 0 0 0
split_gain=0.137914 0.00196633 0.000570811 0.000857806 7.94238e-05 7.29022e-05
threshold=1.0000000180025095e-35 0.75000000000000011 0.25000000000000006 0.15000000000000005 0.35000000000000003 0.45000000000000007
decision_type=2 2 2 2 2 2
left_child=-1 2 3 -2 -4 -6
right_child=1 -3 4 -5 5 -7
leaf_value=0.014478251399864054 -0.0012597926859640124 -0.0032860424529197125 -0.00026039341166867093 -0.0041132754684719925 -0.0011823303907442569 0.001472138734433877
leaf_weight=5.5376209728419772 2.7278854586184043 19.972544635646045 1.7428404754027722 1.7163723423145709 3.1730133797973399 0.10695035639218976
leaf_count=24 22 78 20 24 32 10
internal_value=0 -0.0272337 -0.0153632 -0.0236181 -0.0080591 -0.0109578
internal_weight=0 29.4396 9.46706 4.44426 5.0228 3.27996
internal_count=210 186 108 46 62 42
shrinkage=0.1


Tree=71
num_leaves=7
num_cat=0
split_feature=0 0 0 0 0 0
split_gain=0.139496 0.00446095 0.00126603 0.000830859 1.1349e-05 1.30572e-05
threshold=1.0000000180025095e-35 0.75000000000000011 0.25000000000000006 0.15000000000000005 0.35000000000000003 0.45000000000000007
decision_type=2 2 2 2 2 2
left_child=-1 2 3 -2 -4 -6
right_child=1 -3 4 -5 5 -7
leaf_value=0.014074007853144077 -0.0011423353582147165 -0.0036442487160102256 0.0002944990580559055 -0.0039597815099514889 -5.871744205590516e-05 0.0010795637934327233
leaf_weight=5.8726138845086089 2.6887237243354338 20.095471690408885 1.7375283883884547 1.7138732071034608 3.1406161673367028 0.10411519347690036
leaf_count=24 22 78 20 24 32 10
internal_value=0 -0.028036 -0.0100356 -0.0223913 0.000882512 -0.000221929
internal_weight=0 29.4803 9.38486 4.4026 4.98226 3.24473
internal_count=210 186 108 46 62 42
shrinkage=0.1


Tree=72
num_leaves=7
num_cat=0
split_feature=0 0 0 0 0 0
split_gain=0.126912 0.00896095 0.00289856 0.000772492 1.35529e-05 1.52031e-05
threshold=1.0000000180025095e-35 0.75000000000000011 0.25000000000000006 0.15000000000000005 0.35000000000000003 0.45000000000000007
decision_type=2 2 2 2 2 2
left_child=-1 2 3 -2 -4 -6
right_child=1 -3 4 -5 5 -7
leaf_value=0.012697516280471253 -0.0010038965240530694 -0.0039516043396537305 0.0012408407100673018 -0.0037346029866681674 0.0016278292345046472 0.00036971388247595454
leaf_weight=6.4595155939459792 2.6278443308547157 20.295905168168247 1.7268681917339561 1.7101427535526452 3.0881123039871459 0.099131686147302278
leaf_count=24 22 78 20 24 32 10
internal_value=0 -0.0277582 -0.00196545 -0.0208041 0.0146646 0.015887
internal_weight=0 29.548 9.2521 4.33799 4.91411 3.18724
internal_count=210 186 108 46 62 42
shrinkage=0.1


Tree=73
num_leaves=7
num_cat=0
split_feature=0 0 0 0 0 0
split_gain=0.0700131 0.0151964 0.00762466 0.000641978 0.000236065 0.000276903
threshold=1.0000000180025095e-35 0.75000000000000011 0.25000000000000006 0.15000000000000005 0.45000000000000007 0.35000000000000003
decision_type=2 2 2 2 2 2
left_child=-1 2 3 -2 5 -4
right_child=1 -3 4 -5 -6 -7
leaf_value=0.0085326573691849438 -0.00084926310141893819 -0.0036900658622079905 0.003049581135207282 -0.0033625117354628268 -0.0011269354769302211 0.0046471714393474441
leaf_weight=7.6467380225658408 2.5188199607655424 20.687616880051792 1.7051742905750868 1.7039024252444503 0.089204055489972123 2.9825957296416163
leaf_count=24 22 78 20 24 10 32
internal_value=0 -0.0219781 0.0123245 -0.0186338 0.0396908 0.0406605
internal_weight=0 29.6873 8.9997 4.22272 4.77697 4.68777
internal_count=210 186 108 46 62 52
shrinkage=0.1


Tree=74
num_leaves=7
num_cat=0
split_feature=0 0 0 0 0 0
split_gain=2.9918 0.293076 0.0317365 0.00181644 0.00409072 0.000606224
threshold=1.0000000180025095e-35 0.75000000000000011 0.35000000000000003 0.25000000000000006 0.15000000000000005 0.45000000000000007
decision_type=2 2 2 2 2 2
left_child=-1 2 3 4 -2 -4
right_child=1 -3 5 -5 -6 -7
leaf_value=-0.037259878929164734 0.0038697518806127583 0.029587237542221746 0.015218634555957884 0.0051202558474431345 -0.0025448556417140347 0.0071586578980921871
leaf_weight=13.732497625052927 2.4052352220751345 15.29216034244746 2.9514522678218786 1.6827953117899594 1.6946104064118115 0.096364807686768347
leaf_count=24 22 78 32 20 24 10
internal_value=0 0.212113 0.0670615 0.0235385 0.0121837 0.149638
internal_weight=0 24.1226 8.83046 5.78264 4.09985 3.04782
internal_count=210 186 108 66 46 42
shrinkage=0.1


Tree=75
num_leaves=7
num_cat=0
split_feature=0 0 0 0 0 0
split_gain=0.137841 0.00181336 0.000259794 0.000746793 0.000716483 0.000158181
threshold=1.0000000180025095e-35 0.75000000000000011 0.25000000000000006 0.15000000000000005 0.35000000000000003 0.45000000000000007
decision_type=2 2 2 2 2 2
left_child=-1 2 3 -2 -4 -6
right_child=1 -3 4 -5 5 -7
leaf_value=0.014531148682519986 -0.0011166367775419012 -0.0032567588548774772 0.000572451801973986 -0.0037748364696115182 -0.0020676045475675853 0.0018399065579970551
leaf_weight=5.5005309656262389 2.7608976596966404 19.924190859310329 1.7162432242184875 1.7123837335966525 3.2275283094495539 0.1070344178006052
leaf_count=24 22 78 20 24 32 10
internal_value=0 -0.0271422 -0.0157923 -0.021342 -0.0108772 -0.0194218
internal_weight=0 29.4483 9.52409 4.47328 5.05081 3.33456
internal_count=210 186 108 46 62 42
shrinkage=0.1


Tree=76
num_leaves=7
num_cat=0
split_feature=0 0 0 0 0 0
split_gain=0.140136 0.00415677 0.00084407 0.000684151 0.000367595 5.4453e-05
threshold=1.0000000180025095e-35 0.75000000000000011 0.25000000000000006 0.15000000000000005 0.35000000000000003 0.45000000000000007
decision_type=2 2 2 2 2 2
left_child=-1 2 3 -2 -4 -6
right_child=1 -3 4 -5 5 -7
leaf_value=0.014188055258412033 -0.0010887506677319228 -0.0036130501952152437 0.0010081217246683137 -0.003641076389147064 -0.00087048769871758214 0.0014501810711715342
leaf_weight=5.8147994689643374 2.7215457269921917 20.041930164210498 1.715067791752517 1.7101496509276328 3.192184099927545 0.10441776667721558
leaf_count=24 22 78 20 24 32 10
internal_value=0 -0.0279803 -0.0106829 -0.0207367 -0.00179249 -0.00796982
internal_weight=0 29.4853 9.44337 4.4317 5.01167 3.2966
internal_count=210 186 108 46 62 42
shrinkage=0.1


Tree=77
num_leaves=7
num_cat=0
split_feature=0 0 0 0 0 0
split_gain=0.130563 0.00835018 0.00234193 0.000577817 0.000103611 3.95129e-08
threshold=1.0000000180025095e-35 0.75000000000000011 0.25000000000000006 0.15000000000000005 0.35000000000000003 0.45000000000000007
decision_type=2 2 2 2 2 2
left_child=-1 2 3 -2 -4 -6
right_child=1 -3 4 -5 5 -7
leaf_value=0.013002368904176871 -0.0010868668084891482 -0.0039378420778525087 0.0017995928032617154 -0.003443449879495165 0.00083916085839938048 0.00077526175490722057
leaf_weight=6.3557595834136 2.6650550626218337 20.227751131169498 1.7081640353426335 1.7068112427368758 3.1415206529200081 0.099847738631069549
leaf_count=24 22 78 20 24 32 10
internal_value=0 -0.0279669 -0.00320363 -0.020069 0.0116933 0.00837192
internal_weight=0 29.5491 9.3214 4.37187 4.94953 3.24137
internal_count=210 186 108 46 62 42
shrinkage=0.1


Tree=78
num_leaves=7
num_cat=0
split_feature=0 0 0 0 0 0
split_gain=0.0817305 0.014426 0.00689983 0.000377856 0.000160023 1.90444e-05
threshold=1.0000000180025095e-35 0.75000000000000011 0.25000000000000006 0.15000000000000005 0.45000000000000007 0.35000000000000003
decision_type=2 2 2 2 2 2
left_child=-1 2 3 -2 5 -4
right_child=1 -3 4 -5 -6 -7
leaf_value=0.0093811293481378174 -0.0011949251303424412 -0.0038139016928136053 0.0033681138435813019 -0.0031163942284844486 -0.00059911740474857963 0.0037866504759605651
leaf_weight=7.4278861060738555 2.568724983371796 20.579479421488941 1.6901800516061483 1.7012457279488442 0.090872236760333069 3.0473125614225864
leaf_count=24 22 78 20 24 10 32
internal_value=0 -0.0234795 0.00967891 -0.0196048 0.035576 0.0363733
internal_weight=0 29.6778 9.09834 4.26997 4.82836 4.73749
internal_count=210 186 108 46 62 52
shrinkage=0.1


Tree=79
num_leaves=7
num_cat=0
split_feature=0 0 0 0 0 0
split_gain=3.25315 0.322985 0.0328092 0.00333774 0.00257407 0.000567035
threshold=1.0000000180025095e-35 0.75000000000000011 0.35000000000000003 0.25000000000000006 0.15000000000000005 0.45000000000000007
decision_type=2 2 2 2 2 2
left_child=-1 2 3 4 -2 -4
right_child=1 -3 5 -5 -6 -7
leaf_value=-0.038763621097551021 0.0028454142857847293 0.030665854358405287 0.015348387226814426 0.0060739013892538926 -0.0022352130709902486 0.0074412172334012722
leaf_weight=13.815197974443434 2.4318405948579311 15.530081856064498 2.955999565776438 1.659002315951511 1.6903680040268225 0.093562197987921425
leaf_count=24 22 78 32 20 24 10
internal_value=0 0.219831 0.0671333 0.0228635 0.00762034 0.151058
internal_weight=0 24.3609 8.83077 5.78121 4.12221 3.04956
internal_count=210 186 108 66 46 42
shrinkage=0.1


Tree=80
num_leaves=7
num_cat=0
split_feature=0 0 0 0 0 0
split_gain=0.137126 0.00184518 0.000711577 0.000730587 6.85486e-05 0.000238579
threshold=1.0000000180025095e-35 0.35000000000000003 0.25000000000000006 0.15000000000000005 0.75000000000000011 0.45000000000000007
decision_type=2 2 2 2 2 2
left_child=-1 2 3 -2 5 -3
right_child=1 4 -4 -5 -6 -7
leaf_value=0.014587293690071038 -0.00083521419018008677 -0.0028359515073020335 0.00059360929368597142 -0.0034477087724384147 -0.0031697646015235708 0.0019567760285754566
leaf_weight=5.4415125660598269 2.8668304672464755 3.3622946720570357 1.6840803539380429 1.7082918898668138 19.801767225377262 0.10717525240033854
leaf_count=24 22 32 20 24 78 10
internal_value=0 -0.0268797 -0.0116379 -0.0181069 -0.0309792 -0.026879
internal_weight=0 29.5304 6.2592 4.57512 23.2712 3.46947
internal_count=210 186 66 46 120 42
shrinkage=0.1


Tree=81
num_leaves=7
num_cat=0
split_feature=0 0 0 0 0 0
split_gain=0.140222 0.00347506 0.000354308 0.000715256 0.000601009 0.000104993
threshold=1.0000000180025095e-35 0.75000000000000011 0.25000000000000006 0.35000000000000003 0.15000000000000005 0.45000000000000007
decision_type=2 2 2 2 2 2
left_child=-1 2 4 -4 -2 -5
right_child=1 -3 3 5 -6 -7
leaf_value=0.014318596455740901 -0.00096201380737232747 -0.0035297628401132989 0.0010386730976213296 -0.0015761496411872311 -0.0033407749235172266 0.001637413080766527
leaf_weight=5.7286525741219512 2.8129423288628477 19.925547893159091 1.6891683591529725 3.307438345625997 1.7064809089060871 0.10489250952377904
leaf_count=24 22 78 20 32 24 10
internal_value=0 -0.0277618 -0.0121546 -0.00644276 -0.0186021 -0.0147737
internal_weight=0 29.5465 9.62092 5.1015 4.51942 3.41233
internal_count=210 186 108 62 46 42
shrinkage=0.1


Tree=82
num_leaves=7
num_cat=0
split_feature=0 0 0 0 0 0
split_gain=0.13449 0.00715524 0.0015876 0.000434742 0.000292381 8.89244e-06
threshold=1.0000000180025095e-35 0.75000000000000011 0.25000000000000006 0.15000000000000005 0.35000000000000003 0.45000000000000007
decision_type=2 2 2 2 2 2
left_child=-1 2 3 -2 -4 -6
right_child=1 -3 4 -5 5 -7
leaf_value=0.013382128871224655 -0.0011432133199483505 -0.0038757771348314242 0.0017450720359561578 -0.0031752970739884487 0.0001021133993964188 0.0010553478275992954
leaf_weight=6.2079040929675093 2.7558372542262095 20.098132560960948 1.6861391765996812 1.7036490167956797 3.2526199463754897 0.10089950216934074
leaf_count=24 22 78 20 24 32 10
internal_value=0 -0.0280684 -0.00545212 -0.0191953 0.0067089 0.00130794
internal_weight=0 29.5973 9.49914 4.45949 5.03966 3.35352
internal_count=210 186 108 46 62 42
shrinkage=0.1


Tree=83
num_leaves=7
num_cat=0
split_feature=0 0 0 0 0 0
split_gain=0.0972083 0.0126841 0.00571457 0.00018163 8.49783e-05 4.77124e-06
threshold=1.0000000180025095e-35 0.75000000000000011 0.25000000000000006 0.15000000000000005 0.45000000000000007 0.35000000000000003
decision_type=2 2 2 2 2 2
left_child=-1 2 3 -2 5 -4
right_child=1 -3 4 -5 -6 -7
leaf_value=0.010489801616688634 -0.0015760610146519081 -0.0039117891510571752 0.0030681739448919477 -0.0028980713177832618 -0.00011692825273180181 0.0028593778411908307
leaf_weight=7.1254190951585761 2.6765418965369481 20.398160452954471 1.6702388674020765 1.6988803362473843 0.093212103471159824 3.1745628956705332
leaf_count=24 22 78 20 24 10 32
internal_value=0 -0.0251566 0.0054213 -0.0208937 0.0287382 0.0293136
internal_weight=0 29.7116 9.31344 4.37542 4.93801 4.8448
internal_count=210 186 108 46 62 52
shrinkage=0.1


Tree=84
num_leaves=7
num_cat=0
split_feature=0 0 0 0 0 0
split_gain=0.022552 0.0142754 0.00862116 0.000638555 3.92875e-05 1.58634e-06
threshold=0.45000000000000007 0.25000000000000006 1.0000000180025095e-35 0.35000000000000003 0.15000000000000005 0.75000000000000011
decision_type=2 2 2 2 2 2
left_child=1 2 -1 -3 -4 -2
right_child=5 3 4 -5 -6 -7
leaf_value=0.0026737111682892077 -0.0026693103610862462 0.0057735324943285664 -0.0030295219818551647 0.0082307919014674765 -0.0024081472212219512 -0.0022144245218644119
leaf_weight=9.1077785640954989 0.076944450382145813 1.6259943922050286 2.5562560376711181 3.0249592242762446 1.6904057062929494 21.051389212720096
leaf_count=24 10 20 22 32 24 78
internal_value=0 0.0260045 0.00938758 0.0737172 -0.0278218 -0.0221608
internal_weight=0 18.0054 13.3544 4.65095 4.24666 21.1283
internal_count=210 122 70 52 46 88
shrinkage=0.1


Tree=85
num_leaves=7
num_cat=0
split_feature=0 0 0 0 0 0
split_gain=2.58794 0.325929 0.494013 0.0130686 0.00397405 0.000169614
threshold=1.0000000180025095e-35 0.75000000000000011 0.15000000000000005 0.35000000000000003 0.45000000000000007 0.25000000000000006
decision_type=2 2 2 2 2 2
left_child=-1 2 -2 5 -5 -4
right_child=1 -3 3 4 -6 -7
leaf_value=-0.034984036291523128 0.045346871569287184 0.028946850997451069 -0.0020983808003578043 -0.011781525026489704 0.0085463414705346952 -0.0035337448152999284
leaf_weight=13.568863958120344 2.334673810750246 14.633832397870719 1.6889615840045735 3.9385833484120667 0.0985794476000591 1.6061543109826744
leaf_count=24 22 78 24 32 10 20
internal_value=0 0.195341 0.0528505 -0.0747105 -0.112852 -0.0279803
internal_weight=0 24.3008 9.66695 7.33228 4.03716 3.29512
internal_count=210 186 108 86 42 44
shrinkage=0.1


Tree=86
num_leaves=7
num_cat=0
split_feature=0 0 0 0 0 0
split_gain=0.136077 0.00355521 0.00053821 0.00047217 7.5618e-05 6.65351e-05
threshold=1.0000000180025095e-35 0.75000000000000011 0.25000000000000006 0.15000000000000005 0.45000000000000007 0.35000000000000003
decision_type=2 2 2 2 2 2
left_child=-1 2 3 -2 5 -4
right_child=1 -3 4 -5 -6 -7
leaf_value=0.014324556247571806 -0.0010970504562519549 -0.003471641352425277 3.7150726235120423e-05 -0.0032213349914770118 0.002233190090220554 -0.00073391091941154727
leaf_weight=5.5742821358144274 2.706976714544 19.984392280690372 1.7370004709810016 1.7056203237734733 0.10655828611925232 3.1460099592804909
leaf_count=24 22 78 20 24 10 32
internal_value=0 -0.027172 -0.0111362 -0.0191816 -0.00402118 -0.00459626
internal_weight=0 29.3866 9.40217 4.4126 4.98957 4.88301
internal_count=210 186 108 46 62 52
shrinkage=0.1


Tree=87
num_leaves=7
num_cat=0
split_feature=0 0 0 0 0 0
split_gain=0.137057 0.00664425 0.00122836 0.000459574 1.72492e-05 5.82388e-06
threshold=1.0000000180025095e-35 0.75000000000000011 0.25000000000000006 0.15000000000000005 0.45000000000000007 0.35000000000000003
decision_type=2 2 2 2 2 2
left_child=-1 2 3 -2 5 -4
right_child=1 -3 4 -5 -6 -7
leaf_value=0.013869270291370568 -0.00098938665447910359 -0.0038172741028231526 0.00061148753836729982 -0.0030919821928091311 0.0017684831184224964 0.00038269885240195555
leaf_weight=5.9302430301904669 2.6673482563346642 20.112665872089565 1.7312743943184612 1.7034190958365796 0.10360618866980063 3.1135450582951307
leaf_count=24 22 78 20 24 10 32
internal_value=0 -0.0279453 -0.00587235 -0.0180883 0.00491758 0.00464455
internal_weight=0 29.4319 9.31919 4.37077 4.94843 4.84482
internal_count=210 186 108 46 62 52
shrinkage=0.1


Tree=88
num_leaves=7
num_cat=0
split_feature=0 0 0 0 0 0
split_gain=0.121509 0.0117725 0.00292105 0.000424944 2.52018e-05 1.31125e-05
threshold=1.0000000180025095e-35 0.75000000000000011 0.25000000000000006 0.15000000000000005 0.35000000000000003 0.45000000000000007
decision_type=2 2 2 2 2 2
left_child=-1 2 3 -2 -4 -6
right_child=1 -3 4 -5 5 -7
leaf_value=0.012306315111355754 -0.00086115056905184501 -0.0040797542262558488 0.0016024353306102138 -0.0028937854376471501 0.0021147380988471684 0.00094130516174152775
leaf_weight=6.5633623972535124 2.6039041709154862 20.32618413399905 1.7199733490124343 1.7000105667393652 3.058596415445209 0.098289190558716544
leaf_count=24 22 78 20 24 32 10
internal_value=0 -0.0273735 0.00234727 -0.0166402 0.0191041 0.020782
internal_weight=0 29.507 9.18077 4.30391 4.87686 3.15689
internal_count=210 186 108 46 62 42
shrinkage=0.1


Tree=89
num_leaves=7
num_cat=0
split_feature=0 0 0 0 0 0
split_gain=0.0612433 0.0143137 0.00819871 0.000340332 0.000335035 6.99773e-05
threshold=0.45000000000000007 1.0000000180025095e-35 0.25000000000000006 0.15000000000000005 0.35000000000000003 0.75000000000000011
decision_type=2 2 2 2 2 2
left_child=1 -1 3 -3 -4 -2
right_child=5 2 4 -5 -6 -7
leaf_value=0.0076163480432754702 -0.00079208971689877878 -0.00071739040632552589 0.0035239587072442694 -0.0025549581728368954 0.0052881425706341268 -0.0036266034360347881
leaf_weight=7.8650647252798107 0.08746338915080086 2.4882184839807433 1.6969382292591033 1.6941386994440106 2.9440900729969144 20.754682774655521
leaf_count=24 10 22 20 24 32 78
internal_value=0 0.045144 0.0174935 -0.0146173 0.0464309 -0.0361471
internal_weight=0 16.6885 8.82339 4.18236 4.64103 20.8421
internal_count=210 122 98 46 52 88
shrinkage=0.1


Tree=90
num_leaves=7
num_cat=0
split_feature=0 0 0 0 0 0
split_gain=2.83765 0.275549 0.0291517 0.00146302 0.00335781 0.000526459
threshold=1.0000000180025095e-35 0.75000000000000011 0.35000000000000003 0.25000000000000006 0.15000000000000005 0.45000000000000007
decision_type=2 2 2 2 2 2
left_child=-1 2 3 4 -2 -4
right_child=1 -3 5 -5 -6 -7
leaf_value=-0.036338593825004824 0.0039177357833775611 0.028947425300694607 0.014846569077896207 0.0050244869515869229 -0.0018997770152067554 0.0074003379659220887
leaf_weight=13.679271109402178 2.4082869859412313 15.119049268774688 2.9653316331095998 1.6812671548686919 1.6872816508403046 0.098090142710134276
leaf_count=24 22 78 32 20 24 10
internal_value=0 0.207471 0.0672243 0.0254068 0.0152105 0.146081
internal_weight=0 23.9593 8.84026 5.77684 4.09557 3.06342
internal_count=210 186 108 66 46 42
shrinkage=0.1


Tree=91
num_leaves=7
num_cat=0
split_feature=0 0 0 0 0 0
split_gain=0.136518 0.00314529 0.000258103 0.000659627 0.000407655 0.000184288
threshold=1.0000000180025095e-35 0.75000000000000011 0.25000000000000006 0.35000000000000003 0.15000000000000005 0.45000000000000007
decision_type=2 2 2 2 2 2
left_child=-1 2 4 -4 -2 -5
right_child=1 -3 3 5 -6 -7
leaf_value=0.014401216379761567 -0.0010114566989594981 -0.0034254293954066465 0.00087338014863969559 -0.0016813404212519907 -0.0029817183491035173 0.0025392224659417074
leaf_weight=5.5390316471457473 2.7399286320433038 19.940994600765407 1.7118116123601792 3.2000547833740716 1.7027504632715134 0.1069125437643378
leaf_count=24 22 78 20 32 24 10
internal_value=0 -0.02713 -0.0121147 -0.00720064 -0.017666 -0.0154489
internal_weight=0 29.4025 9.46146 5.01878 4.44268 3.30697
internal_count=210 186 108 62 46 42
shrinkage=0.1


Tree=92
num_leaves=7
num_cat=0
split_feature=0 0 0 0 0 0
split_gain=0.138191 0.00602765 0.000851977 0.000367701 0.000334253 6.65673e-05
threshold=1.0000000180025095e-35 0.75000000000000011 0.25000000000000006 0.15000000000000005 0.35000000000000003 0.45000000000000007
decision_type=2 2 2 2 2 2
left_child=-1 2 3 -2 -4 -6
right_child=1 -3 4 -5 5 -7
leaf_value=0.014003056272145237 -0.00098991842144324879 -0.0037724021543765148 0.0013272382824108578 -0.0028670421856953356 -0.0004800239773224511 0.0020891031907725364
leaf_weight=5.8752031102776519 2.7004954377189296 20.063894088380039 1.7100084591656921 1.7007570217829195 3.1653339723125105 0.10417234548367547
leaf_count=24 22 78 20 24 32 10
internal_value=0 -0.0279408 -0.00701609 -0.0171529 0.00194352 -0.00398167
internal_weight=0 29.4447 9.38077 4.40125 4.97951 3.26951
internal_count=210 186 108 46 62 42
shrinkage=0.1


Tree=93
num_leaves=7
num_cat=0
split_feature=0 0 0 0 0 0
split_gain=0.125638 0.010839 0.00244677 0.000295635 8.45036e-05 5.98559e-10
threshold=1.0000000180025095e-35 0.75000000000000011 0.25000000000000006 0.15000000000000005 0.35000000000000003 0.45000000000000007
decision_type=2 2 2 2 2 2
left_child=-1 2 3 -2 -4 -6
right_child=1 -3 4 -5 5 -7
leaf_value=0.01262750607057047 -0.00099829669729347629 -0.004060272018558418 0.0021681199949747767 -0.0026896366240737315 0.001296366046397634 0.0013042546358641681
leaf_weight=6.4637838304042807 2.641480437479915 20.263030822388828 1.7022599857300518 1.6976601064670829 3.1124747805297379 0.0992523559834807
leaf_count=24 22 78 20 24 32 10
internal_value=0 -0.0276531 0.000704617 -0.0166002 0.0159851 0.0129661
internal_weight=0 29.5162 9.25313 4.33914 4.91399 3.21173
internal_count=210 186 108 46 62 42
shrinkage=0.1


Tree=94
num_leaves=7
num_cat=0
split_feature=0 0 0 0 0 0
split_gain=0.0689192 0.016958 0.00751616 0.000181373 0.00015899 3.65962e-05
threshold=1.0000000180025095e-35 0.75000000000000011 0.25000000000000006 0.45000000000000007 0.15000000000000005 0.35000000000000003
decision_type=2 2 2 2 2 2
left_child=-1 2 4 5 -2 -4
right_child=1 -3 3 -5 -6 -7
leaf_value=0.0084602593981641053 -0.0011330023995996441 -0.0037623409949877869 0.0038648051664741247 -0.00031052494155038297 -0.0023843746574092948 0.0044471412135893207
leaf_weight=7.6539126858115187 2.5379512258805352 20.65213807951659 1.6826196294277904 0.089323606574907774 1.6923155784606931 3.0090667866170406
leaf_count=24 22 78 20 10 24 32
internal_value=0 -0.0218296 0.0143669 0.0415331 -0.0163361 0.0423829
internal_weight=0 29.6634 9.01128 4.78101 4.23027 4.69169
internal_count=210 186 108 62 46 52
shrinkage=0.1


Tree=95
num_leaves=7
num_cat=0
split_feature=0 0 0 0 0 0
split_gain=2.98989 0.296583 0.0294083 0.00266971 0.0021895 0.000486836
threshold=1.0000000180025095e-35 0.75000000000000011 0.35000000000000003 0.25000000000000006 0.15000000000000005 0.45000000000000007
decision_type=2 2 2 2 2 2
left_child=-1 2 3 4 -2 -4
right_child=1 -3 5 -5 -6 -7
leaf_value=-0.037264241964974645 0.0030081676912305593 0.029654192638251399 0.014768814626076286 0.0058452436111180077 -0.0016779555058853302 0.0075532428417108824
leaf_weight=13.724475085735319 2.4436570503748953 15.25247638951987 2.9912721849977975 1.6596036967821417 1.6842554032336918 0.096523660235106848
leaf_count=24 22 78 32 20 24 10
internal_value=0 0.211968 0.0666255 0.0245798 0.0109615 0.145433
internal_weight=0 24.1278 8.87531 5.78752 4.12791 3.0878
internal_count=210 186 108 66 46 42
shrinkage=0.1


Tree=96
num_leaves=7
num_cat=0
split_feature=0 0 0 0 0 0
split_gain=0.136568 0.00263082 0.000762552 0.000393734 0.00032917 0.000273591
threshold=1.0000000180025095e-35 0.35000000000000003 0.25000000000000006 0.15000000000000005 0.75000000000000011 0.45000000000000007
decision_type=2 2 2 2 2 2
left_child=-1 2 3 -2 5 -3
right_child=1 4 -4 -5 -6 -7
leaf_value=0.014474074941383211 -0.00082357227222217629 -0.0024419262057143389 0.00094791989201581178 -0.0027481610423885773 -0.0033420704133459963 0.0026873200516324136
leaf_weight=5.4948371797800055 2.8373611113056567 3.3260902594774993 1.6826088344678281 1.6997931811492888 19.83380591403693 0.10734704392962148
leaf_count=24 22 32 20 24 78 10
internal_value=0 -0.0269721 -0.00870306 -0.015446 -0.0318558 -0.0228156
internal_weight=0 29.487 6.21976 4.53715 23.2672 3.43344
internal_count=210 186 66 46 120 42
shrinkage=0.1


Tree=97
num_leaves=7
num_cat=0
split_feature=0 0 0 0 0 0
split_gain=0.138918 0.00515356 0.000438313 0.000677949 0.000306963 0.000122431
threshold=1.0000000180025095e-35 0.75000000000000011 0.25000000000000006 0.35000000000000003 0.15000000000000005 0.45000000000000007
decision_type=2 2 2 2 2 2
left_child=-1 2 4 -4 -2 -5
right_child=1 -3 3 5 -6 -7
leaf_value=0.014132331356425377 -0.00094667000828335907 -0.0036967945411720362 0.0014030792653557192 -0.0011595361860486304 -0.0026522659068910093 0.0023112083359951865
leaf_weight=5.8112868852913371 2.7870474765077251 19.961484189145267 1.6857458529993889 3.2762304916977887 1.698118506465107 0.10488959494978178
leaf_count=24 22 78 20 32 24 10
internal_value=0 -0.0278269 -0.00872435 -0.00235106 -0.0159242 -0.0105187
internal_weight=0 29.5135 9.55203 5.06687 4.48517 3.38112
internal_count=210 186 108 62 46 42
shrinkage=0.1


Tree=98
num_leaves=7
num_cat=0
split_feature=0 0 0 0 0 0
split_gain=0.129376 0.00951658 0.0018977 0.000252989 0.000189041 9.19693e-06
threshold=1.0000000180025095e-35 0.75000000000000011 0.25000000000000006 0.35000000000000003 0.15000000000000005 0.45000000000000007
decision_type=2 2 2 2 2 2
left_child=-1 2 4 -4 -2 -5
right_child=1 -3 3 5 -6 -7
leaf_value=0.012946479460868691 -0.0011520545060964488 -0.004008126733698273 0.002175525436925084 0.00064050606972069005 -0.0024966149772854317 0.0016122693456136778
leaf_weight=6.3538111746311179 2.7286012945696729 20.150215978734195 1.6807681862264869 3.2207696810364728 1.6953889762517063 0.10042852582409968
leaf_count=24 22 78 20 32 24 10
internal_value=0 -0.0278127 -0.00158587 0.0117582 -0.0166733 0.00669891
internal_weight=0 29.5762 9.42596 5.00197 4.42399 3.3212
internal_count=210 186 108 62 46 42
shrinkage=0.1


Tree=99
num_leaves=7
num_cat=0
split_feature=0 0 0 0 0 0
split_gain=0.0807487 0.0152549 0.00707276 0.00011477 2.98978e-05 3.99106e-07
threshold=1.0000000180025095e-35 0.75000000000000011 0.25000000000000006 0.45000000000000007 0.15000000000000005 0.35000000000000003
decision_type=2 2 2 2 2 2
left_child=-1 2 4 5 -2 -4
right_child=1 -3 3 -5 -6 -7
leaf_value=0.0093267204641443967 -0.0016838793765723934 -0.0038504443882539153 0.0036832344727155044 0.00014696703116236795 -0.0022224257423691779 0.0037438644068331071
leaf_weight=7.4266576096415511 2.6415859935805219 20.497253398410976 1.661487868055701 0.091468154918402322 1.6905676580499855 3.1329793240875006
leaf_count=24 22 78 20 10 24 32
internal_value=0 -0.0233099 0.0104764 0.0365591 -0.0189404 0.0372285
internal_weight=0 29.7153 9.21809 4.88594 4.33215 4.79447
internal_count=210 186 108 62 46 52
shrinkage=0.1


end of trees

feature importances:
geographical=600

parameters:
[boosting: gbdt]
[objective: lambdarank]
[metric: ndcg]
[tree_learner: serial]
[device_type: cpu]
[data: ]
[valid: ]
[num_iterations: 100]
[learning_rate: 0.1]
[num_leaves: 16]
[num_threads: -1]
[max_depth: -1]
[min_data_in_leaf: 5]
[min_sum_hessian_in_leaf: 0.001]
[bagging_fraction: 1]
[pos_bagging_fraction: 1]
[neg_bagging_fraction: 1]
[bagging_freq: 0]
[bagging_seed: 3]
[feature_fraction: 1]
[feature_fraction_bynode: 1]
[feature_fraction_seed: 2]
[early_stopping_round: 0]
[first_metric_only: 0]
[max_delta_step: 0]
[lambda_l1: 0]
[lambda_l2: 0]
[min_gain_to_split: 0]
[drop_rate: 0.1]
[max_drop: 50]
[skip_drop: 0.5]
[xgboost_dart_mode: 0]
[uniform_drop: 0]
[drop_seed: 4]
[top_rate: 0.2]
[other_rate: 0.1]
[min_data_per_group: 100]
[max_cat_threshold: 32]
[cat_l2: 10]
[cat_smooth: 10]
[max_cat_to_onehot: 4]
[top_k: 20]
[monotone_constraints: ]
[feature_contri: ]
[forcedsplits_filename: ]
[forcedbins_filename: ]
[refit_decay_rate: 0.9]
[cegb_tradeoff: 1]
[cegb_penalty_split: 0]
[cegb_penalty_feature_lazy: ]
[cegb_penalty_feature_coupled: ]
[verbosity: -1]
[max_bin: 255]
[max_bin_by_feature: ]
[min_data_in_bin: 3]
[bin_construct_sample_cnt: 200000]
[histogram_pool_size: -1]
[data_random_seed: 1]
[output_model: LightGBM_model.txt]
[snapshot_freq: -1]
[input_model: ]
[output_result: LightGBM_predict_result.txt]
[initscore_filename: ]
[valid_data_initscores: ]
[pre_partition: 0]
[enable_bundle: 1]
[max_conflict_rate: 0]
[is_enable_sparse: 1]
[sparse_threshold: 0.8]
[use_missing: 1]
[zero_as_missing: 0]
[two_round: 0]
[save_binary: 0]
[header: 0]
[label_column: ]
[weight_column: ]
[group_column: ]
[ignore_column: ]
[categorical_feature: ]
[predict_raw_score: 0]
[predict_leaf_index: 0]
[predict_contrib: 0]
[num_iteration_predict: -1]
[pred_early_stop: 0]
[pred_early_stop_freq: 10]
[pred_early_stop_margin: 10]
[convert_model_language: ]
[convert_model: gbdt_prediction.cpp]
[num_class: 1]
[is_unbalance: 0]
[scale_pos_weight: 1]
[sigmoid: 1]
[boost_from_average: 1]
[reg_sqrt: 0]
[alpha: 0.9]
[fair_c: 1]
[poisson_max_delta_step: 0.7]
[tweedie_variance_power: 1.5]
[max_position: 20]
[lambdamart_norm: 1]
[label_gain: ]
[metric_freq: 1]
[is_provide_training_metric: 0]
[eval_at: 1]
[multi_error_top_k: 1]
[num_machines: 1]
[local_listen_port: 12400]
[time_out: 120]
[machine_list_filename: ]
[machines: ]
[gpu_platform_id: -1]
[gpu_device_id: -1]
[gpu_use_dp: 0]

end of parameters

pandas_categorical:null
