tree
version=v3
num_class=1
num_tree_per_iteration=1
label_index=0
max_feature_idx=0
objective=lambdarank
feature_names=geographical
feature_infos=[0:1]
tree_sizes=846 854 851 856 853 858 855 858 855 854 856 857 860 856 861 858 858 861 860 860 860 859 855 859 861 859 864 858 860 865 863 866 864 863 868 865 863 862 866 857 861 870 863 867 870 860 867 866 869 861 866 869 862 866 860 867 868 869 865 869 870 864 868 862 866 869 864 871 868 865 869 873 868 869 866 871 867 868 868 871 873 871 870 868 864 870 871 871 865 869 871 866 869 874 866 868 871 873 865 869

Tree=0
num_leaves=7
num_cat=0
split_feature=0 0 0 0 0 0
split_gain=1.51927 1.20277 1.02149 0.638455 0.0724961 0.0328209
threshold=0.75000000000000011 0.15000000000000005 0.35000000000000003 0.45000000000000007 1.0000000180025095e-35 0.25000000000000006
decision_type=2 2 2 2 2 2
left_child=1 4 5 -4 -1 -3
right_child=-2 2 3 -5 -6 -7
leaf_value=-0.00018259528702188567 0.032019678302289627 -0.11847176566696485 -0.0033026282065625281 -0.12764175500697036 0.029971665869940385 -0.14754929215224707
leaf_weight=1.7824393026530743 7.373529352247715 0.8348349621519443 1.9968795999884608 0.5206371173262595 1.4425497259944677 0.72554607316851616
leaf_count=26 78 20 32 14 20 20
internal_value=0 -0.323294 -0.684196 -0.290167 0.133055 -1.31992
internal_weight=0 7.30289 4.0779 2.51752 3.22499 1.56038
internal_count=210 132 86 46 46 40
shrinkage=0.1


Tree=1
num_leaves=7
num_cat=0
split_feature=0 0 0 0 0 0
split_gain=1.3358 0.488989 0.196612 0.271946 0.0662364 0.0231656
threshold=0.15000000000000005 0.35000000000000003 0.45000000000000007 0.75000000000000011 0.25000000000000006 1.0000000180025095e-35
decision_type=2 2 2 2 2 2
left_child=5 4 -3 -4 -2 -1
right_child=1 2 3 -5 -6 -7
leaf_value=0.023799634554180771 -0.040453160863085348 0.0096431105763413755 -0.082686922224876447 -0.0093847849685745732 -0.073860707778201695 0.033082232632713357
leaf_weight=4.4290497824549657 1.9690094692632583 5.7585015408694771 0.51830310653895395 21.523986143991351 0.84954487904906251 6.8410104513168335
leaf_count=26 20 32 14 78 20 20
internal_value=0 -0.108339 -0.0681006 -0.111084 -0.505226 0.294342
internal_weight=0 30.6193 27.8008 22.0423 2.81855 11.2701
internal_count=210 164 124 92 40 46
shrinkage=0.1


Tree=2
num_leaves=7
num_cat=0
split_feature=0 0 0 0 0 0
split_gain=0.679172 0.461336 0.203988 0.286011 0.136719 0.0449821
threshold=0.35000000000000003 0.45000000000000007 0.15000000000000005 1.0000000180025095e-35 0.75000000000000011 0.25000000000000006
decision_type=2 2 2 2 2 2
left_child=2 -2 3 -1 -3 -4
right_child=1 4 5 -5 -6 -7
leaf_value=-0.02228286804814689 0.036071090743500754 -0.055404321421510722 -0.030863663240154444 0.00236674172585983 0.0047097058562966592 -0.061282105237880351
leaf_weight=8.4459913112223184 6.2574693709611902 0.39045863412320514 1.8899086453020566 10.633645929396152 12.185915188863873 0.65450424514710892
leaf_count=26 32 14 20 20 78 20
internal_value=0 0.138831 -0.120918 -0.0854491 0.0284335 -0.386883
internal_weight=0 18.8338 21.6241 19.0796 12.5764 2.54441
internal_count=210 124 86 46 92 40
shrinkage=0.1


Tree=3
num_leaves=7
num_cat=0
split_feature=0 0 0 0 0 0
split_gain=0.426601 0.292689 0.146795 0.131871 0.0403596 0.108567
threshold=0.15000000000000005 0.35000000000000003 0.25000000000000006 1.0000000180025095e-35 0.75000000000000011 0.45000000000000007
decision_type=2 2 2 2 2 2
left_child=3 2 -2 -1 5 -3
right_child=1 4 -4 -5 -6 -7
leaf_value=0.027569660617446153 -0.027516651340661141 -0.0070745811641262776 -0.084867708916596091 0.0071088271075116852 -0.00022850663731234044 -0.061779804922516016
leaf_weight=4.2991998493671426 1.8807709147222369 10.647706832736729 0.5851574521511792 11.783472254872322 10.282746220007539 0.3755738968029626
leaf_count=26 20 32 20 20 78 14
internal_value=0 -0.0850978 -0.411259 0.125784 -0.0473484 -0.0893844
internal_weight=0 23.772 2.46593 16.0827 21.306 11.0233
internal_count=210 164 40 46 124 46
shrinkage=0.1


Tree=4
num_leaves=7
num_cat=0
split_feature=0 0 0 0 0 0
split_gain=0.548739 0.389424 0.181886 0.0405877 0.0447345 0.0936822
threshold=0.15000000000000005 0.75000000000000011 1.0000000180025095e-35 0.45000000000000007 0.35000000000000003 0.25000000000000006
decision_type=2 2 2 2 2 2
left_child=2 3 -1 4 5 -2
right_child=1 -3 -4 -5 -6 -7
leaf_value=0.028261684185640568 -0.022509805116105966 0.0046796642984845817 0.0063199192435558701 -0.058380741490154299 -0.017193885051097559 -0.073406409168593062
leaf_weight=5.8774028792977342 1.8356354795396304 10.959753418341279 10.576378479599953 0.27803066931665021 11.261183310300112 0.45037080906331528
leaf_count=26 20 78 20 14 32 20
internal_value=0 -0.0939872 0.141577 -0.205592 -0.19783 -0.32537
internal_weight=0 24.785 16.4538 13.8252 13.5472 2.28601
internal_count=210 164 46 86 72 40
shrinkage=0.1


Tree=5
num_leaves=7
num_cat=0
split_feature=0 0 0 0 0 0
split_gain=0.224026 0.821142 0.0805496 0.130985 0.0327484 0.0168264
threshold=0.35000000000000003 0.45000000000000007 0.15000000000000005 1.0000000180025095e-35 0.75000000000000011 0.25000000000000006
decision_type=2 2 2 2 2 2
left_child=2 -2 3 -1 -3 -4
right_child=1 4 5 -5 -6 -7
leaf_value=-0.014791425300027642 0.037126450294886856 -0.039664577496433907 -0.020406593969801764 0.001960659489796289 -0.0068463614164639992 -0.042135301767261463
leaf_weight=7.7717598006129309 6.3568101413548002 0.31265608221292401 1.8213792061433189 11.685412921011448 11.060253830626607 0.4430855270475148
leaf_count=26 32 14 20 20 78 20
internal_value=0 0.0834091 -0.0680805 -0.0473061 -0.0774858 -0.246582
internal_weight=0 17.7297 21.7216 19.4572 11.3729 2.26446
internal_count=210 124 86 46 92 40
shrinkage=0.1


Tree=6
num_leaves=7
num_cat=0
split_feature=0 0 0 0 0 0
split_gain=0.333598 0.116806 0.244981 0.0383111 0.0583291 0.0287135
threshold=1.0000000180025095e-35 0.15000000000000005 0.75000000000000011 0.35000000000000003 0.25000000000000006 0.45000000000000007
decision_type=2 2 2 2 2 2
left_child=-1 -2 3 4 -3 -5
right_child=1 2 -4 5 -6 -7
leaf_value=0.022181040677895569 0.004325898285773175 -0.020248912391537754 0.0049407576098026828 -0.01325627035407026 -0.060007521718466086 -0.04520969896864116
leaf_weight=5.7931980825960627 11.672727406024931 1.8289378029294305 8.8214762266725302 10.919794991612433 0.46226010750979168 0.28865716839209282
leaf_count=26 20 20 78 32 20 14
internal_value=0 -0.0378007 -0.0801905 -0.164878 -0.282704 -0.140792
internal_weight=0 33.9939 22.3211 13.4997 2.2912 11.2085
internal_count=210 184 164 86 40 46
shrinkage=0.1


Tree=7
num_leaves=7
num_cat=0
split_feature=0 0 0 0 0 0
split_gain=0.328799 0.102724 0.204939 0.183601 0.0487417 0.0229081
threshold=1.0000000180025095e-35 0.45000000000000007 0.35000000000000003 0.15000000000000005 0.25000000000000006 0.75000000000000011
decision_type=2 2 2 2 2 2
left_child=-1 2 3 -2 -5 -3
right_child=1 5 -4 4 -6 -7
leaf_value=-0.018213299821762449 0.0057053923675193605 -0.032103966380691455 0.020339935764603148 -0.018810986363324927 -0.057598788645793854 -0.0032683358978972247
leaf_weight=7.9459544569253913 11.642278365790842 0.28384392568841293 8.6014800630509853 1.8170632021501671 0.39427110413089378 9.3786089587956667
leaf_count=26 20 14 32 20 20 78
internal_value=0 0.0450601 0.0821582 0.00688158 -0.257267 -0.0411541
internal_weight=0 32.1175 22.4551 13.8536 2.21133 9.66245
internal_count=210 184 92 60 40 92
shrinkage=0.1


Tree=8
num_leaves=7
num_cat=0
split_feature=0 0 0 0 0 0
split_gain=0.297316 0.1019 0.203595 0.0198443 0.0340002 0.0203914
threshold=1.0000000180025095e-35 0.15000000000000005 0.75000000000000011 0.35000000000000003 0.25000000000000006 0.45000000000000007
decision_type=2 2 2 2 2 2
left_child=-1 -2 3 4 -3 -5
right_child=1 2 -4 5 -6 -7
leaf_value=0.021061091217266618 0.0039795436256462096 -0.017930134979397955 0.0044087641032948361 -0.012920810761158081 -0.049243194129648456 -0.040615616700889083
leaf_weight=5.7253550402820101 11.61021728813648 1.8152491129003459 8.5822432208806276 10.827293861657379 0.42864342778921122 0.27255133586004454
leaf_count=26 20 20 78 32 20 14
internal_value=0 -0.0359558 -0.0760676 -0.153347 -0.239118 -0.136008
internal_weight=0 33.5362 21.926 13.3437 2.24389 11.0998
internal_count=210 184 164 86 40 46
shrinkage=0.1


Tree=9
num_leaves=7
num_cat=0
split_feature=0 0 0 0 0 0
split_gain=0.345662 0.0790352 0.169754 0.144323 0.0289615 0.0182884
threshold=1.0000000180025095e-35 0.45000000000000007 0.35000000000000003 0.15000000000000005 0.25000000000000006 0.75000000000000011
decision_type=2 2 2 2 2 2
left_child=-1 2 3 -2 -5 -3
right_child=1 5 -4 4 -6 -7
leaf_value=-0.018524875333943792 0.0055162764341289867 -0.028617960044128268 0.018948396749682045 -0.01716625059174242 -0.047329808424677718 -0.002282857732465757
leaf_weight=8.0262255594134313 11.452634915709494 0.27169805252924639 8.6056754067540169 1.8089322899468254 0.3862886196002363 8.9553643111139536
leaf_count=26 20 14 32 20 20 78
internal_value=0 0.0472306 0.0794948 0.010141 -0.224741 -0.0305832
internal_weight=0 31.4806 22.2535 13.6479 2.19522 9.22706
internal_count=210 184 92 60 40 92
shrinkage=0.1


Tree=10
num_leaves=7
num_cat=0
split_feature=0 0 0 0 0 0
split_gain=0.260667 0.08868 0.17284 0.0124733 0.0135962 0.0219383
threshold=1.0000000180025095e-35 0.15000000000000005 0.75000000000000011 0.45000000000000007 0.35000000000000003 0.25000000000000006
decision_type=2 2 2 2 2 2
left_child=-1 -2 3 4 5 -3
right_child=1 2 -4 -5 -6 -7
leaf_value=0.019843318824119174 0.0037107253724303424 -0.016239379166557093 0.0040061784192549849 -0.035903137232304587 -0.01238859477754567 -0.041818636049451706
leaf_weight=5.6559722162783137 11.512046180665491 1.8047861219383752 8.4638846274465322 0.2619363931007691 10.729650195688009 0.41179976263083512
leaf_count=26 20 20 78 14 32 20
internal_value=0 -0.0338214 -0.0714982 -0.142987 -0.138615 -0.209915
internal_weight=0 33.1841 21.6721 13.2082 12.9462 2.21659
internal_count=210 184 164 86 72 40
shrinkage=0.1


Tree=11
num_leaves=7
num_cat=0
split_feature=0 0 0 0 0 0
split_gain=0.360257 0.0697602 0.150376 0.117863 0.0183308 0.0143038
threshold=1.0000000180025095e-35 0.45000000000000007 0.35000000000000003 0.15000000000000005 0.25000000000000006 0.75000000000000011
decision_type=2 2 2 2 2 2
left_child=-1 2 3 -2 -5 -3
right_child=1 5 -4 4 -6 -7
leaf_value=-0.018695371821609588 0.005436305096013813 -0.025839165036128944 0.01821143503836312 -0.015763534869891797 -0.039947811914840564 -0.0018390529855702867
leaf_weight=8.1607816033065301 11.227486029267309 0.25561981298960823 8.6586698703467846 1.8004621844738733 0.37946693156845857 8.7047586124390364
leaf_count=26 20 14 32 20 20 78
internal_value=0 0.0491738 0.0793899 0.0130491 -0.199734 -0.0252372
internal_weight=0 31.0265 22.0661 13.4074 2.17993 8.96038
internal_count=210 184 92 60 40 92
shrinkage=0.1


Tree=12
num_leaves=7
num_cat=0
split_feature=0 0 0 0 0 0
split_gain=0.21325 0.0739761 0.145641 0.00913611 0.00986114 0.0150093
threshold=1.0000000180025095e-35 0.15000000000000005 0.75000000000000011 0.45000000000000007 0.35000000000000003 0.25000000000000006
decision_type=2 2 2 2 2 2
left_child=-1 -2 3 4 5 -3
right_child=1 2 -4 -5 -6 -7
leaf_value=0.018065396971329615 0.0034370002486711899 -0.014938457841300101 0.0037492286125483131 -0.031875587804091457 -0.011492451740107254 -0.036299984532719105
leaf_weight=5.585517030209302 11.413292862474917 1.7965422188863134 8.3983264621347189 0.25485479505732733 10.619327750056982 0.40264353482052673
leaf_count=26 20 20 78 14 32 20
internal_value=0 -0.0306841 -0.0652636 -0.131274 -0.127546 -0.188495
internal_weight=0 32.885 21.4717 13.0734 12.8185 2.19919
internal_count=210 184 164 86 72 40
shrinkage=0.1


Tree=13
num_leaves=7
num_cat=0
split_feature=0 0 0 0 0 0
split_gain=0.375781 0.06495 0.140511 0.0969967 0.0117454 0.0114622
threshold=1.0000000180025095e-35 0.45000000000000007 0.35000000000000003 0.15000000000000005 0.75000000000000011 0.25000000000000006
decision_type=2 2 2 2 2 2
left_child=-1 2 3 -2 -3 -5
right_child=1 4 -4 5 -6 -7
leaf_value=-0.018617250132431092 0.005311132999619053 -0.024521368091044965 0.017798536920955298 -0.014524934585760971 -0.0015544663347945434 -0.033768329075602559
leaf_weight=8.4900326672941429 10.949873939156531 0.22868583025410849 8.8395766988396645 1.791821446735413 8.4645671490579844 0.37416723463684309
leaf_count=26 20 14 32 20 78 20
internal_value=0 0.0515719 0.0805389 0.0148638 -0.0215864 -0.178492
internal_weight=0 30.6487 21.9554 13.1159 8.69325 2.16599
internal_count=210 184 92 60 92 40
shrinkage=0.1


Tree=14
num_leaves=7
num_cat=0
split_feature=0 0 0 0 0 0
split_gain=0.154147 0.0565582 0.119701 0.00795632 0.0107255 0.00807254
threshold=1.0000000180025095e-35 0.15000000000000005 0.75000000000000011 0.35000000000000003 0.25000000000000006 0.45000000000000007
decision_type=2 2 2 2 2 2
left_child=-1 -2 3 4 -3 -5
right_child=1 2 -4 5 -6 -7
leaf_value=0.015453642709875133 0.0030972510985743601 -0.013880420882834253 0.0036618422241728255 -0.010140415712232342 -0.032040707026569727 -0.028324216097278122
leaf_weight=5.5205942224711171 11.320428214967249 1.7896143808029585 8.377820847555995 10.492570806294678 0.3974403166212141 0.24995694379322309
leaf_count=26 20 20 78 32 20 14
internal_value=0 -0.0261474 -0.0564947 -0.116828 -0.171806 -0.105635
internal_weight=0 32.6278 21.3074 12.9296 2.18705 10.7425
internal_count=210 184 164 86 40 46
shrinkage=0.1


Tree=15
num_leaves=7
num_cat=0
split_feature=0 0 0 0 0 0
split_gain=1.11418 0.218582 0.280453 0.0164979 0.00173688 0.000398111
threshold=1.0000000180025095e-35 0.15000000000000005 0.75000000000000011 0.25000000000000006 0.35000000000000003 0.45000000000000007
decision_type=2 2 2 2 2 2
left_child=-1 -2 3 -3 -5 -6
right_child=1 2 -4 4 5 -7
leaf_value=0.039359527973819058 0.0043181165220268266 -0.012869264080009137 0.0014449605276804502 -0.029875290801928175 -0.02289398020942944 -0.027153964570399064
leaf_weight=6.0699132010340682 10.874262467026709 1.7790772032458324 8.3244135808199644 0.37698548124171694 11.254502620548008 0.22373678791336796
leaf_count=26 20 20 78 20 32 14
internal_value=0 -0.0727649 -0.130183 -0.218488 -0.231964 -0.22977
internal_weight=0 32.833 21.9587 13.6343 11.8552 11.4782
internal_count=210 184 164 86 66 46
shrinkage=0.1


Tree=16
num_leaves=7
num_cat=0
split_feature=0 0 0 0 0 0
split_gain=0.211548 0.223353 0.176111 0.0719673 0.0116947 0.0014669
threshold=1.0000000180025095e-35 0.45000000000000007 0.35000000000000003 0.15000000000000005 0.25000000000000006 0.75000000000000011
decision_type=2 2 2 2 2 2
left_child=-1 2 3 -2 -5 -3
right_child=1 5 -4 4 -6 -7
leaf_value=-0.014771354345919972 0.0051974571240885848 -0.016809182846674171 0.020506445495001607 -0.011962564787508866 -0.033301265836112676 -0.0090682706216221581
leaf_weight=7.7706309370696536 11.498945161700247 0.25156113645061928 8.4385571889579296 1.7684959750622522 0.30047250655479718 9.1127584744244814
leaf_count=26 20 14 32 20 20 78
internal_value=0 0.036589 0.0916313 0.0210817 -0.150615 -0.0927622
internal_weight=0 31.3708 22.0065 13.5679 2.06897 9.36432
internal_count=210 184 92 60 40 92
shrinkage=0.1


Tree=17
num_leaves=7
num_cat=0
split_feature=0 0 0 0 0 0
split_gain=0.283024 0.0489909 0.110755 0.0756477 0.00654629 0.00570005
threshold=1.0000000180025095e-35 0.45000000000000007 0.35000000000000003 0.15000000000000005 0.25000000000000006 0.75000000000000011
decision_type=2 2 2 2 2 2
left_child=-1 2 3 -2 -5 -3
right_child=1 5 -4 4 -6 -7
leaf_value=-0.016656509970288592 0.0045828336507599821 -0.016571788601527093 0.015882131504531532 -0.013227203732347296 -0.027520144926253515 -0.0016636420676127397
leaf_weight=8.0447420887649042 11.20658825337887 0.26508111809380164 8.4702534191310406 1.7854429418221127 0.39053582702763368 7.8919628709554672
leaf_count=26 20 14 32 20 20 78
internal_value=0 0.0446511 0.0693364 0.0126985 -0.157924 -0.0214812
internal_weight=0 30.0099 21.8528 13.3826 2.17598 8.15704
internal_count=210 184 92 60 40 92
shrinkage=0.1


Tree=18
num_leaves=7
num_cat=0
split_feature=0 0 0 0 0 0
split_gain=0.742815 0.158569 0.21108 0.00841422 0.00104645 0.000366598
threshold=1.0000000180025095e-35 0.15000000000000005 0.75000000000000011 0.25000000000000006 0.35000000000000003 0.45000000000000007
decision_type=2 2 2 2 2 2
left_child=-1 -2 3 -3 -5 -6
right_child=1 2 -4 4 5 -7
leaf_value=0.032487766204270054 0.0036301085531888983 -0.012312211999585931 0.0021702306834096782 -0.024716633760598905 -0.019436808060895289 -0.023424273715634186
leaf_weight=5.9380513336509457 11.125237032771109 1.7779899588786072 7.5901891794055691 0.40158344735391338 10.929687678813933 0.23553524934686801
leaf_count=26 20 20 78 20 32 14
internal_value=0 -0.0601724 -0.11144 -0.187168 -0.197013 -0.195209
internal_weight=0 32.0602 20.935 13.3448 11.5668 11.1652
internal_count=210 184 164 86 66 46
shrinkage=0.1


Tree=19
num_leaves=7
num_cat=0
split_feature=0 0 0 0 0 0
split_gain=0.235942 0.0645161 0.113296 0.0652459 0.00569258 0.00294767
threshold=1.0000000180025095e-35 0.45000000000000007 0.35000000000000003 0.15000000000000005 0.25000000000000006 0.75000000000000011
decision_type=2 2 2 2 2 2
left_child=-1 2 3 -2 -5 -3
right_child=1 5 -4 4 -6 -7
leaf_value=-0.015396578134427956 0.0042637813869465255 -0.013660212855428342 0.01607296599632323 -0.012315981260543455 -0.025770311319811685 -0.0031855207739917716
leaf_weight=7.8815400563180438 11.364632107317449 0.27814290556125154 8.3075803574174643 1.7781140389852237 0.38204151298850769 7.8765755221247673
leaf_count=26 20 14 32 20 20 78
internal_value=0 0.040467 0.0688149 0.0123564 -0.146955 -0.0354279
internal_weight=0 29.9871 21.8324 13.5248 2.16016 8.15472
internal_count=210 184 92 60 40 92
shrinkage=0.1


Tree=20
num_leaves=7
num_cat=0
split_feature=0 0 0 0 0 0
split_gain=0.296604 0.0358022 0.0972025 0.0621833 0.00535064 0.00328425
threshold=1.0000000180025095e-35 0.45000000000000007 0.35000000000000003 0.15000000000000005 0.75000000000000011 0.25000000000000006
decision_type=2 2 2 2 2 2
left_child=-1 2 3 -2 -3 -5
right_child=1 4 -4 5 -6 -7
leaf_value=-0.016588933721376056 0.0044235442785158993 -0.015871070897435363 0.014994438993116819 -0.01223429005054681 -0.0006766671709459611 -0.022269171568723357
leaf_weight=8.3932263739407045 10.978584274649622 0.23918801266699927 8.6810243278741837 1.778309704270215 7.4628909677267075 0.39939642930403346
leaf_count=26 20 14 32 20 78 20
internal_value=0 0.0471353 0.0678109 0.013616 -0.0114853 -0.140747
internal_weight=0 29.5394 21.8373 13.1563 7.70208 2.17771
internal_count=210 184 92 60 92 40
shrinkage=0.1


Tree=21
num_leaves=7
num_cat=0
split_feature=0 0 0 0 0 0
split_gain=0.37462 0.0937131 0.140495 0.001863 0.00172818 0.000861673
threshold=1.0000000180025095e-35 0.15000000000000005 0.75000000000000011 0.25000000000000006 0.35000000000000003 0.45000000000000007
decision_type=2 2 2 2 2 2
left_child=-1 -2 3 -3 -5 -6
right_child=1 2 -4 4 5 -7
leaf_value=0.023619586474691628 0.003092467151838195 -0.011528353083230625 0.0026988787685659323 -0.021414307836850111 -0.01464098744726482 -0.020691882493582541
leaf_weight=5.692002134397625 11.232614107429983 1.7735587686765946 7.4245842248201361 0.40682739322073658 10.592094182968138 0.24069190584123207
leaf_count=26 20 20 78 20 32 14
internal_value=0 -0.0424506 -0.0827778 -0.145404 -0.150157 -0.147754
internal_weight=0 31.6704 20.4378 13.0132 11.2396 10.8328
internal_count=210 184 164 86 66 46
shrinkage=0.1


Tree=22
num_leaves=7
num_cat=0
split_feature=0 0 0 0 0 0
split_gain=0.271941 0.0383267 0.0937024 0.0561128 0.00363678 0.0028373
threshold=1.0000000180025095e-35 0.45000000000000007 0.35000000000000003 0.15000000000000005 0.75000000000000011 0.25000000000000006
decision_type=2 2 2 2 2 2
left_child=-1 2 3 -2 -3 -5
right_child=1 4 -4 5 -6 -7
leaf_value=-0.016118941756357929 0.00425842205944573 -0.013350415163047852 0.014818945694831817 -0.011619708233043273 -0.0011494159520071049 -0.020962277783071654
leaf_weight=8.1884113121777755 10.987964086234571 0.2525195402558883 8.5129916593432426 1.7740527009591471 7.5067797917872667 0.39799271465744807
leaf_count=26 20 14 32 20 78 20
internal_value=0 0.0448448 0.0664366 0.0135521 -0.0154649 -0.133316
internal_weight=0 29.4323 21.673 13.16 7.7593 2.17205
internal_count=210 184 92 60 92 40
shrinkage=0.1


Tree=23
num_leaves=7
num_cat=0
split_feature=0 0 0 0 0 0
split_gain=0.640508 0.133961 0.178052 0.00864622 4.43041e-05 1.21052e-05
threshold=1.0000000180025095e-35 0.15000000000000005 0.75000000000000011 0.25000000000000006 0.35000000000000003 0.45000000000000007
decision_type=2 2 2 2 2 2
left_child=-1 -2 3 -3 -5 -6
right_child=1 2 -4 4 5 -7
leaf_value=0.030400668289457713 0.0032406841446602401 -0.010856332426527334 0.002068163476513861 -0.019398445254662236 -0.018318775880726713 -0.019047254114035878
leaf_weight=5.8477333281189194 11.064259201288225 1.7678546088282026 7.3427857719361773 0.40558451507240434 10.77134591899812 0.23304315377026877
leaf_count=26 20 20 78 20 32 14
internal_value=0 -0.0562848 -0.104105 -0.173638 -0.18372 -0.183342
internal_weight=0 31.5849 20.5206 13.1778 11.41 11.0044
internal_count=210 184 164 86 66 46
shrinkage=0.1


Tree=24
num_leaves=7
num_cat=0
split_feature=0 0 0 0 0 0
split_gain=0.228055 0.0454433 0.0897956 0.0507758 0.00268197 0.00196409
threshold=1.0000000180025095e-35 0.45000000000000007 0.35000000000000003 0.15000000000000005 0.25000000000000006 0.75000000000000011
decision_type=2 2 2 2 2 2
left_child=-1 2 3 -2 -5 -3
right_child=1 5 -4 4 -6 -7
leaf_value=-0.015054501712343875 0.0040499229392189267 -0.010806171322705192 0.014574861474079168 -0.011029757084876192 -0.020145973763863741 -0.0021731950018596068
leaf_weight=7.9260841179639092 11.111897528171541 0.27307450608350242 8.3113941513001919 1.7696054615080368 0.3946998751489445 7.5444901678711176
leaf_count=26 20 14 32 20 20 78
internal_value=0 0.040579 0.0642359 0.0132059 -0.126923 -0.0247475
internal_weight=0 29.4052 21.5876 13.2762 2.16431 7.81756
internal_count=210 184 92 60 40 92
shrinkage=0.1


Tree=25
num_leaves=7
num_cat=0
split_feature=0 0 0 0 0 0
split_gain=0.267307 0.0338511 0.0863823 0.0457697 0.00351756 0.00130557
threshold=1.0000000180025095e-35 0.45000000000000007 0.35000000000000003 0.15000000000000005 0.75000000000000011 0.25000000000000006
decision_type=2 2 2 2 2 2
left_child=-1 2 3 -2 -3 -5
right_child=1 4 -4 5 -6 -7
leaf_value=-0.015379543284209188 0.0040362185344441637 -0.013873156918992846 0.014185981233702856 -0.010727120698991963 -0.00087923603908524614 -0.017047503118600787
leaf_weight=8.7015411201864463 10.724042542278768 0.21457273163832624 8.8540369216352701 1.766378021799029 7.1660835929214954 0.40102176612708712
leaf_count=26 20 14 32 20 78 20
internal_value=0 0.045947 0.0658083 0.0135749 -0.01257 -0.118965
internal_weight=0 29.1261 21.7455 12.8914 7.38066 2.1674
internal_count=210 184 92 60 92 40
shrinkage=0.1


Tree=26
num_leaves=7
num_cat=0
split_feature=0 0 0 0 0 0
split_gain=0.359992 0.0848398 0.125869 0.00285415 0.000287899 0.000152935
threshold=1.0000000180025095e-35 0.15000000000000005 0.75000000000000011 0.25000000000000006 0.35000000000000003 0.45000000000000007
decision_type=2 2 2 2 2 2
left_child=-1 -2 3 -3 -5 -6
right_child=1 2 -4 4 5 -7
leaf_value=0.023205147519012571 0.0028068590677599748 -0.010249099718677017 0.0024856880524681481 -0.017178097521898885 -0.014422033069560969 -0.016992313270587586
leaf_weight=5.6610586140304795 11.134802579879763 1.764058907749132 7.2394094727933398 0.41018626757431681 10.502389520406721 0.23671446903608817
leaf_count=26 20 20 78 20 32 14
internal_value=0 -0.0419865 -0.0806934 -0.139866 -0.14578 -0.144787
internal_weight=0 31.2876 20.1528 12.9133 11.1493 10.7391
internal_count=210 184 164 86 66 46
shrinkage=0.1


Tree=27
num_leaves=7
num_cat=0
split_feature=0 0 0 0 0 0
split_gain=0.257761 0.0340802 0.0855413 0.0430624 0.00229337 0.00129111
threshold=1.0000000180025095e-35 0.45000000000000007 0.35000000000000003 0.15000000000000005 0.75000000000000011 0.25000000000000006
decision_type=2 2 2 2 2 2
left_child=-1 2 3 -2 -3 -5
right_child=1 4 -4 5 -6 -7
leaf_value=-0.015505758132789635 0.0039309839707867651 -0.010970128493244191 0.014229945434543256 -0.010347966432459305 -0.0010399868141511568 -0.016622805058108786
leaf_weight=8.3305725809186679 10.809773854911329 0.24027651664800839 8.5602515190839767 1.7642270950600516 7.255716048181057 0.40277379250619544
leaf_count=26 20 14 32 20 78 20
internal_value=0 0.0444914 0.0647042 0.0135177 -0.0135829 -0.115143
internal_weight=0 29.033 21.537 12.9768 7.49599 2.167
internal_count=210 184 92 60 92 40
shrinkage=0.1


Tree=28
num_leaves=7
num_cat=0
split_feature=0 0 0 0 0 0
split_gain=0.601984 0.120891 0.160683 0.00982389 0.000172008 0.000103937
threshold=1.0000000180025095e-35 0.15000000000000005 0.75000000000000011 0.25000000000000006 0.35000000000000003 0.45000000000000007
decision_type=2 2 2 2 2 2
left_child=-1 -2 3 -3 -5 -6
right_child=1 2 -4 4 5 -7
leaf_value=0.029576643867177684 0.0029472222326587432 -0.0097255402375473025 0.0019524328625367994 -0.015746621645057579 -0.017878880394990398 -0.015731976282133773
leaf_weight=5.803316766396164 10.991999782621862 1.7593880121130503 7.168447643518447 0.40979214489925553 10.674409506842492 0.2303656945005067
leaf_count=26 20 20 78 20 32 14
internal_value=0 -0.0549531 -0.100798 -0.16677 -0.177579 -0.178335
internal_weight=0 31.2344 20.2424 13.074 11.3146 10.9048
internal_count=210 184 164 86 66 46
shrinkage=0.1


Tree=29
num_leaves=7
num_cat=0
split_feature=0 0 0 0 0 0
split_gain=0.218211 0.0371148 0.0786713 0.0403073 0.00134683 0.00119933
threshold=1.0000000180025095e-35 0.45000000000000007 0.35000000000000003 0.15000000000000005 0.25000000000000006 0.75000000000000011
decision_type=2 2 2 2 2 2
left_child=-1 2 3 -2 -5 -3
right_child=1 5 -4 4 -6 -7
leaf_value=-0.014644019480316961 0.0037972592532712264 -0.0085536659141313125 0.013768302036528002 -0.0099476693261637064 -0.016361105115626398 -0.0017393581483193721
leaf_weight=7.9803683198988429 10.945027552545072 0.26772430329583485 8.3116010390222073 1.7614785754121851 0.40220448176842166 7.3244505766779184
leaf_count=26 20 14 32 20 20 78
internal_value=0 0.0402808 0.0615746 0.0133179 -0.111399 -0.0197965
internal_weight=0 29.0125 21.4203 13.1087 2.16368 7.59217
internal_count=210 184 92 60 40 92
shrinkage=0.1


Tree=30
num_leaves=7
num_cat=0
split_feature=0 0 0 0 0 0
split_gain=0.227584 0.0310027 0.0744177 0.0348321 0.00234672 0.000500994
threshold=1.0000000180025095e-35 0.45000000000000007 0.35000000000000003 0.15000000000000005 0.75000000000000011 0.25000000000000006
decision_type=2 2 2 2 2 2
left_child=-1 2 3 -2 -3 -5
right_child=1 4 -4 5 -6 -7
leaf_value=-0.013939885775603431 0.0036436880710320908 -0.012159753496003949 0.013158762063299204 -0.0095640705655876471 -0.0010907514901801745 -0.013470073519354029
leaf_weight=8.9399811122566444 10.538713902235033 0.1969708891119798 8.9998766649514437 1.7567678415216517 6.9380167573690414 0.40386221825610841
leaf_count=26 20 14 32 20 78 20
internal_value=0 0.0432203 0.062023 0.0127234 -0.0139633 -0.102942
internal_weight=0 28.8342 21.6992 12.6993 7.13499 2.16063
internal_count=210 184 92 60 92 40
shrinkage=0.1


Tree=31
num_leaves=7
num_cat=0
split_feature=0 0 0 0 0 0
split_gain=0.397273 0.0857099 0.123895 0.00502666 3.23054e-05 1.88372e-05
threshold=1.0000000180025095e-35 0.15000000000000005 0.75000000000000011 0.25000000000000006 0.35000000000000003 0.45000000000000007
decision_type=2 2 2 2 2 2
left_child=-1 -2 3 -3 -5 -6
right_child=1 2 -4 4 5 -7
leaf_value=0.024321730797780949 0.0026172323919226056 -0.0092343257586408583 0.0022596140653716522 -0.014124766646494738 -0.015044774892107369 -0.014135254750220365
leaf_weight=5.6764155719429246 11.038560196757318 1.7560074469074614 7.0826657358556977 0.41403477557469054 10.475452745333312 0.23277534428052679
leaf_count=26 20 20 78 20 32 14
internal_value=0 -0.0445363 -0.0836387 -0.142065 -0.149915 -0.15025
internal_weight=0 30.9995 19.9609 12.8783 11.1223 10.7082
internal_count=210 184 164 86 66 46
shrinkage=0.1


Tree=32
num_leaves=7
num_cat=0
split_feature=0 0 0 0 0 0
split_gain=0.237243 0.0306845 0.0781738 0.034542 0.00131558 0.000659912
threshold=1.0000000180025095e-35 0.45000000000000007 0.35000000000000003 0.15000000000000005 0.75000000000000011 0.25000000000000006
decision_type=2 2 2 2 2 2
left_child=-1 2 3 -2 -3 -5
right_child=1 4 -4 5 -6 -7
leaf_value=-0.014883145526857364 0.0036323976858491469 -0.0085355361108848844 0.013659060593274312 -0.0093739456598135231 -0.0010290591052047465 -0.01383846571400243
leaf_weight=8.3086967803537828 10.733093537390234 0.24141453590709616 8.5037432331591845 1.7565878569148492 7.1014565248042345 0.40797839383594681
leaf_count=26 20 14 32 20 78 20
internal_value=0 0.0430206 0.0621586 0.0130837 -0.0127585 -0.102154
internal_weight=0 28.7443 21.4014 12.8977 7.34287 2.16457
internal_count=210 184 92 60 92 40
shrinkage=0.1


Tree=33
num_leaves=7
num_cat=0
split_feature=0 0 0 0 0 0
split_gain=0.793352 0.142453 0.180661 0.0196355 0.00107653 0.000588449
threshold=1.0000000180025095e-35 0.15000000000000005 0.75000000000000011 0.35000000000000003 0.45000000000000007 0.25000000000000006
decision_type=2 2 2 2 2 2
left_child=-1 -2 3 5 -5 -3
right_child=1 2 -4 4 -6 -7
leaf_value=0.033664599717198013 0.0028409192104668539 -0.0087740640745573775 0.0016142210753692201 -0.020138789879929075 -0.013154465918512728 -0.012968065534534116
leaf_weight=5.8836015574634066 10.861024387180807 1.7514934954233479 6.9953103829175225 10.751491013914345 0.22531304636504576 0.41352870815899206
leaf_count=26 20 20 78 32 14 20
internal_value=0 -0.063897 -0.113683 -0.182788 -0.199954 -0.0957514
internal_weight=0 30.9982 20.1371 13.1418 10.9768 2.16502
internal_count=210 184 164 86 46 40
shrinkage=0.1


Tree=34
num_leaves=7
num_cat=0
split_feature=0 0 0 0 0 0
split_gain=0.193789 0.0346655 0.0702676 0.0329499 0.000797236 0.000513517
threshold=1.0000000180025095e-35 0.45000000000000007 0.35000000000000003 0.15000000000000005 0.25000000000000006 0.75000000000000011
decision_type=2 2 2 2 2 2
left_child=-1 2 3 -2 -5 -3
right_child=1 5 -4 4 -6 -7
leaf_value=-0.013861991307711291 0.0035426598483388316 -0.0063037728911432269 0.013103954144838545 -0.0090464887383973121 -0.013959677300746551 -0.0018939751705735774
leaf_weight=7.9103989154100409 10.923311032354833 0.27414301782846351 8.2299172841012478 1.7542611951939773 0.40686010278295714 7.1861675698310137
leaf_count=26 20 14 32 20 20 78
internal_value=0 0.0381078 0.0586424 0.0131057 -0.0997146 -0.0205602
internal_weight=0 28.7747 21.3143 13.0844 2.16112 7.46031
internal_count=210 184 92 60 40 92
shrinkage=0.1


Tree=35
num_leaves=7
num_cat=0
split_feature=0 0 0 0 0 0
split_gain=0.229768 0.0274459 0.0740954 0.0302986 0.00110484 0.00037161
threshold=1.0000000180025095e-35 0.45000000000000007 0.35000000000000003 0.15000000000000005 0.75000000000000011 0.25000000000000006
decision_type=2 2 2 2 2 2
left_child=-1 2 3 -2 -3 -5
right_child=1 4 -4 5 -6 -7
leaf_value=-0.014557288224242208 0.0034578826649454852 -0.0077911951390946393 0.013292970731581042 -0.008880578395254822 -0.00084129513264935779 -0.012216439109059257
leaf_weight=8.382819823920725 10.674702808260919 0.23651210451498528 8.5324196927249432 1.7524934050161403 6.9607756230980158 0.41255631844978768
leaf_count=26 20 14 32 20 78 20
internal_value=0 0.0427139 0.0607004 0.0127018 -0.0106968 -0.0951624
internal_weight=0 28.5695 21.3722 12.8398 7.19729 2.16505
internal_count=210 184 92 60 92 40
shrinkage=0.1


Tree=36
num_leaves=7
num_cat=0
split_feature=0 0 0 0 0 0
split_gain=0.773096 0.136399 0.174758 0.0212508 0.00138952 0.000360127
threshold=1.0000000180025095e-35 0.15000000000000005 0.75000000000000011 0.35000000000000003 0.45000000000000007 0.25000000000000006
decision_type=2 2 2 2 2 2
left_child=-1 -2 3 5 -5 -3
right_child=1 2 -4 4 -6 -7
leaf_value=0.033254433191783547 0.0026972442435294832 -0.0083319955197823283 0.0016581979747406714 -0.019969032597015879 -0.012030964430796182 -0.01160157264108644
leaf_weight=5.8725295364856711 10.844139069318773 1.7479401936288934 6.8921958468854418 10.709160186350344 0.22514918306842524 0.41730392910540087
leaf_count=26 20 20 78 32 14 20
internal_value=0 -0.0633313 -0.112315 -0.180133 -0.198056 -0.0896214
internal_weight=0 30.8359 19.9917 13.0996 10.9343 2.16524
internal_count=210 184 164 86 46 40
shrinkage=0.1


Tree=37
num_leaves=7
num_cat=0
split_feature=0 0 0 0 0 0
split_gain=0.188931 0.0295834 0.0651035 0.0293682 0.000504907 0.000422238
threshold=1.0000000180025095e-35 0.45000000000000007 0.35000000000000003 0.15000000000000005 0.25000000000000006 0.75000000000000011
decision_type=2 2 2 2 2 2
left_child=-1 2 3 -2 -5 -3
right_child=1 5 -4 4 -6 -7
leaf_value=-0.013652142947571947 0.0033987579421964871 -0.0055434720268509397 0.012642414404161435 -0.0086175468264446681 -0.012505873687707959 -0.0015369509735954996
leaf_weight=7.9351170510053626 10.868783861398699 0.27321169152855773 8.227366590872407 1.7508169836364698 0.4126660957699641 7.065720958635211
leaf_count=26 20 14 32 20 20 78
internal_value=0 0.03788 0.0567769 0.0128081 -0.0935921 -0.016861
internal_weight=0 28.5986 21.2596 13.0323 2.16348 7.33893
internal_count=210 184 92 60 40 92
shrinkage=0.1


Tree=38
num_leaves=7
num_cat=0
split_feature=0 0 0 0 0 0
split_gain=0.221999 0.0251479 0.0707607 0.0267907 0.00090612 0.000203849
threshold=1.0000000180025095e-35 0.45000000000000007 0.35000000000000003 0.15000000000000005 0.75000000000000011 0.25000000000000006
decision_type=2 2 2 2 2 2
left_child=-1 2 3 -2 -3 -5
right_child=1 4 -4 5 -6 -7
leaf_value=-0.014249377920387838 0.0032996285446223635 -0.0070637780972279355 0.012986087129348893 -0.0084321274014348812 -0.00072518244787394377 -0.010894657283914711
leaf_weight=8.4321881402283889 10.625982753932478 0.2331999740563323 8.5467658787965775 1.7486919532530021 6.854826120659709 0.41616112506017078
leaf_count=26 20 14 32 20 78 20
internal_value=0 0.0422694 0.0594124 0.012339 -0.00933726 -0.0890551
internal_weight=0 28.4256 21.3376 12.7908 7.08803 2.16485
internal_count=210 184 92 60 92 40
shrinkage=0.1


Tree=39
num_leaves=7
num_cat=0
split_feature=0 0 0 0 0 0
split_gain=0.787225 0.135324 0.174049 0.0241713 0.00183199 0.000212821
threshold=1.0000000180025095e-35 0.15000000000000005 0.75000000000000011 0.35000000000000003 0.45000000000000007 0.25000000000000006
decision_type=2 2 2 2 2 2
left_child=-1 -2 3 5 -5 -3
right_child=1 2 -4 4 -6 -7
leaf_value=0.033532970919800738 0.0025850008158312008 -0.0079216362104932159 0.00165542120954673 -0.020162947240058064 -0.011034004451914964 -0.010428157138760758
leaf_weight=5.87628792785108 10.815394558012487 1.744495552731679 6.806815553456544 10.692673923447726 0.22444198827724984 0.42037056700792153
leaf_count=26 20 20 78 32 14 20
internal_value=0 -0.0641767 -0.113133 -0.180611 -0.199753 -0.0840835
internal_weight=0 30.7042 19.8888 13.082 10.9171 2.16487
internal_count=210 184 164 86 46 40
shrinkage=0.1


Tree=40
num_leaves=7
num_cat=0
split_feature=0 0 0 0 0 0
split_gain=0.18288 0.0263454 0.0610644 0.026339 0.00032382 0.000320921
threshold=1.0000000180025095e-35 0.45000000000000007 0.35000000000000003 0.15000000000000005 0.25000000000000006 0.75000000000000011
decision_type=2 2 2 2 2 2
left_child=-1 2 3 -2 -5 -3
right_child=1 5 -4 4 -6 -7
leaf_value=-0.013415484017652208 0.0032695357627396458 -0.0048217349730118736 0.012271064984358968 -0.008216453035148957 -0.011317920230431731 -0.0013285038371766826
leaf_weight=7.94393316656351 10.829945340752603 0.27329804794862766 8.2163540069013834 1.747472225688399 0.41696978348772962 6.9743834659457207
leaf_count=26 20 14 32 20 20 78
internal_value=0 0.0374482 0.0552338 0.0125682 -0.0881394 -0.0146023
internal_weight=0 28.4584 21.2107 12.9944 2.16444 7.24768
internal_count=210 184 92 60 40 92
shrinkage=0.1


Tree=41
num_leaves=7
num_cat=0
split_feature=0 0 0 0 0 0
split_gain=0.213909 0.0231557 0.0675281 0.0240144 0.000707682 0.000113782
threshold=1.0000000180025095e-35 0.45000000000000007 0.35000000000000003 0.15000000000000005 0.75000000000000011 0.25000000000000006
decision_type=2 2 2 2 2 2
left_child=-1 2 3 -2 -3 -5
right_child=1 4 -4 5 -6 -7
leaf_value=-0.013994594757411225 0.003163505708328955 -0.0062182728845006719 0.012699691986448389 -0.0080385541062653835 -0.00063231508993636916 -0.0098726724121102061
leaf_weight=8.4183357544243318 10.602249145507814 0.23464523570146312 8.5192189365625381 1.7453828912694018 6.7832125313580036 0.41953649336937809
leaf_count=26 20 14 32 20 78 20
internal_value=0 0.0416232 0.0580462 0.0120371 -0.00819084 -0.0839399
internal_weight=0 28.3042 21.2864 12.7672 7.01786 2.16492
internal_count=210 184 92 60 92 40
shrinkage=0.1


Tree=42
num_leaves=7
num_cat=0
split_feature=0 0 0 0 0 0
split_gain=0.889643 0.146259 0.185809 0.0312773 0.00270169 0.000116331
threshold=1.0000000180025095e-35 0.15000000000000005 0.75000000000000011 0.35000000000000003 0.45000000000000007 0.25000000000000006
decision_type=2 2 2 2 2 2
left_child=-1 -2 3 5 -5 -3
right_child=1 2 -4 4 -6 -7
leaf_value=0.035495176735073304 0.0025255855285234541 -0.0075317575820190129 0.0015634238562349191 -0.021275460886011299 -0.010147566377938096 -0.0093808059601405563
leaf_weight=5.9172010924667111 10.760747946798803 1.741025992203505 6.7247303836047641 10.734567029401658 0.22270373266656027 0.42289726214949031
leaf_count=26 20 20 78 32 14 20
internal_value=0 -0.068623 -0.119525 -0.188796 -0.210493 -0.0789312
internal_weight=0 30.6067 19.8459 13.1212 10.9573 2.16392
internal_count=210 184 164 86 46 40
shrinkage=0.1


Tree=43
num_leaves=7
num_cat=0
split_feature=0 0 0 0 0 0
split_gain=0.173639 0.0245372 0.0572489 0.0238325 0.000218816 0.000206248
threshold=1.0000000180025095e-35 0.45000000000000007 0.35000000000000003 0.15000000000000005 0.25000000000000006 0.75000000000000011
decision_type=2 2 2 2 2 2
left_child=-1 2 3 -2 -5 -3
right_child=1 5 -4 4 -6 -7
leaf_value=-0.013093315174890803 0.0031575823067474663 -0.0040718749401180412 0.011920745314220797 -0.0078435837093630504 -0.010385629687951895 -0.001286547623553666
leaf_weight=7.9176895152777425 10.823293045163156 0.27649071265477587 8.1833630483597517 1.7442774216178816 0.42019326763693232 6.9078324697911739
leaf_count=26 20 14 32 20 20 78
internal_value=0 0.0365604 0.0536967 0.0124194 -0.0833708 -0.0139374
internal_weight=0 28.3554 21.1711 12.9878 2.16447 7.18432
internal_count=210 184 92 60 40 92
shrinkage=0.1


Tree=44
num_leaves=7
num_cat=0
split_feature=0 0 0 0 0 0
split_gain=0.201758 0.0209728 0.0627187 0.0220227 0.000485128 7.70105e-05
threshold=1.0000000180025095e-35 0.45000000000000007 0.35000000000000003 0.15000000000000005 0.75000000000000011 0.25000000000000006
decision_type=2 2 2 2 2 2
left_child=-1 2 3 -2 -3 -5
right_child=1 4 -4 5 -6 -7
leaf_value=-0.01372662323123351 0.0030594497085490013 -0.0050763845226163059 0.012304169761588452 -0.0077097709199434655 -0.00055753301376072154 -0.0092134760753226092
leaf_weight=8.2782326452434045 10.628056429326536 0.24623359250835972 8.4092980623245239 1.7427794525865477 6.7558365166187286 0.42330991942435486
leaf_count=26 20 14 32 20 78 20
internal_value=0 0.0402873 0.0559573 0.0118643 -0.00716442 -0.0800363
internal_weight=0 28.2055 21.2034 12.7941 7.00207 2.16609
internal_count=210 184 92 60 92 40
shrinkage=0.1


Tree=45
num_leaves=7
num_cat=0
split_feature=0 0 0 0 0 0
split_gain=1.40716 0.208988 0.252188 0.0621576 0.00232086 4.99794e-05
threshold=1.0000000180025095e-35 0.15000000000000005 0.45000000000000007 0.35000000000000003 0.75000000000000011 0.25000000000000006
decision_type=2 2 2 2 2 2
left_child=-1 -2 3 5 -4 -3
right_child=1 2 4 -5 -6 -7
leaf_value=0.043840443734301619 0.0026024491099275087 -0.0071163782955381595 -0.0093459947588085089 -0.02590369851246746 0.00116287969629231 -0.0083267087962343497
leaf_weight=6.1034899372607461 10.600314915180208 1.7368422520812612 0.21705433435272323 10.999536883085966 6.6097095422446728 0.4245831660227849
leaf_count=26 20 20 14 32 78 20
internal_value=0 -0.0874785 -0.147674 -0.228573 0.00828754 -0.0735413
internal_weight=0 30.588 19.9877 13.161 6.82676 2.16143
internal_count=210 184 164 72 92 40
shrinkage=0.1


Tree=46
num_leaves=7
num_cat=0
split_feature=0 0 0 0 0 0
split_gain=0.158538 0.0261097 0.0540678 0.0218591 0.000181321 6.04534e-05
threshold=1.0000000180025095e-35 0.45000000000000007 0.35000000000000003 0.15000000000000005 0.25000000000000006 0.75000000000000011
decision_type=2 2 2 2 2 2
left_child=-1 2 3 -2 -5 -3
right_child=1 5 -4 4 -6 -7
leaf_value=-0.012592624782685718 0.0030878743637090282 -0.0031664638659017678 0.011664400055921585 -0.0074675193821611531 -0.0097798352088694605 -0.0016830145176090089
leaf_weight=7.8325895369052878 10.917244590818884 0.28615673677995701 8.1019968371838331 1.7408336512744438 0.42116594407707442 6.8676978349685669
leaf_count=26 20 14 32 20 20 78
internal_value=0 0.0348094 0.0524508 0.0126861 -0.0791797 -0.0174235
internal_weight=0 28.3351 21.1812 13.0792 2.162 7.15385
internal_count=210 184 92 60 40 92
shrinkage=0.1


Tree=47
num_leaves=7
num_cat=0
split_feature=0 0 0 0 0 0
split_gain=0.1722 0.019338 0.0530354 0.0207642 0.000212397 8.33173e-05
threshold=1.0000000180025095e-35 0.45000000000000007 0.35000000000000003 0.15000000000000005 0.75000000000000011 0.25000000000000006
decision_type=2 2 2 2 2 2
left_child=-1 2 3 -2 -3 -5
right_child=1 4 -4 5 -6 -7
leaf_value=-0.012967867936679084 0.0029939037986210903 -0.0035999357846904626 0.011474446032530668 -0.0074270870952110948 -0.00075400837648950691 -0.0089855228869425013
leaf_weight=7.9793559294193974 10.751278743147852 0.27280883200000872 8.2043656446039677 1.7406621174886834 6.7695900890976191 0.42725281184539193
leaf_count=26 20 14 32 20 78 20
internal_value=0 0.0367377 0.0518671 0.0119366 -0.00864254 -0.0773422
internal_weight=0 28.166 21.1236 12.9192 7.0424 2.16791
internal_count=210 184 92 60 92 40
shrinkage=0.1


Tree=48
num_leaves=7
num_cat=0
split_feature=0 0 0 0 0 0
split_gain=0.198943 0.0198004 0.0598172 0.0188184 0.000467468 9.98797e-06
threshold=1.0000000180025095e-35 0.35000000000000003 0.45000000000000007 0.15000000000000005 0.75000000000000011 0.25000000000000006
decision_type=2 2 2 2 2 2
left_child=-1 3 -3 -2 -4 -5
right_child=1 2 4 5 -6 -7
leaf_value=-0.013454401553647922 0.0028762905546942104 0.012069687339114578 -0.0048853367576375019 -0.0072511897513841683 -0.00033656372623501869 -0.007790734145906331
leaf_weight=8.4466529823839647 10.542305879294874 8.5026557780802232 0.23392396874260055 1.7384641577955329 6.606413597241044 0.42746577644720657
leaf_count=26 20 32 14 20 78 20
internal_value=0 0.0405133 0.0646928 0.0113206 -0.00492121 -0.0735767
internal_weight=0 28.0512 15.343 12.7082 6.84034 2.16593
internal_count=210 184 124 60 92 40
shrinkage=0.1


Tree=49
num_leaves=7
num_cat=0
split_feature=0 0 0 0 0 0
split_gain=1.0347 0.159092 0.202411 0.0455351 0.00216998 1.23026e-05
threshold=1.0000000180025095e-35 0.15000000000000005 0.45000000000000007 0.35000000000000003 0.75000000000000011 0.25000000000000006
decision_type=2 2 2 2 2 2
left_child=-1 -2 3 5 -4 -3
right_child=1 2 4 -5 -6 -7
leaf_value=0.03805197661960779 0.0023520565641088008 -0.0067780894950627418 -0.0085518274389823606 -0.022793980009277341 0.0015306386021790236 -0.0073759739120574132
leaf_weight=5.9722418785095206 10.678593516349794 1.7342274906113755 0.22065144160296668 10.774456776678562 6.5523229334503412 0.42937049665488286
leaf_count=26 20 20 14 32 78 20
internal_value=0 -0.0747807 -0.128036 -0.201355 0.0120217 -0.0689674
internal_weight=0 30.3896 19.711 12.9381 6.77297 2.1636
internal_count=210 184 164 72 92 40
shrinkage=0.1


Tree=50
num_leaves=7
num_cat=0
split_feature=0 0 0 0 0 0
split_gain=0.159482 0.0193386 0.049509 0.0191434 9.77313e-05 6.23903e-05
threshold=1.0000000180025095e-35 0.45000000000000007 0.35000000000000003 0.15000000000000005 0.75000000000000011 0.25000000000000006
decision_type=2 2 2 2 2 2
left_child=-1 2 3 -2 -3 -5
right_child=1 4 -4 5 -6 -7
leaf_value=-0.012552392292012196 0.0029229571686562031 -0.0028453652456088959 0.011151903509145383 -0.0071110906583220683 -0.00094021444698228623 -0.0084579427065700399
leaf_weight=7.9016361515969029 10.786927357316019 0.28045396646484638 8.1404221449047327 1.7378295126836758 6.7472689915448427 0.4288003360852598
leaf_count=26 20 14 32 20 78 20
internal_value=0 0.0352697 0.050406 0.0120006 -0.0101624 -0.0737765
internal_weight=0 28.1217 21.094 12.9536 7.02772 2.16663
internal_count=210 184 92 60 92 40
shrinkage=0.1


Tree=51
num_leaves=7
num_cat=0
split_feature=0 0 0 0 0 0
split_gain=0.180972 0.0169604 0.0538369 0.017842 0.000251534 1.24533e-05
threshold=1.0000000180025095e-35 0.35000000000000003 0.45000000000000007 0.15000000000000005 0.75000000000000011 0.25000000000000006
decision_type=2 2 2 2 2 2
left_child=-1 3 -3 -2 -4 -5
right_child=1 2 4 5 -6 -7
leaf_value=-0.013102449683244824 0.0028238777823709066 0.011502596952299471 -0.0035169892773033694 -0.0070112259314569327 -0.00033188984819402021 -0.007611671511509154
leaf_weight=8.1619391422718746 10.625352919101717 8.3029162082821113 0.25755827827379008 1.7367369134444737 6.6408105958253145 0.43116542883217329
leaf_count=26 20 32 14 20 78 20
internal_value=0 0.0382008 0.0607812 0.0113702 -0.00450809 -0.0713065
internal_weight=0 27.9945 15.2013 12.7933 6.89837 2.1679
internal_count=210 184 124 60 92 40
shrinkage=0.1


Tree=52
num_leaves=7
num_cat=0
split_feature=0 0 0 0 0 0
split_gain=3.26306 0.454181 0.582467 0.0139134 0.00132674 2.76329e-07
threshold=1.0000000180025095e-35 0.35000000000000003 0.45000000000000007 0.15000000000000005 0.75000000000000011 0.25000000000000006
decision_type=2 2 2 2 2 2
left_child=-1 3 -3 -2 -4 -5
right_child=1 2 4 5 -6 -7
leaf_value=0.063699363775784654 0.0025965857961594572 -0.037126201899395091 -0.0078473973015775276 -0.0062629787930986646 0.00037638226113789752 -0.0061732737660767315
leaf_weight=6.6129191182553759 10.187904417514803 11.71739759296179 0.20243843249045207 1.7279027195181691 6.3397421389818192 0.42856574035249639
leaf_count=26 20 32 14 20 78 20
internal_value=0 -0.137642 -0.237807 0.01052 0.00121909 -0.0624515
internal_weight=0 30.604 18.2596 12.3444 6.54218 2.15647
internal_count=210 184 124 60 92 40
shrinkage=0.1


Tree=53
num_leaves=7
num_cat=0
split_feature=0 0 0 0 0 0
split_gain=0.149756 0.0298276 0.052857 0.0179701 9.35836e-05 9.05116e-06
threshold=1.0000000180025095e-35 0.45000000000000007 0.35000000000000003 0.15000000000000005 0.25000000000000006 0.75000000000000011
decision_type=2 2 2 2 2 2
left_child=-1 2 3 -2 -5 -3
right_child=1 5 -4 4 -6 -7
leaf_value=-0.012252217906911625 0.0029983173390468964 -0.0017254760523982727 0.011669550068459295 -0.0066493969003786875 -0.008308803020452454 -0.0022913944978092677
leaf_weight=7.8191922567784777 11.163438893854623 0.29498926596715946 7.9963123835623255 1.7327586263418191 0.42277739814016962 6.7377765849232674
leaf_count=26 20 14 32 20 20 78
internal_value=0 0.0337951 0.0524273 0.0138426 -0.0697487 -0.0226766
internal_weight=0 28.3481 21.3153 13.319 2.15554 7.03277
internal_count=210 184 92 60 40 92
shrinkage=0.1


Tree=54
num_leaves=7
num_cat=0
split_feature=0 0 0 0 0 0
split_gain=0.145945 0.0200876 0.0454437 0.0174154 4.22251e-05 1.3419e-05
threshold=1.0000000180025095e-35 0.45000000000000007 0.35000000000000003 0.15000000000000005 0.25000000000000006 0.75000000000000011
decision_type=2 2 2 2 2 2
left_child=-1 2 3 -2 -5 -3
right_child=1 5 -4 4 -6 -7
leaf_value=-0.012087522818163287 0.002884912091203346 -0.0019604913851646207 0.01081224877398175 -0.0067087132177780524 -0.0078137603981838222 -0.0012688768748299177
leaf_weight=7.8163844794034949 10.9496001675725 0.29284857446327706 8.04099843185395 1.733917382778601 0.43192387034650881 6.6734184715896845
leaf_count=26 20 14 32 20 20 78
internal_value=0 0.0335959 0.048932 0.0126426 -0.0692909 -0.0129795
internal_weight=0 28.1227 21.1564 13.1154 2.16584 6.96627
internal_count=210 184 92 60 40 92
shrinkage=0.1


Tree=55
num_leaves=7
num_cat=0
split_feature=0 0 0 0 0 0
split_gain=0.150234 0.0150523 0.0434164 0.0166302 7.73518e-05 1.25039e-05
threshold=1.0000000180025095e-35 0.45000000000000007 0.35000000000000003 0.15000000000000005 0.75000000000000011 0.25000000000000006
decision_type=2 2 2 2 2 2
left_child=-1 2 3 -2 -3 -5
right_child=1 4 -4 5 -6 -7
leaf_value=-0.012190082153765849 0.0027813175473914791 -0.0022288620798853894 0.010504897658312813 -0.006691136119988725 -0.0005465710328130802 -0.0072898331193199887
leaf_weight=7.8864206392318001 10.790533222258093 0.28509515663608809 8.106878706254065 1.7340113858226698 6.6163068078458309 0.43669572041835625
leaf_count=26 20 14 32 20 78 20
internal_value=0 0.0343718 0.0476492 0.0117473 -0.00616066 -0.0681158
internal_weight=0 27.9695 21.0681 12.9612 6.9014 2.17071
internal_count=210 184 92 60 92 40
shrinkage=0.1


Tree=56
num_leaves=7
num_cat=0
split_feature=0 0 0 0 0 0
split_gain=0.166066 0.0154479 0.0446051 0.0156065 0.000182437 3.67804e-08
threshold=1.0000000180025095e-35 0.35000000000000003 0.45000000000000007 0.15000000000000005 0.75000000000000011 0.25000000000000006
decision_type=2 2 2 2 2 2
left_child=-1 3 -3 -2 -4 -5
right_child=1 2 4 5 -6 -7
leaf_value=-0.012624164972263791 0.0026858719338185909 0.010788162614256903 -0.0027138773344047083 -0.006609856393219829 -4.8295875636285673e-05 -0.0066422822176182162
leaf_weight=8.0777420662343484 10.645294494926931 8.2304229177534562 0.26725083240307768 1.7331636655144387 6.5414515323936939 0.43826891167554993
leaf_count=26 20 32 14 20 78 20
internal_value=0 0.036608 0.0583478 0.0110986 -0.00152924 -0.066164
internal_weight=0 27.8559 15.0391 12.8167 6.8087 2.17143
internal_count=210 184 124 60 92 40
shrinkage=0.1


Tree=57
num_leaves=7
num_cat=0
split_feature=0 0 0 0 0 0
split_gain=0.181102 0.0195985 0.0493258 0.0136606 0.000396794 3.10997e-05
threshold=1.0000000180025095e-35 0.35000000000000003 0.45000000000000007 0.15000000000000005 0.75000000000000011 0.25000000000000006
decision_type=2 2 2 2 2 2
left_child=-1 3 -3 -2 -4 -5
right_child=1 2 4 5 -6 -7
leaf_value=-0.012588744122838278 0.0025231921316107107 0.011316999361581068 -0.0043880859229667333 -0.0063965851949096307 -3.1870884127226676e-05 -0.0054509106864860232
leaf_weight=8.7029184699058515 10.409039236605169 8.6494719274342042 0.21620832709595461 1.7302214028313749 6.3568636607378721 0.43523043126333488
leaf_count=26 20 32 14 20 78 20
internal_value=0 0.0394139 0.063547 0.0101985 -0.0017516 -0.0620652
internal_weight=0 27.797 15.2225 12.5745 6.57307 2.16545
internal_count=210 184 124 60 92 40
shrinkage=0.1


Tree=58
num_leaves=7
num_cat=0
split_feature=0 0 0 0 0 0
split_gain=0.876556 0.13278 0.179869 0.0428012 0.00173202 9.95171e-06
threshold=1.0000000180025095e-35 0.15000000000000005 0.45000000000000007 0.35000000000000003 0.75000000000000011 0.25000000000000006
decision_type=2 2 2 2 2 2
left_child=-1 -2 3 5 -4 -3
right_child=1 2 4 -5 -6 -7
leaf_value=0.035189756550084828 0.0020374019821901685 -0.0060571215942625441 -0.0071366204159375099 -0.021373855085361528 0.0018419012587606921 -0.0055232522897941776
leaf_weight=5.9159551728516808 10.685031287372114 1.7277419681195181 0.22232062858529289 10.632837293669581 6.3970690611749887 0.43759786838199927
leaf_count=26 20 20 14 32 78 20
internal_value=0 -0.0691571 -0.118424 -0.187641 0.0154035 -0.0594923
internal_weight=0 30.1026 19.4176 12.7982 6.61939 2.16534
internal_count=210 184 164 72 92 40
shrinkage=0.1


Tree=59
num_leaves=7
num_cat=0
split_feature=0 0 0 0 0 0
split_gain=0.15442 0.0137706 0.0427923 0.0145972 8.95063e-05 8.44666e-09
threshold=1.0000000180025095e-35 0.35000000000000003 0.45000000000000007 0.15000000000000005 0.75000000000000011 0.25000000000000006
decision_type=2 2 2 2 2 2
left_child=-1 3 -3 -2 -4 -5
right_child=1 2 4 5 -6 -7
leaf_value=-0.012260415630560758 0.0026345253297592767 0.010462723225017352 -0.0020328081043828562 -0.0063648658358726046 -0.00019359647513085863 -0.0063493416995115022
leaf_weight=7.9829227104783049 10.673094756901266 8.1614480325952155 0.27574362338054825 1.7309313924051815 6.5476101748645306 0.4394714396912604
leaf_count=26 20 32 14 20 78 20
internal_value=0 0.0351706 0.0557651 0.0111426 -0.00267922 -0.0636172
internal_weight=0 27.8283 14.9848 12.8435 6.82335 2.1704
internal_count=210 184 124 60 92 40
shrinkage=0.1


Tree=60
num_leaves=7
num_cat=0
split_feature=0 0 0 0 0 0
split_gain=0.176967 0.0182159 0.0463611 0.0133377 0.000209394 1.70555e-05
threshold=1.0000000180025095e-35 0.35000000000000003 0.45000000000000007 0.15000000000000005 0.75000000000000011 0.25000000000000006
decision_type=2 2 2 2 2 2
left_child=-1 3 -3 -2 -4 -5
right_child=1 2 4 5 -6 -7
leaf_value=-0.012774274479421558 0.0025197966831386636 0.011143419199064107 -0.0028942299830868124 -0.0062359185372280086 8.526122436950584e-05 -0.0055378518269932966
leaf_weight=8.3383767176419479 10.510147944092752 8.3822591789066774 0.24484830885194145 1.7292771267238998 6.4352785795927048 0.43881824484560633
leaf_count=26 20 32 14 20 78 20
internal_value=0 0.0383974 0.0619072 0.0104665 -0.000239468 -0.0609463
internal_weight=0 27.7406 15.0624 12.6782 6.68013 2.1681
internal_count=210 184 124 60 92 40
shrinkage=0.1


Tree=61
num_leaves=7
num_cat=0
split_feature=0 0 0 0 0 0
split_gain=1.84845 0.266588 0.376281 0.010786 0.00124624 2.77849e-05
threshold=1.0000000180025095e-35 0.35000000000000003 0.45000000000000007 0.15000000000000005 0.75000000000000011 0.25000000000000006
decision_type=2 2 2 2 2 2
left_child=-1 3 -3 -2 -4 -5
right_child=1 2 4 5 -6 -7
leaf_value=0.049611111606468063 0.0022244897755888137 -0.029337550774717211 -0.0065867943947561574 -0.0057180886273296488 0.0011921591473723122 -0.0048259103149155495
leaf_weight=6.2269043996930113 10.426270335912706 11.120551235042514 0.2129152788547789 1.7237325489986681 6.2946345340460539 0.43770010210573662
leaf_count=26 20 32 14 20 78 20
internal_value=0 -0.102239 -0.181612 0.00891694 0.00937646 -0.0553742
internal_weight=0 30.2158 17.6281 12.5877 6.50755 2.16143
internal_count=210 184 124 60 92 40
shrinkage=0.1


Tree=62
num_leaves=7
num_cat=0
split_feature=0 0 0 0 0 0
split_gain=0.137735 0.0154783 0.0399015 0.0140544 4.35829e-06 1.33994e-06
threshold=1.0000000180025095e-35 0.45000000000000007 0.35000000000000003 0.15000000000000005 0.75000000000000011 0.25000000000000006
decision_type=2 2 2 2 2 2
left_child=-1 2 3 -2 -3 -5
right_child=1 4 -4 5 -6 -7
leaf_value=-0.011723183971657112 0.0026804290459195614 -0.001213573970776303 0.010173092413044342 -0.0061016434629320958 -0.00081879599947045929 -0.0062972884018835471
leaf_weight=7.8263352140784255 10.831723570823671 0.29208114126231421 8.0367902992293239 1.7283387100324046 6.5689041716977954 0.43897586548700918
leaf_count=26 20 14 32 20 78 20
internal_value=0 0.0328889 0.0463412 0.012096 -0.00835602 -0.0614127
internal_weight=0 27.8968 21.0358 12.999 6.86099 2.16731
internal_count=210 184 92 60 92 40
shrinkage=0.1


Tree=63
num_leaves=7
num_cat=0
split_feature=0 0 0 0 0 0
split_gain=0.143591 0.0123261 0.0400028 0.0133151 3.93079e-05 1.72377e-06
threshold=1.0000000180025095e-35 0.35000000000000003 0.45000000000000007 0.15000000000000005 0.75000000000000011 0.25000000000000006
decision_type=2 2 2 2 2 2
left_child=-1 3 -3 -2 -4 -5
right_child=1 2 4 5 -6 -7
leaf_value=-0.011882586748741354 0.0025672368039514081 0.010089162358348594 -0.001464603805594471 -0.0060685526986565342 -0.000260834057243456 -0.0058472620695918616
leaf_weight=7.9144908487796775 10.698727846145632 8.1043112836778146 0.28304020373616268 1.728132544551044 6.519961285404861 0.442050429759547
leaf_count=26 20 32 14 20 78 20
internal_value=0 0.033858 0.0534305 0.0111852 -0.00310917 -0.0602348
internal_weight=0 27.7762 14.9073 12.8689 6.803 2.17018
internal_count=210 184 124 60 92 40
shrinkage=0.1


Tree=64
num_leaves=7
num_cat=0
split_feature=0 0 0 0 0 0
split_gain=0.160103 0.0156491 0.04068 0.0123991 0.00010888 1.85053e-05
threshold=1.0000000180025095e-35 0.35000000000000003 0.45000000000000007 0.15000000000000005 0.75000000000000011 0.25000000000000006
decision_type=2 2 2 2 2 2
left_child=-1 3 -3 -2 -4 -5
right_child=1 2 4 5 -6 -7
leaf_value=-0.012340413502024758 0.0024612112530251677 0.010527019987608903 -0.001954082091913932 -0.0059858568566001297 0.00011960914063233408 -0.0052611607477979295
leaf_weight=8.1272765407338721 10.567081660032274 8.2357141124084574 0.2635484382044514 1.7271626265719526 6.4469370506703854 0.44266734848497424
leaf_count=26 20 32 14 20 78 20
internal_value=0 0.0362293 0.0581778 0.0104738 0.000381667 -0.0583801
internal_weight=0 27.6831 14.9462 12.7369 6.71049 2.16983
internal_count=210 184 124 60 92 40
shrinkage=0.1


Tree=65
num_leaves=7
num_cat=0
split_feature=0 0 0 0 0 0
split_gain=0.165624 0.0188127 0.0444617 0.0105945 0.000283304 9.84292e-05
threshold=1.0000000180025095e-35 0.35000000000000003 0.45000000000000007 0.15000000000000005 0.75000000000000011 0.25000000000000006
decision_type=2 2 2 2 2 2
left_child=-1 3 -3 -2 -4 -5
right_child=1 2 4 5 -6 -7
leaf_value=-0.011927049694389142 0.0022647521863125592 0.010831209188547459 -0.0037534944303447438 -0.0057728709515097471 3.1154568803397444e-06 -0.0040954980006751669
leaf_weight=8.8260006168857199 10.319307513535025 8.7161927092820388 0.20741608634125339 1.7240735378582024 6.248915696516633 0.4388932401780038
leaf_count=26 20 32 14 20 78 20
internal_value=0 0.0380651 0.061722 0.00930947 -0.00117569 -0.0543251
internal_weight=0 27.6548 15.1725 12.4823 6.45633 2.16297
internal_count=210 184 124 60 92 40
shrinkage=0.1


Tree=66
num_leaves=7
num_cat=0
split_feature=0 0 0 0 0 0
split_gain=0.883813 0.130271 0.215735 0.00910945 0.00134383 4.80578e-05
threshold=1.0000000180025095e-35 0.35000000000000003 0.45000000000000007 0.15000000000000005 0.75000000000000011 0.25000000000000006
decision_type=2 2 2 2 2 2
left_child=-1 3 -3 -2 -4 -5
right_child=1 2 4 5 -6 -7
leaf_value=0.035328154930090935 0.0018591801292550244 -0.021484750855396417 -0.0060515496209291126 -0.0054966959457863193 0.0018734035116730304 -0.0043274894837193626
leaf_weight=5.9138006456196299 10.641524091362955 10.604385125450792 0.22146405291277813 1.7223374824970954 6.3217821167781949 0.4417003770940936
leaf_count=26 20 32 14 20 78 20
internal_value=0 -0.06975 -0.12674 0.00656425 0.0160517 -0.0525805
internal_weight=0 29.9532 17.1476 12.8056 6.54325 2.16404
internal_count=210 184 124 60 92 40
shrinkage=0.1


Tree=67
num_leaves=7
num_cat=0
split_feature=0 0 0 0 0 0
split_gain=0.147401 0.0135896 0.0383499 0.0117943 4.23768e-05 1.57461e-05
threshold=1.0000000180025095e-35 0.35000000000000003 0.45000000000000007 0.15000000000000005 0.75000000000000011 0.25000000000000006
decision_type=2 2 2 2 2 2
left_child=-1 3 -3 -2 -4 -5
right_child=1 2 4 5 -6 -7
leaf_value=-0.011954897279528368 0.0024378871588545963 0.010124622719892657 -0.0012868889255193243 -0.0057909866202269233 -1.9089238558868301e-05 -0.0051231883109805407
leaf_weight=8.0004626438021642 10.611301809549333 8.1502989139407855 0.27485723944846441 1.7253773133270436 6.4658465711399913 0.44393699744250609
leaf_count=26 20 32 14 20 78 20
internal_value=0 0.0345642 0.0550947 0.0106436 -0.000707847 -0.0565433
internal_weight=0 27.6716 14.891 12.7806 6.7407 2.16931
internal_count=210 184 124 60 92 40
shrinkage=0.1


Tree=68
num_leaves=7
num_cat=0
split_feature=0 0 0 0 0 0
split_gain=0.168471 0.0179319 0.0424855 0.0107315 0.000122002 5.70743e-05
threshold=1.0000000180025095e-35 0.35000000000000003 0.45000000000000007 0.15000000000000005 0.75000000000000011 0.25000000000000006
decision_type=2 2 2 2 2 2
left_child=-1 3 -3 -2 -4 -5
right_child=1 2 4 5 -6 -7
leaf_value=-0.012446172260779275 0.0023169205942084603 0.010840545317860707 -0.002080653723481382 -0.0056753846229009473 0.0001956668904578104 -0.0044027671786431499
leaf_weight=8.3495063791051489 10.460710458457472 8.3649569582194072 0.24450215906835995 1.7238255362026387 6.3603498227894306 0.44296366779599328
leaf_count=26 20 32 14 20 78 20
internal_value=0 0.0376557 0.0610672 0.0099014 0.00111401 -0.0541522
internal_weight=0 27.5973 14.9698 12.6275 6.60485 2.16679
internal_count=210 184 124 60 92 40
shrinkage=0.1


Tree=69
num_leaves=7
num_cat=0
split_feature=0 0 0 0 0 0
split_gain=2.07562 0.296726 0.412054 0.0086593 0.000921001 7.68961e-05
threshold=1.0000000180025095e-35 0.35000000000000003 0.45000000000000007 0.15000000000000005 0.75000000000000011 0.25000000000000006
decision_type=2 2 2 2 2 2
left_child=-1 3 -3 -2 -4 -5
right_child=1 2 4 5 -6 -7
leaf_value=0.052301845207800103 0.0020773872513026224 -0.030858678897132091 -0.0055824490531807304 -0.0051865103056901981 0.0011415725702992674 -0.0037068580245952147
leaf_weight=6.2786905933171502 10.344716742634775 11.187864990904929 0.21061232686042689 1.7184366243891411 6.2111979415640235 0.441451322112698
leaf_count=26 20 32 14 20 78 20
internal_value=0 -0.109047 -0.192694 0.00874949 0.00921049 -0.0488409
internal_weight=0 30.1143 17.6097 12.5046 6.42181 2.15989
internal_count=210 184 124 60 92 40
shrinkage=0.1


Tree=70
num_leaves=7
num_cat=0
split_feature=0 0 0 0 0 0
split_gain=0.130496 0.0135974 0.0364175 0.011649 4.74271e-06 7.28456e-07
threshold=1.0000000180025095e-35 0.45000000000000007 0.35000000000000003 0.15000000000000005 0.25000000000000006 0.75000000000000011
decision_type=2 2 2 2 2 2
left_child=-1 2 3 -2 -5 -3
right_child=1 5 -4 4 -6 -7
leaf_value=-0.011410879488572764 0.0025397139960978178 -0.00052103012959697488 0.0097724230601536743 -0.0055703995491457152 -0.005203657538909316 -0.00068207852739962226
leaf_weight=7.8196838069707146 10.79261374473572 0.29354899341706087 8.0133513547480106 1.7231495843734603 0.4433423748705535 6.4977262727916241
leaf_count=26 20 14 32 20 20 78
internal_value=0 0.0321389 0.0447322 0.0119642 -0.0549535 -0.00675117
internal_weight=0 27.7637 20.9725 12.9591 2.16649 6.79128
internal_count=210 184 92 60 40 92
shrinkage=0.1


Tree=71
num_leaves=7
num_cat=0
split_feature=0 0 0 0 0 0
split_gain=0.134499 0.0114886 0.0360139 0.0110106 1.79936e-05 7.88334e-06
threshold=1.0000000180025095e-35 0.35000000000000003 0.45000000000000007 0.15000000000000005 0.25000000000000006 0.75000000000000011
decision_type=2 2 2 2 2 2
left_child=-1 3 -3 -2 -5 -4
right_child=1 2 5 4 -6 -7
leaf_value=-0.011513701702966384 0.0024171802618378774 0.0096908140253214661 -0.00072402384470480466 -0.0055447538350987631 -0.0048321425352145682 -0.00018741481857443426
leaf_weight=7.8930471390485755 10.671078093349935 8.0705895638093335 0.28589601814746762 1.7229915915522718 0.44606842717621453 6.4575665444135666
leaf_count=26 20 32 14 20 20 78
internal_value=0 0.0328624 0.0518382 0.0109694 -0.053982 -0.00210165
internal_weight=0 27.6542 14.8141 12.8401 2.16906 6.74346
internal_count=210 184 124 60 40 92
shrinkage=0.1


Tree=72
num_leaves=7
num_cat=0
split_feature=0 0 0 0 0 0
split_gain=0.14706 0.0142517 0.0360224 0.0102845 4.41056e-05 4.09344e-05
threshold=1.0000000180025095e-35 0.35000000000000003 0.45000000000000007 0.15000000000000005 0.25000000000000006 0.75000000000000011
decision_type=2 2 2 2 2 2
left_child=-1 3 -3 -2 -5 -4
right_child=1 2 5 4 -6 -7
leaf_value=-0.011884968668615822 0.0023064014145932395 0.010029650945721544 -0.0010785293153352455 -0.0054833664950998465 -0.0043684543531917076 0.00017719422734000705
leaf_weight=8.0566462920978648 10.555975727736952 8.1718124048784357 0.27057121356483449 1.7222786706406616 0.44689180440036569 6.4007641701027751
leaf_count=26 20 32 14 20 20 78
internal_value=0 0.034733 0.0557852 0.0101769 -0.0525367 0.00126265
internal_weight=0 27.5683 14.8431 12.7251 2.16917 6.67134
internal_count=210 184 124 60 40 92
shrinkage=0.1


Tree=73
num_leaves=7
num_cat=0
split_feature=0 0 0 0 0 0
split_gain=0.166693 0.0187237 0.0413575 0.00918019 0.000122513 0.000109723
threshold=1.0000000180025095e-35 0.35000000000000003 0.45000000000000007 0.15000000000000005 0.75000000000000011 0.25000000000000006
decision_type=2 2 2 2 2 2
left_child=-1 3 -3 -2 -4 -5
right_child=1 2 4 5 -6 -7
leaf_value=-0.012245425703202395 0.002167841005385111 0.010786949904408708 -0.0020694545717771643 -0.0053518382773108239 0.0002640363802713231 -0.0035900259726590919
leaf_weight=8.4940275354310852 10.389791227877142 8.4472548523917776 0.23336071241646905 1.720407759305089 6.2755714990198612 0.44490476587088768
leaf_count=26 20 32 14 20 78 20
internal_value=0 0.0378074 0.0617097 0.00933393 0.00180375 -0.0498984
internal_weight=0 27.5113 14.9562 12.5551 6.50893 2.16531
internal_count=210 184 124 60 92 40
shrinkage=0.1


Tree=74
num_leaves=7
num_cat=0
split_feature=0 0 0 0 0 0
split_gain=1.50126 0.217419 0.321782 0.00755286 0.000923994 0.000105797
threshold=1.0000000180025095e-35 0.35000000000000003 0.45000000000000007 0.15000000000000005 0.75000000000000011 0.25000000000000006
decision_type=2 2 2 2 2 2
left_child=-1 3 -3 -2 -4 -5
right_child=1 2 4 5 -6 -7
leaf_value=0.045163113228839272 0.0018843935107601126 -0.026939132485206702 -0.0051716855866097856 -0.0049658482693291251 0.0014938570282450111 -0.003235072510736875
leaf_weight=6.1125733498483887 10.450642839074137 10.911841701716186 0.21517607429996036 1.7165837390348309 6.2089504981413484 0.44466495938831929
leaf_count=26 20 32 14 20 78 20
internal_value=0 -0.0921811 -0.164856 0.00771518 0.0127059 -0.0460975
internal_weight=0 29.9479 17.336 12.6119 6.42413 2.16125
internal_count=210 184 124 60 92 40
shrinkage=0.1


Tree=75
num_leaves=7
num_cat=0
split_feature=0 0 0 0 0 0
split_gain=0.129676 0.0108433 0.0347611 0.0101319 2.71137e-05 7.06423e-07
threshold=1.0000000180025095e-35 0.35000000000000003 0.45000000000000007 0.15000000000000005 0.25000000000000006 0.75000000000000011
decision_type=2 2 2 2 2 2
left_child=-1 3 -3 -2 -5 -4
right_child=1 2 5 4 -6 -7
leaf_value=-0.011323729471287429 0.0023678339728915461 0.0095098978091226628 -0.00038404043214409263 -0.0053106301799337287 -0.0044368806033993876 -0.00022409885239600661
leaf_weight=7.870085021480917 10.674754925072195 8.0462902057915908 0.28852515621110697 1.7206308336462819 0.44752441340824578 6.4373226528987288
leaf_count=26 20 32 14 20 20 78
internal_value=0 0.0322718 0.0507482 0.0110199 -0.0513028 -0.0023096
internal_weight=0 27.615 14.7721 12.8429 2.16816 6.72585
internal_count=210 184 124 60 40 92
shrinkage=0.1


Tree=76
num_leaves=7
num_cat=0
split_feature=0 0 0 0 0 0
split_gain=0.139291 0.0131779 0.0339185 0.00949149 5.3511e-05 1.75435e-05
threshold=1.0000000180025095e-35 0.35000000000000003 0.45000000000000007 0.15000000000000005 0.25000000000000006 0.75000000000000011
decision_type=2 2 2 2 2 2
left_child=-1 3 -3 -2 -5 -4
right_child=1 2 5 4 -6 -7
leaf_value=-0.011615471054105935 0.0022539379608532586 0.009741329105083199 -0.00066256100456767001 -0.0052624520973681395 -0.0040362002311129094 0.00015154187645014368
leaf_weight=7.9995503686368457 10.566417977213861 8.128252928145228 0.27614106109831382 1.7200961380731308 0.4486912047141231 6.3898594072088599
leaf_count=26 20 32 14 20 20 78
internal_value=0 0.0337524 0.0540516 0.0101711 -0.0500876 0.00117817
internal_weight=0 27.5295 14.7943 12.7352 2.16879 6.666
internal_count=210 184 124 60 40 92
shrinkage=0.1


Tree=77
num_leaves=7
num_cat=0
split_feature=0 0 0 0 0 0
split_gain=0.158507 0.0172397 0.037895 0.00864832 0.00010643 6.56943e-05
threshold=1.0000000180025095e-35 0.35000000000000003 0.45000000000000007 0.15000000000000005 0.25000000000000006 0.75000000000000011
decision_type=2 2 2 2 2 2
left_child=-1 3 -3 -2 -5 -4
right_child=1 2 5 4 -6 -7
leaf_value=-0.012103326552935672 0.0021337613127088077 0.010449093833915523 -0.0013146860215699327 -0.005167092095990017 -0.0034360851186765145 0.00034135618440282907
leaf_weight=8.3074082881212217 10.433880388736727 8.3146315487101656 0.24901266559027035 1.7187832130584859 0.44771776092238713 6.2996196513995528
leaf_count=26 20 32 14 20 20 78
internal_value=0 0.0366111 0.0596796 0.00939964 -0.0480937 0.00278385
internal_weight=0 27.4636 14.8633 12.6004 2.1665 6.54863
internal_count=210 184 124 60 40 92
shrinkage=0.1


Tree=78
num_leaves=7
num_cat=0
split_feature=0 0 0 0 0 0
split_gain=2.91146 0.406956 0.537514 0.00682126 0.000630513 0.000152526
threshold=1.0000000180025095e-35 0.35000000000000003 0.45000000000000007 0.15000000000000005 0.75000000000000011 0.25000000000000006
decision_type=2 2 2 2 2 2
left_child=-1 3 -3 -2 -4 -5
right_child=1 2 4 5 -6 -7
leaf_value=0.060801766320459305 0.0019657630447604693 -0.035642645919775499 -0.0047495586121605289 -0.0046539340139471041 0.00089566841825225267 -0.0025758123628955472
leaf_weight=6.4802141003310672 10.157537765800955 11.484675553627314 0.20448892225976931 1.7126723034307354 6.0921049527823925 0.4449412875692359
leaf_count=26 20 32 14 20 78 20
internal_value=0 -0.130915 -0.227688 0.00881074 0.00712333 -0.0422539
internal_weight=0 30.0964 17.7813 12.3152 6.29659 2.15761
internal_count=210 184 124 60 92 40
shrinkage=0.1


Tree=79
num_leaves=7
num_cat=0
split_feature=0 0 0 0 0 0
split_gain=0.124235 0.0129615 0.033354 0.00977731 2.22529e-05 1.86293e-05
threshold=1.0000000180025095e-35 0.45000000000000007 0.35000000000000003 0.15000000000000005 0.25000000000000006 0.75000000000000011
decision_type=2 2 2 2 2 2
left_child=-1 2 3 -2 -5 -3
right_child=1 5 -4 4 -6 -7
leaf_value=-0.01114742446311903 0.0024685366837100481 9.5088299632577005e-05 0.0094590700006994752 -0.0050566857986585395 -0.0042646946927060222 -0.00071410436583845623
leaf_weight=7.8001038115471593 10.824199132621294 0.29767669318243761 7.9699575118720523 1.7178734592162066 0.44710282777668897 6.4305826798081398
leaf_count=26 20 14 32 20 20 78
internal_value=0 0.0314046 0.0436635 0.0124153 -0.0489313 -0.00678303
internal_weight=0 27.6874 20.9591 12.9892 2.16498 6.72826
internal_count=210 184 92 60 40 92
shrinkage=0.1


Tree=80
num_leaves=7
num_cat=0
split_feature=0 0 0 0 0 0
split_gain=0.123844 0.0101685 0.0325821 0.00923587 4.06845e-05 1.11264e-06
threshold=1.0000000180025095e-35 0.45000000000000007 0.35000000000000003 0.15000000000000005 0.25000000000000006 0.75000000000000011
decision_type=2 2 2 2 2 2
left_child=-1 2 3 -2 -5 -3
right_child=1 5 -4 4 -6 -7
leaf_value=-0.011092038023213256 0.0023295129895083626 -4.7866990591895321e-05 0.0092472575806386466 -0.0050497834830946246 -0.0039817554326172519 -0.00024713037089486091
leaf_weight=7.8379480168223372 10.70082847774029 0.29304724209941824 8.0104512618854642 1.7179434997960936 0.45011798001360137 6.4016903731971979
leaf_count=26 20 14 32 20 20 78
internal_value=0 0.0315292 0.0424031 0.0112366 -0.0482805 -0.00238408
internal_weight=0 27.5741 20.8793 12.8689 2.16806 6.69474
internal_count=210 184 92 60 40 92
shrinkage=0.1


Tree=81
num_leaves=7
num_cat=0
split_feature=0 0 0 0 0 0
split_gain=0.129124 0.0116783 0.0309044 0.00868105 6.60825e-05 3.77821e-06
threshold=1.0000000180025095e-35 0.35000000000000003 0.45000000000000007 0.15000000000000005 0.25000000000000006 0.75000000000000011
decision_type=2 2 2 2 2 2
left_child=-1 3 -3 -2 -5 -4
right_child=1 2 5 4 -6 -7
leaf_value=-0.011246748166842202 0.0022086888183957707 0.0093212953586525107 -0.00024196965318913334 -0.0050176933673274637 -0.0036583560471744013 0.00013058026597073612
leaf_weight=7.923918646760284 10.596377685666086 8.0699780918657762 0.28437763114925374 1.7176325402688228 0.45167075935751194 6.3664715643972158
leaf_count=26 20 32 14 20 20 78
internal_value=0 0.0324226 0.0516175 0.0102879 -0.0473467 0.00114651
internal_weight=0 27.4865 14.7208 12.7657 2.1693 6.65085
internal_count=210 184 124 60 40 92
shrinkage=0.1


Tree=82
num_leaves=7
num_cat=0
split_feature=0 0 0 0 0 0
split_gain=0.14246 0.0146204 0.0323756 0.00805445 0.000105983 2.58716e-05
threshold=1.0000000180025095e-35 0.35000000000000003 0.45000000000000007 0.15000000000000005 0.25000000000000006 0.75000000000000011
decision_type=2 2 2 2 2 2
left_child=-1 3 -3 -2 -5 -4
right_child=1 2 5 4 -6 -7
leaf_value=-0.011647463003253289 0.002096872670308547 0.0097829300346791298 -0.00060362727451290842 -0.0049564778205601623 -0.0032349733640420764 0.0004002890041104989
leaf_weight=8.1049248687922937 10.490469641983511 8.1786216059699637 0.26758642413187672 1.7168504425790154 0.45170772168785323 6.3106515854597092
leaf_count=26 20 32 14 20 20 78
internal_value=0 0.0344333 0.0558218 0.00950024 -0.0459789 0.00359452
internal_weight=0 27.4159 14.7569 12.659 2.16856 6.57824
internal_count=210 184 124 60 40 92
shrinkage=0.1


Tree=83
num_leaves=7
num_cat=0
split_feature=0 0 0 0 0 0
split_gain=0.158459 0.0188171 0.0378899 0.0070586 0.000197052 9.24434e-05
threshold=1.0000000180025095e-35 0.35000000000000003 0.45000000000000007 0.15000000000000005 0.25000000000000006 0.75000000000000011
decision_type=2 2 2 2 2 2
left_child=-1 3 -3 -2 -5 -4
right_child=1 2 5 4 -6 -7
leaf_value=-0.011845777481978218 0.0019437037504318592 0.010497626975738961 -0.0016747803977266659 -0.0048263188304277296 -0.002473184018736585 0.000382675814247028
leaf_weight=8.5945074055343849 10.318349033594133 8.4929306209087354 0.22638508840463961 1.7148953939322376 0.44905036408454169 6.1765538873150945
leaf_count=26 20 32 14 20 20 78
internal_value=0 0.0371861 0.0611848 0.00854698 -0.0433801 0.00309931
internal_weight=0 27.3782 14.8959 12.4823 2.16395 6.40294
internal_count=210 184 124 60 40 92
shrinkage=0.1


Tree=84
num_leaves=7
num_cat=0
split_feature=0 0 0 0 0 0
split_gain=1.39452 0.201689 0.305359 0.00588355 0.000772031 0.000175359
threshold=1.0000000180025095e-35 0.35000000000000003 0.45000000000000007 0.15000000000000005 0.75000000000000011 0.25000000000000006
decision_type=2 2 2 2 2 2
left_child=-1 3 -3 -2 -4 -5
right_child=1 2 4 5 -6 -7
leaf_value=0.043662871409306678 0.0016884630401085062 -0.026162130417905789 -0.004436186628791465 -0.0045051861875970026 0.00164636288353292 -0.0022852938495013693
leaf_weight=6.0758584141731253 10.443340957164766 10.830344932153823 0.21600478806067161 1.7119008293375366 6.1466637654229999 0.44922792125726102
leaf_count=26 20 32 14 20 78 20
internal_value=0 -0.0890308 -0.159474 0.00705634 0.0143987 -0.0404374
internal_weight=0 29.7975 17.193 12.6045 6.36267 2.16113
internal_count=210 184 124 60 92 40
shrinkage=0.1


Tree=85
num_leaves=7
num_cat=0
split_feature=0 0 0 0 0 0
split_gain=0.124861 0.0110389 0.0300054 0.00806992 7.55294e-05 2.37077e-08
threshold=1.0000000180025095e-35 0.35000000000000003 0.45000000000000007 0.15000000000000005 0.25000000000000006 0.75000000000000011
decision_type=2 2 2 2 2 2
left_child=-1 3 -3 -2 -5 -4
right_child=1 2 5 4 -6 -7
leaf_value=-0.011080611684665138 0.0021733580702939866 0.0091627867189847164 5.419255293469613e-05 -0.0048252407128939398 -0.0033731407832200151 8.3573114359279893e-05
leaf_weight=7.8979329150170079 10.601990953087808 8.0467533497139794 0.28704595123417576 1.715625308454036 0.45271922438405438 6.3562781820073724
leaf_count=26 20 32 14 20 20 78
internal_value=0 0.0318691 0.050563 0.0103651 -0.0452206 0.000823036
internal_weight=0 27.4604 14.6901 12.7703 2.16834 6.64332
internal_count=210 184 124 60 40 92
shrinkage=0.1


Tree=86
num_leaves=7
num_cat=0
split_feature=0 0 0 0 0 0
split_gain=0.135576 0.0135597 0.0305916 0.0075154 0.000112508 9.58724e-06
threshold=1.0000000180025095e-35 0.35000000000000003 0.45000000000000007 0.15000000000000005 0.25000000000000006 0.75000000000000011
decision_type=2 2 2 2 2 2
left_child=-1 3 -3 -2 -5 -4
right_child=1 2 5 4 -6 -7
leaf_value=-0.01141445099276628 0.0020606264615441175 0.0095178225579688833 -0.00023129689186630312 -0.0047763533060506888 -0.0030046425364746512 0.00037367322060673951
leaf_weight=8.0435475045815092 10.503131292760374 8.1350613627582771 0.27330099674872954 1.7150159799493843 0.45312560844467936 6.3096823552623391
leaf_count=26 20 32 14 20 20 78
internal_value=0 0.0335213 0.0541666 0.00954129 -0.0440608 0.00348557
internal_weight=0 27.3893 14.718 12.6713 2.16814 6.58298
internal_count=210 184 124 60 40 92
shrinkage=0.1


Tree=87
num_leaves=7
num_cat=0
split_feature=0 0 0 0 0 0
split_gain=0.154199 0.0177309 0.0354321 0.00675809 0.000183323 4.68323e-05
threshold=1.0000000180025095e-35 0.35000000000000003 0.45000000000000007 0.15000000000000005 0.25000000000000006 0.75000000000000011
decision_type=2 2 2 2 2 2
left_child=-1 3 -3 -2 -5 -4
right_child=1 2 5 4 -6 -7
leaf_value=-0.011856823452493755 0.0019332064227430132 0.010285580600426831 -0.00094218978525032132 -0.0046816554963752637 -0.0024167091711366864 0.00047319830692757323
leaf_weight=8.3921668594703061 10.369086407124998 8.3477740315720421 0.24291323532815923 1.7136263868305825 0.4515146474004722 6.2126726023852825
leaf_count=26 20 32 14 20 20 78
internal_value=0 0.0363984 0.0598328 0.00872156 -0.0420933 0.0041994
internal_weight=0 27.3376 14.8034 12.5342 2.16514 6.45559
internal_count=210 184 124 60 40 92
shrinkage=0.1


Tree=88
num_leaves=7
num_cat=0
split_feature=0 0 0 0 0 0
split_gain=2.38506 0.336419 0.461303 0.00543075 0.000559856 0.000215693
threshold=1.0000000180025095e-35 0.35000000000000003 0.45000000000000007 0.15000000000000005 0.75000000000000011 0.25000000000000006
decision_type=2 2 2 2 2 2
left_child=-1 3 -3 -2 -4 -5
right_child=1 2 4 5 -6 -7
leaf_value=0.055710565399209211 0.0017703703124189981 -0.032829663174444128 -0.0040869684230974658 -0.0042625144631432748 0.0011874971921175493 -0.0018007077380359949
leaf_weight=6.3406698256731024 10.226241067051889 11.258194088935854 0.20815082499757309 1.7088290762621903 6.0634689256548882 0.4495221180259249
leaf_count=26 20 32 14 20 78 20
internal_value=0 -0.118084 -0.20722 0.00808332 0.0101244 -0.0374979
internal_weight=0 29.9144 17.5298 12.3846 6.27162 2.15835
internal_count=210 184 124 60 92 40
shrinkage=0.1


Tree=89
num_leaves=7
num_cat=0
split_feature=0 0 0 0 0 0
split_gain=0.118117 0.00965062 0.0302505 0.00784275 6.71601e-05 1.42977e-05
threshold=1.0000000180025095e-35 0.45000000000000007 0.35000000000000003 0.15000000000000005 0.25000000000000006 0.75000000000000011
decision_type=2 2 2 2 2 2
left_child=-1 2 3 -2 -5 -3
right_child=1 5 -4 4 -6 -7
leaf_value=-0.01084622232485917 0.002252685755041933 0.00044707347648562779 0.0089789098203192485 -0.0046311498287977459 -0.0032619728754953296 -0.00026390951379879154
leaf_weight=7.8181480504572383 10.703088819980627 0.29601035104133089 7.9793386813253155 1.71352169685997 0.45295660657575343 6.359503461048007
leaf_count=26 20 14 32 20 20 78
internal_value=0 0.0308304 0.0414139 0.0114204 -0.0434489 -0.00232288
internal_weight=0 27.5044 20.8489 12.8696 2.16648 6.65551
internal_count=210 184 92 60 40 92
shrinkage=0.1


Tree=90
num_leaves=7
num_cat=0
split_feature=0 0 0 0 0 0
split_gain=0.120513 0.0104971 0.0284253 0.00736417 9.35057e-05 1.13614e-06
threshold=1.0000000180025095e-35 0.35000000000000003 0.45000000000000007 0.15000000000000005 0.25000000000000006 0.75000000000000011
decision_type=2 2 2 2 2 2
left_child=-1 3 -3 -2 -5 -4
right_child=1 2 5 4 -6 -7
leaf_value=-0.01090056939571033 0.0021226650410422075 0.0089609201599194777 0.00030316560455180552 -0.0046118858913751885 -0.0029988001267256871 0.00010063559225121472
leaf_weight=7.8784338319674125 10.602666877210142 8.0252848165109736 0.28965367621276428 1.7133635627105825 0.45472765737213183 6.3319730721414089
leaf_count=26 20 32 14 20 20 78
internal_value=0 0.0313227 0.0495934 0.0103678 -0.0427356 0.00109495
internal_weight=0 27.4177 14.6469 12.7708 2.16809 6.62163
internal_count=210 184 124 60 40 92
shrinkage=0.1


Tree=91
num_leaves=7
num_cat=0
split_feature=0 0 0 0 0 0
split_gain=0.1289 0.0126697 0.0284497 0.00687027 0.000128836 2.66522e-06
threshold=1.0000000180025095e-35 0.35000000000000003 0.45000000000000007 0.15000000000000005 0.25000000000000006 0.75000000000000011
decision_type=2 2 2 2 2 2
left_child=-1 3 -3 -2 -5 -4
right_child=1 2 5 4 -6 -7
leaf_value=-0.011167524067910106 0.0020076660085161647 0.0092334586731304125 7.4939714955571561e-05 -0.0045722950676337134 -0.0026797539481832442 0.0003912071625723715
leaf_weight=7.9971359027549616 10.509546391665937 8.0985578848049027 0.27823569695465167 1.712880591861903 0.45532130461651826 6.2931737257167697
leaf_count=26 20 32 14 20 20 78
internal_value=0 0.0326565 0.0526658 0.00950304 -0.0417486 0.00377816
internal_weight=0 27.3477 14.67 12.6777 2.1682 6.57141
internal_count=210 184 124 60 40 92
shrinkage=0.1


Tree=92
num_leaves=7
num_cat=0
split_feature=0 0 0 0 0 0
split_gain=0.14561 0.0163214 0.0320648 0.00626667 0.000188117 2.32188e-05
threshold=1.0000000180025095e-35 0.35000000000000003 0.45000000000000007 0.15000000000000005 0.25000000000000006 0.75000000000000011
decision_type=2 2 2 2 2 2
left_child=-1 3 -3 -2 -5 -4
right_child=1 2 5 4 -6 -7
leaf_value=-0.011636447827856061 0.0018917977885672139 0.0099120822361301267 -0.00042380591490853698 -0.004500664557858497 -0.0022117243656830979 0.00054974457917921838
leaf_weight=8.2560243988409621 10.39802557975054 8.2523190844804031 0.25501889933366229 1.7118502033408725 0.45435043657198537 6.2204636838287115
leaf_count=26 20 32 14 20 20 78
internal_value=0 0.0352011 0.0577882 0.00872445 -0.0402057 0.00511404
internal_weight=0 27.292 14.7278 12.5642 2.1662 6.47548
internal_count=210 184 124 60 40 92
shrinkage=0.1


Tree=93
num_leaves=7
num_cat=0
split_feature=0 0 0 0 0 0
split_gain=0.118625 0.0151063 0.0297627 0.00489541 0.000363682 0.000129792
threshold=1.0000000180025095e-35 0.35000000000000003 0.45000000000000007 0.15000000000000005 0.25000000000000006 0.75000000000000011
decision_type=2 2 2 2 2 2
left_child=-1 3 -3 -2 -5 -4
right_child=1 2 5 4 -6 -7
leaf_value=-0.0098608498050117913 0.0016123665935237265 0.0091099956588800816 -0.0025218095525652877 -0.0043004041042981585 -0.0011026258712860391 0.00015877020194188381
leaf_weight=9.143335144966839 10.104499012231829 8.9166513616219145 0.18624838616233216 1.7085977800888934 0.44914213009178633 5.9886137945577502
leaf_count=26 20 32 14 20 20 78
internal_value=0 0.0329611 0.0541442 0.00689047 -0.0363477 0.000779176
internal_weight=0 27.3538 15.0915 12.2622 2.15774 6.17486
internal_count=210 184 124 60 40 92
shrinkage=0.1


Tree=94
num_leaves=7
num_cat=0
split_feature=0 0 0 0 0 0
split_gain=0.996081 0.144691 0.237732 0.00459564 0.000703297 0.000229588
threshold=1.0000000180025095e-35 0.35000000000000003 0.45000000000000007 0.15000000000000005 0.75000000000000011 0.25000000000000006
decision_type=2 2 2 2 2 2
left_child=-1 3 -3 -2 -4 -5
right_child=1 2 4 5 -6 -7
leaf_value=0.037347850142093617 0.001445002666214164 -0.022714011039396305 -0.0038083880469390787 -0.0041487667173194763 0.0019549372203424929 -0.0016161749610843065
leaf_weight=5.9470751155167809 10.515834204852583 10.59418901987374 0.21930903696920623 1.7083115032874041 6.1307541634887457 0.45282976794987911
leaf_count=26 20 32 14 20 78 20
internal_value=0 -0.0749835 -0.135436 0.00581856 0.0175589 -0.0361811
internal_weight=0 29.6212 16.9443 12.677 6.35006 2.16114
internal_count=210 184 124 60 92 40
shrinkage=0.1


Tree=95
num_leaves=7
num_cat=0
split_feature=0 0 0 0 0 0
split_gain=0.128153 0.0127237 0.0279564 0.00635945 0.00014404 3.67251e-07
threshold=1.0000000180025095e-35 0.35000000000000003 0.45000000000000007 0.15000000000000005 0.25000000000000006 0.75000000000000011
decision_type=2 2 2 2 2 2
left_child=-1 3 -3 -2 -5 -4
right_child=1 2 5 4 -6 -7
leaf_value=-0.011125057176715305 0.0019575550637675712 0.0091962626662956386 0.00029974800007668683 -0.0044134646430926319 -0.0024135293733322134 0.00041737039729701638
leaf_weight=8.0072484668344241 10.493202835321428 8.0999536449089629 0.27716764190699805 1.71113684750162 0.4561162469908594 6.2788998289033771
leaf_count=26 20 32 14 20 20 78
internal_value=0 0.0326108 0.0526698 0.00938997 -0.0399256 0.00412398
internal_weight=0 27.3165 14.656 12.6605 2.16725 6.55607
internal_count=210 184 124 60 40 92
shrinkage=0.1


Tree=96
num_leaves=7
num_cat=0
split_feature=0 0 0 0 0 0
split_gain=0.144964 0.0164257 0.0317676 0.00578067 0.000206579 1.44097e-05
threshold=1.0000000180025095e-35 0.35000000000000003 0.45000000000000007 0.15000000000000005 0.25000000000000006 0.75000000000000011
decision_type=2 2 2 2 2 2
left_child=-1 3 -3 -2 -5 -4
right_child=1 2 5 4 -6 -7
leaf_value=-0.011592950752629566 0.0018405274362078721 0.0098933563561070352 -0.00020856792271765507 -0.0043437197177973305 -0.0019462854691066974 0.00056094149164539846
leaf_weight=8.2748135887086374 10.381730370223524 8.2588807893916947 0.25328167353290965 1.710108901606872 0.45504840940702695 6.2044160701334476
leaf_count=26 20 32 14 20 20 78
internal_value=0 0.0351861 0.0578501 0.00860291 -0.0383985 0.0053076
internal_weight=0 27.2635 14.7166 12.5469 2.16516 6.4577
internal_count=210 184 124 60 40 92
shrinkage=0.1


Tree=97
num_leaves=7
num_cat=0
split_feature=0 0 0 0 0 0
split_gain=0.109356 0.0139819 0.0275321 0.00441172 0.000395678 0.000113941
threshold=1.0000000180025095e-35 0.35000000000000003 0.45000000000000007 0.15000000000000005 0.25000000000000006 0.75000000000000011
decision_type=2 2 2 2 2 2
left_child=-1 3 -3 -2 -5 -4
right_child=1 2 5 4 -6 -7
leaf_value=-0.0094220909886153937 0.0015392790602494809 0.0087382017487703367 -0.0024205384500655372 -0.0041399495103688188 -0.00080538816330294168 0.000124300469325389
leaf_weight=9.2137115504592639 10.070469848811628 8.9763392498716694 0.18128873617388208 1.7067536482354619 0.44958387635415409 5.9605287918820977
leaf_count=26 20 32 14 20 20 78
internal_value=0 0.0317471 0.0520825 0.00660295 -0.0344471 0.000491842
internal_weight=0 27.345 15.1182 12.2268 2.15634 6.14182
internal_count=210 184 124 60 40 92
shrinkage=0.1


Tree=98
num_leaves=7
num_cat=0
split_feature=0 0 0 0 0 0
split_gain=1.00961 0.146551 0.240239 0.00424386 0.000627599 0.000246734
threshold=1.0000000180025095e-35 0.35000000000000003 0.45000000000000007 0.15000000000000005 0.75000000000000011 0.25000000000000006
decision_type=2 2 2 2 2 2
left_child=-1 3 -3 -2 -4 -5
right_child=1 2 4 5 -6 -7
leaf_value=0.037584833273411854 0.0014103547648225368 -0.0228532406675187 -0.003502670521005244 -0.0040072700577981997 0.0019478952984621955 -0.0013833772392237733
leaf_weight=5.9507090514525762 10.504196748137476 10.596147323958578 0.21880561707075585 1.7067286137025797 6.1187189789488912 0.45362637081416313
leaf_count=26 20 32 14 20 78 20
internal_value=0 -0.0755641 -0.136417 0.00580185 0.0175971 -0.0345631
internal_weight=0 29.5982 16.9337 12.6646 6.33752 2.16035
internal_count=210 184 124 60 92 40
shrinkage=0.1


Tree=99
num_leaves=7
num_cat=0
split_feature=0 0 0 0 0 0
split_gain=0.126677 0.0125967 0.0273497 0.00592794 0.000156366 2.41011e-07
threshold=1.0000000180025095e-35 0.35000000000000003 0.45000000000000007 0.15000000000000005 0.25000000000000006 0.75000000000000011
decision_type=2 2 2 2 2 2
left_child=-1 3 -3 -2 -5 -4
right_child=1 2 5 4 -6 -7
leaf_value=-0.011060590511551885 0.001917565732328674 0.009128358428615032 0.00052642149526968432 -0.0042676561853885941 -0.0021851893804854159 0.00043113696584505225
leaf_weight=8.0060770148411375 10.484184652566912 8.0949568478390557 0.27719563327263941 1.709520956501364 0.45694561349228008 6.268083275295794
leaf_count=26 20 32 14 20 20 78
internal_value=0 0.0324474 0.0524185 0.00933545 -0.0382843 0.00435172
internal_weight=0 27.2909 14.6402 12.6507 2.16647 6.54528
internal_count=210 184 124 60 40 92
shrinkage=0.1


end of trees

feature importances:
geographical=600

parameters:
[boosting: gbdt]
[objective: lambdarank]
[metric: ndcg]
[tree_learner: serial]
[device_type: cpu]
[data: ]
[valid: ]
[num_iterations: 100]
[learning_rate: 0.1]
[num_leaves: 16]
[num_threads: -1]
[max_depth: -1]
[min_data_in_leaf: 5]
[min_sum_hessian_in_leaf: 0.001]
[bagging_fraction: 1]
[pos_bagging_fraction: 1]
[neg_bagging_fraction: 1]
[bagging_freq: 0]
[bagging_seed: 3]
[feature_fraction: 1]
[feature_fraction_bynode: 1]
[feature_fraction_seed: 2]
[early_stopping_round: 0]
[first_metric_only: 0]
[max_delta_step: 0]
[lambda_l1: 0]
[lambda_l2: 0]
[min_gain_to_split: 0]
[drop_rate: 0.1]
[max_drop: 50]
[skip_drop: 0.5]
[xgboost_dart_mode: 0]
[uniform_drop: 0]
[drop_seed: 4]
[top_rate: 0.2]
[other_rate: 0.1]
[min_data_per_group: 100]
[max_cat_threshold: 32]
[cat_l2: 10]
[cat_smooth: 10]
[max_cat_to_onehot: 4]
[top_k: 20]
[monotone_constraints: ]
[feature_contri: ]
[forcedsplits_filename: ]
[forcedbins_filename: ]
[refit_decay_rate: 0.9]
[cegb_tradeoff: 1]
[cegb_penalty_split: 0]
[cegb_penalty_feature_lazy: ]
[cegb_penalty_feature_coupled: ]
[verbosity: -1]
[max_bin: 255]
[max_bin_by_feature: ]
[min_data_in_bin: 3]
[bin_construct_sample_cnt: 200000]
[histogram_pool_size: -1]
[data_random_seed: 1]
[output_model: LightGBM_model.txt]
[snapshot_freq: -1]
[input_model: ]
[output_result: LightGBM_predict_result.txt]
[initscore_filename: ]
[valid_data_initscores: ]
[pre_partition: 0]
[enable_bundle: 1]
[max_conflict_rate: 0]
[is_enable_sparse: 1]
[sparse_threshold: 0.8]
[use_missing: 1]
[zero_as_missing: 0]
[two_round: 0]
[save_binary: 0]
[header: 0]
[label_column: ]
[weight_column: ]
[group_column: ]
[ignore_column: ]
[categorical_feature: ]
[predict_raw_score: 0]
[predict_leaf_index: 0]
[predict_contrib: 0]
[num_iteration_predict: -1]
[pred_early_stop: 0]
[pred_early_stop_freq: 10]
[pred_early_stop_margin: 10]
[convert_model_language: ]
[convert_model: gbdt_prediction.cpp]
[num_class: 1]
[is_unbalance: 0]
[scale_pos_weight: 1]
[sigmoid: 1]
[boost_from_average: 1]
[reg_sqrt: 0]
[alpha: 0.9]
[fair_c: 1]
[poisson_max_delta_step: 0.7]
[tweedie_variance_power: 1.5]
[max_position: 20]
[lambdamart_norm: 1]
[label_gain: ]
[metric_freq: 1]
[is_provide_training_metric: 0]
[eval_at: 1]
[multi_error_top_k: 1]
[num_machines: 1]
[local_listen_port: 12400]
[time_out: 120]
[machine_list_filename: ]
[machines: ]
[gpu_platform_id: -1]
[gpu_device_id: -1]
[gpu_use_dp: 0]

end of parameters

pandas_categorical:null
