tree
version=v3
num_class=1
num_tree_per_iteration=1
label_index=0
max_feature_idx=0
objective=lambdarank
feature_names=geographical
feature_infos=[0:1]
tree_sizes=846 853 861 863 866 857 869 867 865 862 865 871 871 869 861 862 869 863 864 871 873 864 867 864 855 866 871 872 860 865 869 865 867 864 863 865 872 867 862 866 868 867 876 876 868 866 870 861 867 873 869 865 865 865 869 877 867 868 865 866 860 867 874 859 866 877 866 861 857 865 878 874 863 865 870 870 858 863 869 865 860 863 866 880 879 873 867 864 859 855 865 872 870 875 868 868 862 863 869 864

Tree=0
num_leaves=7
num_cat=0
split_feature=0 0 0 0 0 0
split_gain=1.38694 1.55122 0.128239 0.152193 0.111043 0.032719
threshold=0.75000000000000011 0.15000000000000005 0.45000000000000007 0.25000000000000006 0.35000000000000003 1.0000000180025095e-35
decision_type=2 2 2 2 2 2
left_child=1 5 3 -3 -5 -1
right_child=-2 2 -4 4 -6 -7
leaf_value=0.0014391409171652892 0.030641060843418218 -0.11186108247643141 -0.12764038545150946 -0.018080028857890781 -0.07254229411637024 0.01990504076576699
leaf_weight=1.7555509917438032 7.3054162934422493 0.74920240603387422 0.51761297322809685 0.49766080360859649 1.5111454967409372 2.1161668999120593
leaf_count=26 78 18 14 10 32 32
internal_value=0 -0.313187 -0.819675 -0.733958 -0.590498 0.115321
internal_weight=0 7.14734 3.27562 2.75801 2.00881 3.87172
internal_count=210 132 74 60 42 58
shrinkage=0.1


Tree=1
num_leaves=7
num_cat=0
split_feature=0 0 0 0 0 0
split_gain=1.12191 0.369371 0.256734 0.0828208 0.0051512 0.00125734
threshold=0.15000000000000005 0.75000000000000011 0.45000000000000007 0.25000000000000006 1.0000000180025095e-35 0.35000000000000003
decision_type=2 2 2 2 2 2
left_child=4 2 3 -2 -1 -5
right_child=1 -3 -4 5 -6 -7
leaf_value=0.020930347667412585 -0.046267314336333236 -0.0051909702584099354 -0.096024099356829373 -0.016913223085399182 0.025005085993242571 -0.020472297985086686
leaf_weight=4.8108090683817837 1.5306399194523717 21.084723951295018 0.57986541185528029 1.5401674900203941 8.7368647754192352 2.7920117108151317
leaf_count=26 18 78 14 10 32 32
internal_value=0 -0.115942 -0.325497 -0.262718 0.235581 -0.19207
internal_weight=0 27.5274 6.44268 5.86282 13.5477 4.33218
internal_count=210 152 74 60 58 42
shrinkage=0.1


Tree=2
num_leaves=7
num_cat=0
split_feature=0 0 0 0 0 0
split_gain=0.110271 0.31777 0.149562 0.0593755 0.0128635 0.000546543
threshold=0.75000000000000011 0.45000000000000007 0.15000000000000005 0.25000000000000006 1.0000000180025095e-35 0.35000000000000003
decision_type=2 2 2 2 2 2
left_child=1 2 4 -4 -1 -5
right_child=-2 -3 3 5 -6 -7
leaf_value=0.0051839221237820581 0.0073474208958957191 -0.097283129122149814 -0.034870487251800406 -0.0094705848073571609 -0.00024818279105626525 -0.011939625058734679
leaf_weight=5.984814330935488 13.675181688740848 0.35760205052792926 1.4322517169639457 1.4085801858454945 16.051072873175144 2.4662798596546054
leaf_count=26 78 14 18 10 32 32
internal_value=0 -0.0362726 -0.0240239 -0.174728 0.0122714 -0.110421
internal_weight=0 27.7006 27.343 5.30711 22.0359 3.87486
internal_count=210 132 118 60 58 42
shrinkage=0.1


Tree=3
num_leaves=7
num_cat=0
split_feature=0 0 0 0 0 0
split_gain=0.138275 0.173244 0.0755943 0.0394894 0.0179058 3.8119e-05
threshold=0.75000000000000011 0.45000000000000007 0.15000000000000005 0.25000000000000006 1.0000000180025095e-35 0.35000000000000003
decision_type=2 2 2 2 2 2
left_child=1 2 4 -4 -1 -5
right_child=-2 -3 3 5 -6 -7
leaf_value=0.0039590128564728558 0.0081455434878373555 -0.082672757649261464 -0.028629338673509371 -0.00845622749164638 -0.0024636804688600352 -0.0091224233683766896
leaf_weight=5.8995619937777617 13.887883054092525 0.27765041217207809 1.3881034436635662 1.332416767254472 16.427550435066223 2.4167619980871677
leaf_count=26 78 14 18 10 32 32
internal_value=0 -0.0407772 -0.0328317 -0.142204 -0.00766592 -0.0888566
internal_weight=0 27.742 27.4644 5.13728 22.3271 3.74918
internal_count=210 132 118 60 58 42
shrinkage=0.1


Tree=4
num_leaves=7
num_cat=0
split_feature=0 0 0 0 0 0
split_gain=0.235377 0.0976848 0.0545148 0.0075543 0.0313555 0.000788647
threshold=0.75000000000000011 0.45000000000000007 1.0000000180025095e-35 0.15000000000000005 0.25000000000000006 0.35000000000000003
decision_type=2 2 2 2 2 2
left_child=1 2 -1 -4 -5 -6
right_child=-2 -3 3 4 5 -7
leaf_value=0.004010194337581513 0.010056090867441027 -0.069815997766179153 -0.0061375965091061257 -0.023567143118555286 -0.0077390335508249032 -0.0046587540124959402
leaf_weight=5.4729075357317987 15.076352829113601 0.23393330629914896 17.012239396572117 1.3520203526131798 1.2803774708881976 2.3692828193306923
leaf_count=26 78 14 32 18 10 32
internal_value=0 -0.0546916 -0.0492152 -0.0714204 -0.105585 -0.0573938
internal_weight=0 27.7208 27.4868 22.0139 5.00168 3.64966
internal_count=210 132 118 92 60 42
shrinkage=0.1


Tree=5
num_leaves=7
num_cat=0
split_feature=0 0 0 0 0 0
split_gain=0.524535 0.0634412 0.0283764 0.0104051 0.0422041 0.00026812
threshold=0.15000000000000005 1.0000000180025095e-35 0.25000000000000006 0.75000000000000011 0.45000000000000007 0.35000000000000003
decision_type=2 2 2 2 2 2
left_child=1 -1 -2 4 5 -4
right_child=2 -3 3 -5 -6 -7
leaf_value=0.0071173049269702086 -0.022849378116312005 0.020091814242846506 -0.0089154863560513588 -0.0070622709771015514 -0.054279985011164184 -0.010708131381383742
leaf_weight=6.5558402910828564 1.35424185311422 8.8645574748516083 1.2577256355434689 20.33452214486897 0.22955747065134333 2.4784750882536173
leaf_count=26 18 32 10 78 14 32
internal_value=0 0.145758 -0.0876122 -0.079761 -0.126618 -0.101047
internal_weight=0 15.4204 25.6545 24.3003 3.96576 3.7362
internal_count=210 58 152 134 56 42
shrinkage=0.1


Tree=6
num_leaves=7
num_cat=0
split_feature=0 0 0 0 0 0
split_gain=0.110871 0.060776 0.0227294 0.0207216 0.00476593 0.000205252
threshold=0.75000000000000011 0.45000000000000007 0.15000000000000005 0.25000000000000006 1.0000000180025095e-35 0.35000000000000003
decision_type=2 2 2 2 2 2
left_child=1 2 4 -4 -1 -5
right_child=-2 -3 3 5 -6 -7
leaf_value=0.00034682118360967025 0.0072842664703001705 -0.059705134836254239 -0.02008757180753027 -0.0043959100627866607 -0.0028487172028768683 -0.0060017736221240937
leaf_weight=6.5426788032054999 13.930164376273749 0.19203308131545679 1.3333595683798183 1.2198656722903254 16.282144643366337 2.2901958278380334
leaf_count=26 78 14 18 10 32 32
internal_value=0 -0.0364214 -0.0325303 -0.0947504 -0.0193272 -0.0544368
internal_weight=0 27.8603 27.6682 4.84342 22.8248 3.51006
internal_count=210 132 118 60 58 42
shrinkage=0.1


Tree=7
num_leaves=7
num_cat=0
split_feature=0 0 0 0 0 0
split_gain=0.199495 0.0441026 0.0371819 0.00338518 0.00666591 0.00953103
threshold=0.75000000000000011 1.0000000180025095e-35 0.45000000000000007 0.35000000000000003 0.15000000000000005 0.25000000000000006
decision_type=2 2 2 2 2 2
left_child=1 -1 3 4 -3 -6
right_child=-2 2 -4 -5 5 -7
leaf_value=0.0028418516587221452 0.0093497500465677102 -0.0063824354549272839 -0.051582455013424726 -0.003046184234984534 -0.017772309432037909 -0.0054669414134837892
leaf_weight=5.6747125983238247 14.850465388968585 16.976862914860259 0.18587220646440883 2.3094194834120563 1.3170828018337479 1.2055847970768809
leaf_count=26 78 32 14 32 18 10
internal_value=0 -0.0501809 -0.0704597 -0.066664 -0.0709516 -0.118916
internal_weight=0 27.6695 21.9948 21.8089 19.4995 2.52267
internal_count=210 132 106 92 60 28
shrinkage=0.1


Tree=8
num_leaves=7
num_cat=0
split_feature=0 0 0 0 0 0
split_gain=0.537256 0.0602503 0.0111123 0.000339952 0.0186413 0.000114489
threshold=0.15000000000000005 1.0000000180025095e-35 0.25000000000000006 0.75000000000000011 0.45000000000000007 0.35000000000000003
decision_type=2 2 2 2 2 2
left_child=1 -1 -2 4 5 -4
right_child=2 -3 3 -5 -6 -7
leaf_value=0.0074674993525082585 -0.017812451453992541 0.020117663336326416 -0.006855061422815484 -0.0082354994428958106 -0.039694200479256314 -0.0080506738298004744
leaf_weight=6.5403698980808231 1.321677363943311 8.8726021647453308 1.1999865788966451 20.471207277849317 0.19119817460887123 2.4082327131181955
leaf_count=26 18 32 10 78 14 32
internal_value=0 0.147497 -0.0888299 -0.0839673 -0.0926546 -0.0765305
internal_weight=0 15.413 25.5923 24.2706 3.79942 3.60822
internal_count=210 58 152 134 56 42
shrinkage=0.1


Tree=9
num_leaves=7
num_cat=0
split_feature=0 0 0 0 0 0
split_gain=0.730603 0.17642 0.0177645 0.0149263 0.0129635 0.00336555
threshold=0.75000000000000011 1.0000000180025095e-35 0.25000000000000006 0.15000000000000005 0.45000000000000007 0.35000000000000003
decision_type=2 2 2 2 2 2
left_child=1 -1 3 -3 5 -4
right_child=-2 2 4 -5 -6 -7
leaf_value=-0.022252387313742544 0.020236188715050146 -0.0047093172248662916 -0.00088541226245283781 -0.015815250753544615 -0.022731165729167242 0.0057106155545157359
leaf_weight=7.2662693038582828 12.43711465783417 16.364851295948036 1.1585678551346061 1.3067951551638533 0.19886640459299079 2.3277479582466185
leaf_count=26 78 32 10 18 14 32
internal_value=0 -0.0879289 -0.0421355 -0.0553059 0.0210209 0.0351863
internal_weight=0 28.6231 21.3568 17.6716 3.68518 3.48632
internal_count=210 132 106 50 56 42
shrinkage=0.1


Tree=10
num_leaves=7
num_cat=0
split_feature=0 0 0 0 0 0
split_gain=0.958976 0.00431845 0.00170694 0.00903525 0.000554218 0.000398226
threshold=0.15000000000000005 0.25000000000000006 0.45000000000000007 0.75000000000000011 1.0000000180025095e-35 0.35000000000000003
decision_type=2 2 2 2 2 2
left_child=4 -2 5 -4 -1 -3
right_child=1 2 3 -5 -6 -7
leaf_value=0.020962287983903802 -0.016642885506186707 -0.0072810153485523797 -0.032445357713710848 -0.010916066814070429 0.022343187550842962 -0.0095028204341910619
leaf_weight=4.294478535652158 1.3185829685535306 1.1918719615787297 0.19674957683310168 21.088398428633809 8.991968534886837 2.4963439223356545
leaf_count=26 18 10 14 78 32 32
internal_value=0 -0.110654 -0.107709 -0.111151 0.218968 -0.0878483
internal_weight=0 26.2919 24.9734 21.2851 13.2864 3.68822
internal_count=210 152 134 92 58 42
shrinkage=0.1


Tree=11
num_leaves=7
num_cat=0
split_feature=0 0 0 0 0 0
split_gain=0.0361569 0.0476031 0.0262664 0.0120978 0.0090462 0.000200765
threshold=0.75000000000000011 1.0000000180025095e-35 0.45000000000000007 0.15000000000000005 0.25000000000000006 0.35000000000000003
decision_type=2 2 2 2 2 2
left_child=1 -1 3 -3 -5 -6
right_child=-2 2 -4 4 5 -7
leaf_value=0.0062934068180788005 0.0042747754227166089 -0.0026163160776926865 -0.042612840994691231 -0.015408687535581323 -0.0046084391576911802 -0.0062097008915793115
leaf_weight=5.3686003386974361 13.224134149029849 16.264046549797065 0.17693740082904597 1.3098796983249474 1.1724161305464806 2.3573976415209472
leaf_count=26 78 32 14 18 10 32
internal_value=0 -0.0212126 -0.0424408 -0.0392239 -0.0831153 -0.0567785
internal_weight=0 26.6493 21.2807 21.1037 4.83969 3.52981
internal_count=210 132 106 92 60 42
shrinkage=0.1


Tree=12
num_leaves=7
num_cat=0
split_feature=0 0 0 0 0 0
split_gain=0.0591067 0.0357993 0.0197164 0.0045434 0.00868874 4.50959e-05
threshold=0.75000000000000011 1.0000000180025095e-35 0.45000000000000007 0.15000000000000005 0.25000000000000006 0.35000000000000003
decision_type=2 2 2 2 2 2
left_child=1 -1 3 -3 -5 -6
right_child=-2 2 -4 4 5 -7
leaf_value=0.0043780254863216746 0.0053924549439737192 -0.0035222419294877179 -0.038927897909579033 -0.014004106681140317 -0.0039063574382836525 -0.0046712783881508188
leaf_weight=5.6387396454811123 13.532122654840348 16.381054632365711 0.16584067232906718 1.2994543872773636 1.1568239564076068 2.3093053842894733
leaf_count=26 78 32 14 18 10 32
internal_value=0 -0.0270754 -0.045822 -0.0431284 -0.0703042 -0.0441599
internal_weight=0 26.9512 21.3125 21.1466 4.76558 3.46613
internal_count=210 132 106 92 60 42
shrinkage=0.1


Tree=13
num_leaves=7
num_cat=0
split_feature=0 0 0 0 0 0
split_gain=0.115507 0.0363309 0.0136625 0.00250832 0.00617738 8.87152e-05
threshold=0.75000000000000011 1.0000000180025095e-35 0.45000000000000007 0.25000000000000006 0.15000000000000005 0.35000000000000003
decision_type=2 2 2 2 2 2
left_child=1 -1 3 4 -3 -5
right_child=-2 2 -4 5 -6 -7
leaf_value=0.0033411551708844808 0.0073346966454117023 -0.0054155653740518084 -0.034966542639186401 -0.0036954813677260064 -0.01260079222732141 -0.0026170262423497919
leaf_weight=5.6374940648674992 14.133823962882159 16.717398829758178 0.15806129691190918 1.146291414741426 1.2887720346916456 2.2798146232962608
leaf_count=26 78 32 14 10 18 32
internal_value=0 -0.038074 -0.0567397 -0.0545794 -0.0592984 -0.0297785
internal_weight=0 27.2278 21.5903 21.4323 18.0062 3.42611
internal_count=210 132 106 92 50 42
shrinkage=0.1


Tree=14
num_leaves=7
num_cat=0
split_feature=0 0 0 0 0 0
split_gain=0.861504 0.0292457 0.0132189 0.00629366 0.00227734 6.22628e-06
threshold=0.15000000000000005 1.0000000180025095e-35 0.45000000000000007 0.25000000000000006 0.75000000000000011 0.35000000000000003
decision_type=2 2 2 2 2 2
left_child=1 -1 3 -2 -4 -5
right_child=2 -3 4 5 -6 -7
leaf_value=0.013568963641196398 -0.012083229080398243 0.022563374442226395 -0.023868760918588968 -0.0040760638138602366 -0.011846901449951798 -0.0037907649856782455
leaf_weight=5.9641286432743046 1.2844026533421153 9.178458072245121 0.15873492450919258 1.1427716417238118 21.548849182203412 2.3136199708096683
leaf_count=26 18 32 14 10 78 32
internal_value=0 0.190208 -0.1089 -0.0610618 -0.119348 -0.0388509
internal_weight=0 15.1426 26.4484 4.74079 21.7076 3.45639
internal_count=210 58 152 60 92 42
shrinkage=0.1


Tree=15
num_leaves=7
num_cat=0
split_feature=0 0 0 0 0 0
split_gain=0.361295 0.0279395 0.0192661 0.00665401 0.00353522 0.00363245
threshold=0.35000000000000003 1.0000000180025095e-35 0.75000000000000011 0.45000000000000007 0.15000000000000005 0.25000000000000006
decision_type=2 2 2 2 2 2
left_child=1 -1 3 -2 -3 -6
right_child=2 4 -4 -5 5 -7
leaf_value=-0.01238332673502413 0.0070738914459160798 -0.0044306624039580538 0.015062815491878934 -0.011684215236023723 -0.012156498135903819 -0.004417523979961529
leaf_weight=6.8772930800914791 2.5256154160015263 16.672699518501762 10.905834868550301 0.20441138860769559 1.2873119143769136 1.1468115537427366
leaf_count=26 32 32 78 14 18 10
internal_value=0 -0.0691769 0.131822 0.0566937 -0.049504 -0.0851036
internal_weight=0 25.9841 13.6359 2.73003 19.1068 2.43412
internal_count=210 86 124 46 60 28
shrinkage=0.1


Tree=16
num_leaves=7
num_cat=0
split_feature=0 0 0 0 0 0
split_gain=0.0847788 0.0543424 0.00990232 0.00126288 0.00440232 0.00014227
threshold=0.75000000000000011 1.0000000180025095e-35 0.45000000000000007 0.25000000000000006 0.15000000000000005 0.35000000000000003
decision_type=2 2 2 2 2 2
left_child=1 -1 3 4 -3 -5
right_child=-2 2 -4 5 -6 -7
leaf_value=0.0060234396413193832 0.0063284219427382693 -0.0052024806218853824 -0.030503272863040699 -0.0044678441407670919 -0.011281621378110019 -0.003117078529262453
leaf_weight=5.0682041272521046 13.917318189516662 16.683934390544902 0.1569964902009805 1.166374342516064 1.2828293850179751 2.3523216070607305
leaf_count=26 78 32 14 10 18 32
internal_value=0 -0.0329736 -0.0548009 -0.0529725 -0.0563653 -0.0356483
internal_weight=0 26.7107 21.6425 21.4855 17.9668 3.5187
internal_count=210 132 106 92 50 42
shrinkage=0.1


Tree=17
num_leaves=7
num_cat=0
split_feature=0 0 0 0 0 0
split_gain=1.06783 0.0276929 0.0110607 0.00488386 0.000542925 0.000177814
threshold=0.15000000000000005 0.45000000000000007 1.0000000180025095e-35 0.25000000000000006 0.75000000000000011 0.35000000000000003
decision_type=2 2 2 2 2 2
left_child=2 3 -1 -2 -3 -5
right_child=1 4 -4 5 -6 -7
leaf_value=0.01771764205282874 -0.010300958811862312 -0.019348624127649542 0.023403203441197683 -0.0040815839231877231 -0.013348563575276735 -0.0025687722433191179
leaf_weight=5.2862761244177792 1.2734560640528823 0.15184971375856804 9.7004476860165596 1.1622986765578391 22.014515938237309 2.3434892257209867
leaf_count=26 18 14 32 10 78 32
internal_value=0 -0.119011 0.213977 -0.0499697 -0.133897 -0.0307033
internal_weight=0 26.9456 14.9867 4.77924 22.1664 3.50579
internal_count=210 152 58 60 92 42
shrinkage=0.1


Tree=18
num_leaves=7
num_cat=0
split_feature=0 0 0 0 0 0
split_gain=0.312653 0.0204132 0.0139913 0.0049357 0.00445523 0.00117866
threshold=0.35000000000000003 1.0000000180025095e-35 0.75000000000000011 0.45000000000000007 0.15000000000000005 0.25000000000000006
decision_type=2 2 2 2 2 2
left_child=1 -1 3 -2 -3 -6
right_child=2 4 -4 -5 5 -7
leaf_value=-0.011136835144174925 0.0072953855446665165 -0.0041588400496860205 0.014072079778064114 -0.0089544005877346018 -0.010817779453282996 -0.0064393626625261022
leaf_weight=6.7671723850071457 2.6042802431620635 16.653418652713302 10.580918990075588 0.20137217710725952 1.2804587860591701 1.1827392629347742
leaf_count=26 32 32 78 14 18 10
internal_value=0 -0.0641682 0.124073 0.0612908 -0.0474596 -0.0871542
internal_weight=0 25.8838 13.3866 2.80565 19.1166 2.4632
internal_count=210 86 124 46 60 28
shrinkage=0.1


Tree=19
num_leaves=7
num_cat=0
split_feature=0 0 0 0 0 0
split_gain=0.0517801 0.0380603 0.00798199 0.000966644 0.00354864 0.000145841
threshold=0.75000000000000011 1.0000000180025095e-35 0.45000000000000007 0.15000000000000005 0.25000000000000006 0.35000000000000003
decision_type=2 2 2 2 2 2
left_child=1 -1 3 -3 -5 -6
right_child=-2 2 -4 4 5 -7
leaf_value=0.004899049875645916 0.0050899706357829914 -0.0038948221675055524 -0.027596173884114922 -0.010029951187335347 -0.0047869846231232858 -0.0034472694542151635
leaf_weight=5.5014904960989979 13.364525439217685 16.416316293179996 0.14762434805743296 1.276374642504378 1.227473341394216 2.4038465884514153
leaf_count=26 78 32 14 18 10 32
internal_value=0 -0.0252195 -0.0442337 -0.0426295 -0.0549435 -0.0390013
internal_weight=0 26.9731 21.4716 21.324 4.90769 3.63132
internal_count=210 132 106 92 60 42
shrinkage=0.1


Tree=20
num_leaves=7
num_cat=0
split_feature=0 0 0 0 0 0
split_gain=0.106643 0.0367752 0.00540122 0.00377676 0.000350504 0.00115382
threshold=0.75000000000000011 1.0000000180025095e-35 0.45000000000000007 0.35000000000000003 0.15000000000000005 0.25000000000000006
decision_type=2 2 2 2 2 2
left_child=1 -1 3 4 -3 -6
right_child=-2 2 -4 -5 5 -7
leaf_value=0.0036160269451790774 0.0071028568812820693 -0.0056652426607416177 -0.024947462714093809 -0.0016095176600828068 -0.0090513020306568336 -0.0047544874631049181
leaf_weight=5.5674327835440662 13.981240792199968 16.720873259007941 0.14177244738675554 2.3827041336335233 1.268663724185898 1.2316861771978438
leaf_count=26 78 32 14 32 18 10
internal_value=0 -0.0363586 -0.0549252 -0.0536485 -0.0583037 -0.0693467
internal_weight=0 27.3131 21.7457 21.6039 19.2212 2.50035
internal_count=210 132 106 92 60 28
shrinkage=0.1


Tree=21
num_leaves=7
num_cat=0
split_feature=0 0 0 0 0 0
split_gain=0.862996 0.0270217 0.0223882 0.00287566 0.000616737 0.000135691
threshold=0.15000000000000005 1.0000000180025095e-35 0.45000000000000007 0.35000000000000003 0.25000000000000006 0.75000000000000011
decision_type=2 2 2 2 2 2
left_child=1 -1 3 4 -2 -4
right_child=2 -3 5 -5 -6 -7
leaf_value=0.013787183229672173 -0.0087399484983269517 0.022443027827464917 -0.015341054385389888 -0.0023620166303219749 -0.0056114331420643072 -0.012251217755906816
leaf_weight=5.9301239848136875 1.2655772580765214 9.2045398652553558 0.14307817514054733 2.4316331390291452 1.254947807174176 21.409773888066411
leaf_count=26 18 32 14 32 10 78
internal_value=0 0.190515 -0.108786 -0.0481541 -0.0718229 -0.122717
internal_weight=0 15.1347 26.505 4.95216 2.52053 21.5529
internal_count=210 58 152 60 28 92
shrinkage=0.1


Tree=22
num_leaves=7
num_cat=0
split_feature=0 0 0 0 0 0
split_gain=0.384899 0.0226005 0.0124479 0.00591465 0.00354727 0.000202635
threshold=0.35000000000000003 1.0000000180025095e-35 0.75000000000000011 0.15000000000000005 0.45000000000000007 0.25000000000000006
decision_type=2 2 2 2 2 2
left_child=1 -1 4 -3 -2 -5
right_child=2 3 -4 5 -6 -7
leaf_value=-0.012029436502135928 0.0087522441063499871 -0.0046531879593658737 0.015238990937537666 -0.0088942837371162112 -0.0055029527627478972 -0.010665931216938396
leaf_weight=6.8512670546770122 2.6883884714916326 16.687196142971519 10.687462860718369 1.2693846474867305 0.18668276863172639 1.3137556365691125
leaf_count=26 32 32 78 18 14 10
internal_value=0 -0.0709636 0.136677 -0.0534248 0.0782663 -0.0979532
internal_weight=0 26.1216 13.5625 19.2703 2.87507 2.58314
internal_count=210 86 124 60 46 28
shrinkage=0.1


Tree=23
num_leaves=7
num_cat=0
split_feature=0 0 0 0 0 0
split_gain=0.0955461 0.0693636 0.0215414 0.00417244 0.00918569 0.000721297
threshold=0.35000000000000003 1.0000000180025095e-35 0.25000000000000006 0.75000000000000011 0.45000000000000007 0.15000000000000005
decision_type=2 2 2 2 2 2
left_child=1 -1 5 4 -2 -3
right_child=3 2 -4 -5 -6 -7
leaf_value=0.0064754993477060515 0.003758710085999518 -0.0054084416705814193 -0.017271091127494531 0.0066862708903959681 -0.022913994732391991 -0.0078866678263124212
leaf_weight=5.1013192906975773 2.8417004216462387 16.683274790644653 1.7286904016509641 13.375968696549535 0.1352609829045831 1.263382333330809
leaf_count=26 32 32 10 78 14 18
internal_value=0 -0.0391567 -0.0660983 0.059327 0.0254681 -0.055829
internal_weight=0 24.7767 19.6753 16.3529 2.97696 17.9467
internal_count=210 86 60 124 46 50
shrinkage=0.1


Tree=24
num_leaves=7
num_cat=0
split_feature=0 0 0 0 0 0
split_gain=1.14217 0.0313551 0.0933147 0.0120642 0.00114241 2.81087e-05
threshold=0.35000000000000003 0.25000000000000006 0.15000000000000005 1.0000000180025095e-35 0.75000000000000011 0.45000000000000007
decision_type=2 2 2 2 2 2
left_child=1 2 3 -1 5 -2
right_child=4 -3 -4 -5 -6 -7
leaf_value=0.017282594724077793 -0.01538395589754438 0.038281232380299582 -0.0072951556058337324 0.023182406798494454 -0.013424335149769196 -0.01682832929075679
leaf_weight=5.4257026687264469 3.0623444702941955 0.87602037005126365 1.2586159389466054 9.5957669094204903 21.684043915942311 0.14093609282281239
leaf_count=26 32 10 18 32 78 14
internal_value=0 0.198516 0.188599 0.210514 -0.136847 -0.154475
internal_weight=0 17.1561 16.2801 15.0215 24.8873 3.20328
internal_count=210 86 76 58 124 46
shrinkage=0.1


Tree=25
num_leaves=7
num_cat=0
split_feature=0 0 0 0 0 0
split_gain=0.323347 0.0179795 0.0100985 0.00274261 0.00244815 1.71367e-05
threshold=0.35000000000000003 1.0000000180025095e-35 0.75000000000000011 0.15000000000000005 0.45000000000000007 0.25000000000000006
decision_type=2 2 2 2 2 2
left_child=1 -1 4 -3 -2 -5
right_child=2 3 -4 5 -6 -7
leaf_value=-0.010923765969611943 0.008123933689842943 -0.0044750395024773827 0.014079801265039016 -0.0083018177984456858 -0.0036368730387578486 -0.0077750095942355048
leaf_weight=6.7894750535488155 2.6161700673401334 16.695133440196518 10.525332322344184 1.2641025974880895 0.1898397608892991 1.2071234793402255
leaf_count=26 32 32 78 18 14 10
internal_value=0 -0.0650173 0.126587 -0.0493527 0.0732826 -0.0804449
internal_weight=0 25.9558 13.3313 19.1664 2.80601 2.47123
internal_count=210 86 124 60 46 28
shrinkage=0.1


Tree=26
num_leaves=7
num_cat=0
split_feature=0 0 0 0 0 0
split_gain=0.0538681 0.0346404 0.00365574 0.00163517 0.00148477 0.000172153
threshold=0.75000000000000011 1.0000000180025095e-35 0.45000000000000007 0.35000000000000003 0.15000000000000005 0.25000000000000006
decision_type=2 2 2 2 2 2
left_child=1 -1 3 4 -3 -6
right_child=-2 2 -4 -5 5 -7
leaf_value=0.0044738155391700236 0.0052078295029805979 -0.0042305934841963717 -0.020746062024107059 -0.0018362232103208765 -0.0076511441256590278 -0.006012103525284954
leaf_weight=5.57304120063782 13.324742423370479 16.435164824128162 0.13545459392480452 2.4528815681114784 1.2605574841145417 1.3034344473853707
leaf_count=26 78 32 14 32 18 10
internal_value=0 -0.0255492 -0.0436946 -0.0426606 -0.0457976 -0.0681792
internal_weight=0 27.1605 21.5875 21.452 18.9992 2.56399
internal_count=210 132 106 92 60 28
shrinkage=0.1


Tree=27
num_leaves=7
num_cat=0
split_feature=0 0 0 0 0 0
split_gain=0.118359 0.0367394 0.00748829 0.00448149 0.000155987 1.09578e-05
threshold=0.75000000000000011 1.0000000180025095e-35 0.35000000000000003 0.45000000000000007 0.15000000000000005 0.25000000000000006
decision_type=2 2 2 2 2 2
left_child=1 -1 4 -4 -3 -6
right_child=-2 2 3 -5 5 -7
leaf_value=0.0034484577716103536 0.0074885222688513865 -0.0062024336427011408 0.00034234718381173017 -0.018661916936768903 -0.0068200607245220354 -0.0072300510051988096
leaf_weight=5.57794360816479 14.000611832365392 16.787229590117938 2.4792429818771775 0.1306229761103167 1.2539322318043551 1.3577621378935874
leaf_count=26 78 32 32 14 18 10
internal_value=0 -0.0380052 -0.0563771 -0.0060881 -0.0631428 -0.0703321
internal_weight=0 27.5867 22.0088 2.60987 19.3989 2.61169
internal_count=210 132 106 46 60 28
shrinkage=0.1


Tree=28
num_leaves=7
num_cat=0
split_feature=0 0 0 0 0 0
split_gain=0.752865 0.0319277 0.0221139 0.0145096 0.00186441 2.56763e-05
threshold=0.15000000000000005 1.0000000180025095e-35 0.45000000000000007 0.35000000000000003 0.25000000000000006 0.75000000000000011
decision_type=2 2 2 2 2 2
left_child=1 -1 3 4 -2 -4
right_child=2 -3 5 -5 -6 -7
leaf_value=0.012196520873435091 -0.0067137929966550706 0.021553594909074325 -0.010283946668149135 0.00075983775418997541 -0.011919626030767842 -0.011682136951786781
leaf_weight=6.1188854873180363 1.2530970207881209 9.025260791182518 0.13217463158071296 2.6612002868205309 1.5254214000888169 20.820101508870721
leaf_count=26 18 32 14 32 10 78
internal_value=0 0.177729 -0.101984 -0.045174 -0.0957182 -0.116733
internal_weight=0 15.1441 26.392 5.43972 2.77852 20.9523
internal_count=210 58 152 60 28 92
shrinkage=0.1


Tree=29
num_leaves=7
num_cat=0
split_feature=0 0 0 0 0 0
split_gain=0.407082 0.0400699 0.0149112 0.14577 0.000225167 0.000189969
threshold=0.75000000000000011 1.0000000180025095e-35 0.35000000000000003 0.25000000000000006 0.15000000000000005 0.45000000000000007
decision_type=2 2 2 2 2 2
left_child=1 -1 3 4 -3 -4
right_child=-2 2 5 -5 -6 -7
leaf_value=-0.012730528012509982 0.016741567371366662 -0.0050537454617667725 -0.01012200432123647 0.031125323339428995 -0.0064433756672530804 -0.0066986026658005376
leaf_weight=6.8785065412521389 10.67099169269204 16.679119847714912 3.3905793246813114 1.1806303719058622 1.2536620029713947 0.17023261508438725
leaf_count=26 78 32 32 10 18 14
internal_value=0 -0.060451 -0.0401699 -0.0291012 -0.0515089 -0.0995834
internal_weight=0 29.5527 22.6742 19.1134 17.9328 3.56081
internal_count=210 132 106 60 50 46
shrinkage=0.1


Tree=30
num_leaves=7
num_cat=0
split_feature=0 0 0 0 0 0
split_gain=0.11107 0.0629591 0.00765664 0.00296006 0.00136901 2.42432e-05
threshold=0.75000000000000011 1.0000000180025095e-35 0.25000000000000006 0.45000000000000007 0.35000000000000003 0.15000000000000005
decision_type=2 2 2 2 2 2
left_child=1 -1 5 4 -4 -3
right_child=-2 2 3 -5 -6 -7
leaf_value=0.0066720288196411145 0.0069833058499289592 -0.0069976094573164912 -0.0041682608382760675 -0.016366906735932326 2.0788041531111095e-05 -0.0065414498915390851
leaf_weight=4.667018041014674 14.6565068308264 16.895314961671836 1.1717588752508161 0.1369205875089391 2.3343140631914139 1.2513766605406988
leaf_count=26 78 32 10 14 32 18
internal_value=0 -0.0386861 -0.0612626 -0.0194253 -0.0137923 -0.0696615
internal_weight=0 26.4567 21.7897 3.64299 3.50607 18.1467
internal_count=210 132 106 56 42 50
shrinkage=0.1


Tree=31
num_leaves=7
num_cat=0
split_feature=0 0 0 0 0 0
split_gain=0.740057 0.0212305 0.0182057 0.00134779 0.000215617 0.000133683
threshold=0.15000000000000005 0.45000000000000007 1.0000000180025095e-35 0.35000000000000003 0.25000000000000006 0.75000000000000011
decision_type=2 2 2 2 2 2
left_child=2 3 -1 4 -2 -3
right_child=1 5 -4 -5 -6 -7
leaf_value=0.013588644570174481 -0.0067608568868322508 -0.0084589601452198428 0.020828977772608549 -0.0025059243386978181 -0.0048834079907373283 -0.011564387489664131
leaf_weight=5.6968348845839474 1.2532557470258352 0.13954930356703954 8.8960396945476532 2.3893619575537741 1.1949831340461969 20.859814034774899
leaf_count=26 18 14 32 32 10 78
internal_value=0 -0.101679 0.180025 -0.0419552 -0.0584448 -0.115438
internal_weight=0 25.837 14.5929 4.8376 2.44824 20.9994
internal_count=210 152 58 60 28 92
shrinkage=0.1


Tree=32
num_leaves=7
num_cat=0
split_feature=0 0 0 0 0 0
split_gain=0.545084 0.0763948 0.0224586 0.00111736 0.00025264 1.44325e-07
threshold=0.35000000000000003 1.0000000180025095e-35 0.75000000000000011 0.45000000000000007 0.15000000000000005 0.25000000000000006
decision_type=2 2 2 2 2 2
left_child=1 -1 3 -2 -3 -6
right_child=2 4 -4 -5 5 -7
leaf_value=-0.01753227321229368 0.0080763397309537872 -0.0051586578940281992 0.017770939466303152 -0.00034360623874934472 -0.0062677093682718434 -0.0062193167128918904
leaf_weight=6.9845022559165981 2.4730113027617313 16.510109364986423 11.429012818261981 0.16833466780371953 1.2504242875147602 1.2152246991172433
leaf_count=26 32 32 78 14 18 10
internal_value=0 -0.085908 0.158503 0.0753973 -0.0529967 -0.0624386
internal_weight=0 25.9603 14.0704 2.64135 18.9758 2.46565
internal_count=210 86 124 46 60 28
shrinkage=0.1


Tree=33
num_leaves=7
num_cat=0
split_feature=0 0 0 0 0 0
split_gain=1.17913 0.0504912 0.00760192 0.000795731 0.000472048 0.000235792
threshold=0.15000000000000005 0.75000000000000011 0.35000000000000003 0.45000000000000007 0.25000000000000006 1.0000000180025095e-35
decision_type=2 2 2 2 2 2
left_child=5 2 4 -4 -2 -1
right_child=1 -3 3 -5 -6 -7
leaf_value=0.022536185708819906 -0.0058869143921918485 -0.014342959114508731 0.00069963510059099039 -0.0071297299656492147 -0.0085810803500985001 0.023435474400072563
leaf_weight=4.067284815013406 1.2469136563595411 21.945935936644673 2.535075830528513 0.13681732222903509 1.359272854635492 10.296991907060146
leaf_count=26 18 78 32 14 10 32
internal_value=0 -0.12231 -0.0344943 0.00298724 -0.0729207 0.231808
internal_weight=0 27.224 5.27808 2.67189 2.60619 14.3643
internal_count=210 152 74 46 28 58
shrinkage=0.1


Tree=34
num_leaves=7
num_cat=0
split_feature=0 0 0 0 0 0
split_gain=0.50634 0.0691646 0.033611 0.00820659 0.00263259 0.000637843
threshold=0.35000000000000003 1.0000000180025095e-35 0.25000000000000006 0.75000000000000011 0.45000000000000007 0.15000000000000005
decision_type=2 2 2 2 2 2
left_child=1 -1 5 4 -2 -3
right_child=3 2 -4 -5 -6 -7
leaf_value=-0.017019244363251636 0.011675853346663745 -0.0037424368046887362 -0.018963836195270634 0.016876381060178882 -0.0013913074102356873 -0.0060855508029748692
leaf_weight=6.6716874092817333 2.8601027675904311 16.199809148907669 1.6210259376093734 10.628089683130383 0.16296229569707055 1.2515441244468082
leaf_count=26 32 32 10 78 14 18
internal_value=0 -0.0825554 -0.0518991 0.155687 0.109715 -0.0391048
internal_weight=0 25.7441 19.0724 13.6512 3.02307 17.4514
internal_count=210 86 60 124 46 50
shrinkage=0.1


Tree=35
num_leaves=7
num_cat=0
split_feature=0 0 0 0 0 0
split_gain=0.0431446 0.0690237 0.0364695 0.139615 0.000337623 0.00021675
threshold=1.0000000180025095e-35 0.75000000000000011 0.35000000000000003 0.25000000000000006 0.45000000000000007 0.15000000000000005
decision_type=2 2 2 2 2 2
left_child=-1 2 3 5 -4 -2
right_child=1 -3 4 -5 -6 -7
leaf_value=0.0092791934802204986 -0.0046550007972793435 0.0045457541456011006 -0.014233569806582394 0.038066630000725722 -0.019214573138617991 -0.0060185649732987677
leaf_weight=4.4463774748146525 16.606029652059089 13.156133027747272 3.0744891469366844 0.79545835498720319 0.14238327485509206 1.253771153744309
leaf_count=26 32 78 32 10 14 18
internal_value=0 -0.0117787 -0.0462064 -0.02925 -0.14454 -0.0475072
internal_weight=0 35.0283 21.8721 18.6553 3.21687 17.8598
internal_count=210 184 106 60 46 50
shrinkage=0.1


Tree=36
num_leaves=7
num_cat=0
split_feature=0 0 0 0 0 0
split_gain=0.0804942 0.064776 0.00634588 0.00246224 0.000148687 1.55641e-05
threshold=0.75000000000000011 1.0000000180025095e-35 0.35000000000000003 0.45000000000000007 0.15000000000000005 0.25000000000000006
decision_type=2 2 2 2 2 2
left_child=1 -1 4 -4 -3 -6
right_child=-2 2 3 -5 5 -7
leaf_value=0.00754645067009245 0.006096171183318972 -0.0062620399271296583 -7.9755721678449054e-05 -0.013953435081378036 -0.0056787558442982014 -0.0051761953292659936
leaf_weight=4.579930733889344 14.107466077432035 16.783663719892509 2.3888263348489995 0.13516035489737976 1.2467086240649214 1.218560328707099
leaf_count=26 78 32 32 14 18 10
internal_value=0 -0.0326346 -0.0553732 -0.00822696 -0.0615552 -0.0543034
internal_weight=0 26.3529 21.7729 2.52399 19.2489 2.46527
internal_count=210 132 106 46 60 28
shrinkage=0.1


Tree=37
num_leaves=7
num_cat=0
split_feature=0 0 0 0 0 0
split_gain=0.95435 0.0403216 0.00692683 0.00292512 0.000306582 1.63495e-05
threshold=0.15000000000000005 0.75000000000000011 1.0000000180025095e-35 0.35000000000000003 0.45000000000000007 0.25000000000000006
decision_type=2 2 2 2 2 2
left_child=2 3 -1 5 -5 -2
right_child=1 -3 -4 4 -6 -7
leaf_value=0.017663132496353401 -0.0054593767214831338 -0.013202817853119843 0.022229287047711682 -0.00065645810943975279 -0.0055677898477742883 -0.0059703610126279547
leaf_weight=5.1497766152024242 1.2440151729388189 21.389731841161847 9.361791729927063 2.432763271266595 0.13410710263997305 1.2607584644574672
leaf_count=26 18 78 32 32 14 10
internal_value=0 -0.11302 0.206089 -0.0328541 -0.00913052 -0.0571658
internal_weight=0 26.4614 14.5116 5.07164 2.56687 2.50477
internal_count=210 152 58 74 46 28
shrinkage=0.1


Tree=38
num_leaves=7
num_cat=0
split_feature=0 0 0 0 0 0
split_gain=0.435051 0.0397713 0.0100883 0.00639097 0.00117303 5.97115e-05
threshold=0.35000000000000003 1.0000000180025095e-35 0.75000000000000011 0.25000000000000006 0.45000000000000007 0.15000000000000005
decision_type=2 2 2 2 2 2
left_child=1 -1 4 5 -2 -3
right_child=2 3 -4 -5 -6 -7
leaf_value=-0.014182422749530459 0.0096952852839434622 -0.0047134926590372958 0.015889869779320935 -0.011890836158179902 0.001135201669688689 -0.0054314114530138466
leaf_weight=6.7779760919511345 2.6600471227429785 16.533287718892105 10.7578838262707 1.3540177992545057 0.17033652146346856 1.2458278480917204
leaf_count=26 32 32 78 10 14 18
internal_value=0 -0.0760001 0.144923 -0.0526817 0.0918013 -0.047638
internal_weight=0 25.9111 13.5883 19.1331 2.83038 17.7791
internal_count=210 86 124 60 46 50
shrinkage=0.1


Tree=39
num_leaves=7
num_cat=0
split_feature=0 0 0 0 0 0
split_gain=0.0748745 0.0954702 0.204177 0.0683172 0.000104252 4.45216e-05
threshold=0.75000000000000011 0.35000000000000003 0.25000000000000006 1.0000000180025095e-35 0.15000000000000005 0.45000000000000007
decision_type=2 2 2 2 2 2
left_child=1 2 3 -1 -5 -3
right_child=-2 5 -4 4 -6 -7
leaf_value=0.007772455663571003 0.0060943077427694529 -0.019035961750222447 0.040195017211704175 -0.0057902326059366934 -0.0048407954916186357 -0.017151974573342124
leaf_weight=4.740370914340029 13.47361230291426 3.1710808919742699 1.1550609949044872 16.711767397820953 1.2425064130220551 0.13059991982299823
leaf_count=26 78 32 10 32 18 14
internal_value=0 -0.0302424 -0.00817944 -0.0290533 -0.0572453 -0.189614
internal_weight=0 27.1514 23.8497 22.6946 17.9543 3.30168
internal_count=210 132 86 76 50 46
shrinkage=0.1


Tree=40
num_leaves=7
num_cat=0
split_feature=0 0 0 0 0 0
split_gain=1.05534 0.0561909 0.00693493 0.00154567 0.000301319 0.000281703
threshold=0.15000000000000005 0.75000000000000011 1.0000000180025095e-35 0.25000000000000006 0.35000000000000003 0.45000000000000007
decision_type=2 2 2 2 2 2
left_child=2 3 -1 -2 -5 -6
right_child=1 -3 -4 4 5 -7
leaf_value=0.018390841855599433 -0.0049938589573633521 -0.014009602119882367 0.022954787527012535 -0.0022555417196121206 1.9402227840511382e-05 -0.0047264013290511603
leaf_weight=5.0518333688378307 1.2383281565271342 21.973126919940114 9.7647045478224754 1.087467748206109 2.2409800293389712 0.13246877124765877
leaf_count=26 18 78 32 10 32 14
internal_value=0 -0.11887 0.213987 -0.0196191 -0.00877065 -0.00245474
internal_weight=0 26.6724 14.8165 4.69924 3.46092 2.37345
internal_count=210 152 58 74 56 46
shrinkage=0.1


Tree=41
num_leaves=7
num_cat=0
split_feature=0 0 0 0 0 0
split_gain=0.340087 0.0299761 0.00909377 0.000617732 4.30037e-05 1.85469e-05
threshold=0.35000000000000003 1.0000000180025095e-35 0.75000000000000011 0.45000000000000007 0.15000000000000005 0.25000000000000006
decision_type=2 2 2 2 2 2
left_child=1 -1 3 -2 -3 -6
right_child=2 4 -4 -5 5 -7
leaf_value=-0.012453667296169819 0.0081527286883081689 -0.0046293136407805548 0.014280279452380135 0.0020961338426578303 -0.0053513705531789881 -0.0047887301716517195
leaf_weight=6.7333677671849754 2.4763098424300529 16.599631406366829 10.650491055101156 0.18068809120450161 1.2433958929032078 1.1079366211779416
leaf_count=26 32 32 78 14 18 10
internal_value=0 -0.0672237 0.129746 0.0774085 -0.0468601 -0.0508626
internal_weight=0 25.6843 13.3075 2.657 18.951 2.35133
internal_count=210 86 124 46 60 28
shrinkage=0.1


Tree=42
num_leaves=7
num_cat=0
split_feature=0 0 0 0 0 0
split_gain=0.0428423 0.0395684 0.00237527 0.00154211 0.000308657 1.72978e-05
threshold=0.75000000000000011 1.0000000180025095e-35 0.25000000000000006 0.45000000000000007 0.35000000000000003 0.15000000000000005
decision_type=2 2 2 2 2 2
left_child=1 -1 5 4 -4 -3
right_child=-2 2 3 -5 -6 -7
leaf_value=0.0054239813783926024 0.0046143412023900458 -0.0046911940973528039 -0.0028250766621760867 -0.012567859414764654 -0.00080952197884996105 -0.0050781627625816486
leaf_weight=5.2816743813455131 13.382180793210862 16.496457792818553 1.1381578333675859 0.13019571022596199 2.2853942280635238 1.2421316499821831
leaf_count=26 78 32 10 14 32 18
internal_value=0 -0.0232369 -0.0424554 -0.0188582 -0.0147959 -0.0471829
internal_weight=0 26.574 21.2923 3.55375 3.42355 17.7386
internal_count=210 132 106 56 42 50
shrinkage=0.1


Tree=43
num_leaves=7
num_cat=0
split_feature=0 0 0 0 0 0
split_gain=0.0978923 0.0379474 0.00872168 0.00141572 0.000884486 0.000423668
threshold=0.75000000000000011 1.0000000180025095e-35 0.25000000000000006 0.45000000000000007 0.35000000000000003 0.15000000000000005
decision_type=2 2 2 2 2 2
left_child=1 -1 5 4 -4 -3
right_child=-2 2 3 -5 -6 -7
leaf_value=0.0039744080961553732 0.0067439074756704218 -0.0064340818174586402 -0.0027537367650566982 -0.011280697615673971 0.00065623479955253985 -0.0045165102040651247
leaf_weight=5.3841047063469913 14.121548520401118 16.779434658586986 1.1445754109881816 0.12601718166843046 2.2677544509060681 1.2371362005360413
leaf_count=26 78 32 10 14 32 18
internal_value=0 -0.0353518 -0.0541097 -0.00871944 -0.0048755 -0.0630241
internal_weight=0 26.939 21.5549 3.53835 3.41233 18.0166
internal_count=210 132 106 56 42 50
shrinkage=0.1


Tree=44
num_leaves=7
num_cat=0
split_feature=0 0 0 0 0 0
split_gain=0.793212 0.0404266 0.0267399 0.00137753 0.000142549 7.02972e-05
threshold=0.15000000000000005 0.75000000000000011 1.0000000180025095e-35 0.35000000000000003 0.45000000000000007 0.25000000000000006
decision_type=2 2 2 2 2 2
left_child=2 3 -1 5 -5 -2
right_child=1 -3 -4 4 -6 -7
leaf_value=0.013057147872816264 -0.0045242937391146085 -0.012425617132588496 0.021679061146581354 -0.00044438513839358749 -0.0038637290584687097 -0.0034412996934345013
leaf_weight=5.9420084804296467 1.2364918872481239 21.252171592786908 9.115106388926506 2.3106953927781437 0.1287124934606253 1.1631776834838092
leaf_count=26 18 78 32 32 14 10
internal_value=0 -0.105473 0.182766 -0.0229822 -0.00624803 -0.0399934
internal_weight=0 26.0912 15.0571 4.83908 2.43941 2.39967
internal_count=210 152 58 74 46 28
shrinkage=0.1


Tree=45
num_leaves=7
num_cat=0
split_feature=0 0 0 0 0 0
split_gain=0.421519 0.0337104 0.0106061 0.000606798 0.000552619 4.70673e-05
threshold=0.35000000000000003 1.0000000180025095e-35 0.75000000000000011 0.25000000000000006 0.45000000000000007 0.15000000000000005
decision_type=2 2 2 2 2 2
left_child=1 -1 4 5 -2 -3
right_child=2 3 -4 -5 -6 -7
leaf_value=-0.01346450298650043 0.0090391151290674637 -0.0051979975282268704 0.015673354508512396 -0.0074740273221165958 0.0031756166669179853 -0.0045590332834066685
leaf_weight=6.8769322857260731 2.5229544583708026 16.666899099946029 10.879309708252549 1.2028767126612354 0.1716727188322692 1.2384984765667457
leaf_count=26 32 32 78 10 14 18
internal_value=0 -0.0746062 0.142822 -0.0529986 0.0866556 -0.051538
internal_weight=0 25.9852 13.5739 19.1083 2.69463 17.9054
internal_count=210 86 124 60 46 50
shrinkage=0.1


Tree=46
num_leaves=7
num_cat=0
split_feature=0 0 0 0 0 0
split_gain=0.0889687 0.0657274 0.00599437 0.00186947 0.000272035 0.000641764
threshold=0.35000000000000003 1.0000000180025095e-35 0.75000000000000011 0.45000000000000007 0.25000000000000006 0.15000000000000005
decision_type=2 2 2 2 2 2
left_child=1 -1 3 -2 5 -3
right_child=2 4 -4 -5 -6 -7
leaf_value=0.0065749560781068047 0.001839086501814324 -0.0065254162526179119 0.0064549543013067466 -0.010614177476762127 -0.0078330529877539568 -0.0041644871190323765
leaf_weight=4.8267910405993488 2.4823854179121567 16.79758898168803 14.006584955379367 0.12669804017059494 1.3544418229721475 1.2360801213653747
leaf_count=26 32 32 78 14 10 18
internal_value=0 -0.0386673 0.0563519 0.0123435 -0.0646625 -0.0636359
internal_weight=0 24.2149 16.6157 2.60908 19.3881 18.0337
internal_count=210 86 124 46 60 50
shrinkage=0.1


Tree=47
num_leaves=7
num_cat=0
split_feature=0 0 0 0 0 0
split_gain=0.876151 0.0435218 0.0253808 0.0115844 0.00729012 0.000542863
threshold=0.15000000000000005 0.75000000000000011 0.35000000000000003 1.0000000180025095e-35 0.25000000000000006 0.45000000000000007
decision_type=2 2 2 2 2 2
left_child=3 2 4 -1 -2 -4
right_child=1 -3 5 -5 -6 -7
leaf_value=0.015973842899666781 -0.0039597154524214613 -0.012934262240932474 0.0039479042485320148 0.021775843863168026 -0.01418628102776923 -0.0028196762455424337
leaf_weight=5.5030799210071537 1.2338754141237613 20.922816025093198 2.7037793425843124 9.1847990676760674 1.6022392772138119 0.12396299134707069
leaf_count=26 18 78 32 32 10 14
internal_value=0 -0.108292 -0.0305285 0.19602 -0.0973713 0.0365123
internal_weight=0 26.5867 5.66386 14.6879 2.83611 2.82774
internal_count=210 152 74 58 28 46
shrinkage=0.1


Tree=48
num_leaves=7
num_cat=0
split_feature=0 0 0 0 0 0
split_gain=0.375142 0.0456503 0.0157564 0.134789 0.00078612 0.000162494
threshold=0.75000000000000011 1.0000000180025095e-35 0.25000000000000006 0.35000000000000003 0.45000000000000007 0.15000000000000005
decision_type=2 2 2 2 2 2
left_child=1 -1 5 -4 -5 -3
right_child=-2 2 3 4 -6 -7
leaf_value=-0.013040362428418679 0.016054756970110971 -0.0050910772431572472 0.034884455823356995 -0.0078784194388699744 -0.0008453615268934619 -0.0039025969106912003
leaf_weight=6.8158783465623882 10.653164248913525 16.632169127464302 0.9564973060041656 3.2848275364376609 0.16700823686551292 1.235893114702775
leaf_count=26 78 32 10 32 14 18
internal_value=0 -0.0587902 -0.0368787 0.0166649 -0.0753814 -0.0500887
internal_weight=0 29.0923 22.2764 4.40833 3.45184 17.8681
internal_count=210 132 106 56 46 50
shrinkage=0.1


Tree=49
num_leaves=7
num_cat=0
split_feature=0 0 0 0 0 0
split_gain=0.0811389 0.0551698 0.00894972 0.00137263 0.00117006 9.31369e-07
threshold=0.75000000000000011 1.0000000180025095e-35 0.35000000000000003 0.45000000000000007 0.15000000000000005 0.25000000000000006
decision_type=2 2 2 2 2 2
left_child=1 -1 4 -4 -3 -6
right_child=-2 2 3 -5 5 -7
leaf_value=0.0063955366983468867 0.0061369737502687434 -0.0064386720540830474 0.00081404682117922414 -0.0098151312547661018 -0.0040278562212774883 -0.0041518232320997056
leaf_weight=4.8391793929040459 14.072578428313134 16.779824435710914 2.3348222272470589 0.12816270359326143 1.2344950598198912 1.1905089993961155
leaf_count=26 78 32 32 14 18 10
internal_value=0 -0.0325812 -0.0541412 0.00260952 -0.0614194 -0.0408872
internal_weight=0 26.507 21.6678 2.46298 19.2048 2.425
internal_count=210 132 106 46 60 28
shrinkage=0.1


Tree=50
num_leaves=7
num_cat=0
split_feature=0 0 0 0 0 0
split_gain=0.905308 0.0491196 0.0118146 0.00252007 7.14513e-05 6.34909e-05
threshold=0.15000000000000005 0.75000000000000011 1.0000000180025095e-35 0.35000000000000003 0.45000000000000007 0.25000000000000006
decision_type=2 2 2 2 2 2
left_child=2 3 -1 5 -5 -2
right_child=1 -3 -4 4 -6 -7
leaf_value=0.016154720267068514 -0.0039114587522630041 -0.013185951996342727 0.022026808328478479 0.00021056412756409833 -0.0022137394895095724 -0.0049272540935402509
leaf_weight=5.4277287721633884 1.2326148691354346 21.364157663658261 9.2923841923475266 2.3775618511717771 0.12812414049403731 1.2286590419244021
leaf_count=26 18 78 32 32 14 10
internal_value=0 -0.111034 0.198616 -0.0214583 0.000866013 -0.0441854
internal_weight=0 26.3311 14.7201 4.96696 2.50569 2.46127
internal_count=210 152 58 74 46 28
shrinkage=0.1


Tree=51
num_leaves=7
num_cat=0
split_feature=0 0 0 0 0 0
split_gain=0.42273 0.0320427 0.00767584 0.00474206 0.000597868 0.000135488
threshold=0.35000000000000003 1.0000000180025095e-35 0.75000000000000011 0.25000000000000006 0.45000000000000007 0.15000000000000005
decision_type=2 2 2 2 2 2
left_child=1 -1 4 5 -2 -3
right_child=2 3 -4 -5 -6 -7
leaf_value=-0.013360125591510466 0.010049376599401945 -0.0050185004725233628 0.015568653458980114 -0.011165019173602941 0.0038957542266547414 -0.0039327102203102595
leaf_weight=6.8013330735266235 2.6204035226255633 16.611623793840415 10.712911551818252 1.3153529227711249 0.16800883237738151 1.2346526287728909
leaf_count=26 32 32 78 10 14 18
internal_value=0 -0.0746346 0.143522 -0.0537047 0.0967861 -0.0494338
internal_weight=0 25.963 13.5013 19.1616 2.78841 17.8463
internal_count=210 86 124 60 46 50
shrinkage=0.1


Tree=52
num_leaves=7
num_cat=0
split_feature=0 0 0 0 0 0
split_gain=0.0771128 0.101167 0.225961 0.0647163 0.000804772 0.000467615
threshold=0.75000000000000011 0.35000000000000003 0.25000000000000006 1.0000000180025095e-35 0.15000000000000005 0.45000000000000007
decision_type=2 2 2 2 2 2
left_child=1 2 3 -1 -5 -3
right_child=-2 5 -4 4 -6 -7
leaf_value=0.0071401271554801795 0.0062082314557584395 -0.019654609650275309 0.040546938202942154 -0.0060176920258999591 -0.0033683846916638693 -0.013371230160326965
leaf_weight=4.8908447176218131 13.42819778062403 3.191705995239317 1.2536812350153912 16.716791667044166 1.231025056913494 0.12300555314868676
leaf_count=26 78 32 10 32 18 14
internal_value=0 -0.0304175 -0.00788171 -0.0305718 -0.0583598 -0.194214
internal_weight=0 27.4071 24.0923 22.8387 17.9478 3.31471
internal_count=210 132 86 76 50 46
shrinkage=0.1


Tree=53
num_leaves=7
num_cat=0
split_feature=0 0 0 0 0 0
split_gain=0.994285 0.0623475 0.0108207 0.00121529 0.000235083 7.08186e-05
threshold=0.15000000000000005 0.75000000000000011 1.0000000180025095e-35 0.35000000000000003 0.25000000000000006 0.45000000000000007
decision_type=2 2 2 2 2 2
left_child=2 3 -1 4 -2 -5
right_child=1 -3 -4 5 -6 -7
leaf_value=0.017039697736437192 -0.0036595617079372682 -0.013860439082918881 0.022667737091164 0.00065694912950547697 -0.0016300930757397647 -0.0017638534909171712
leaf_weight=5.3046431392431233 1.2288988378131789 21.853246884420514 9.5959110260009766 2.2049670633859937 1.0657592103816569 0.12785195262404148
leaf_count=26 18 78 32 32 10 14
internal_value=0 -0.116276 0.206641 -0.0108298 -0.0271697 0.00524275
internal_weight=0 26.4807 14.9006 4.62748 2.29466 2.33282
internal_count=210 152 58 74 28 46
shrinkage=0.1


Tree=54
num_leaves=7
num_cat=0
split_feature=0 0 0 0 0 0
split_gain=0.347844 0.0282904 0.00778688 0.000275838 0.000121855 1.03451e-05
threshold=0.35000000000000003 1.0000000180025095e-35 0.75000000000000011 0.45000000000000007 0.15000000000000005 0.25000000000000006
decision_type=2 2 2 2 2 2
left_child=1 -1 3 -2 -3 -6
right_child=2 4 -4 -5 5 -7
leaf_value=-0.012337472275268647 0.0085288524719135152 -0.0048998365632695641 0.014337997939208258 0.0044407507064442723 -0.0039278834507816647 -0.0043511447083291284
leaf_weight=6.7657369226217297 2.4418265891727038 16.640965789556507 10.668650165200233 0.17701286682859052 1.2330270268721497 1.0861040716990829
leaf_count=26 32 32 78 14 18 10
internal_value=0 -0.0678614 0.131386 0.0825253 -0.048052 -0.0412611
internal_weight=0 25.7258 13.2875 2.61884 18.9601 2.31913
internal_count=210 86 124 46 60 28
shrinkage=0.1


Tree=55
num_leaves=7
num_cat=0
split_feature=0 0 0 0 0 0
split_gain=0.0469176 0.0373651 0.00471543 0.000881334 0.000377085 0.000209921
threshold=0.75000000000000011 1.0000000180025095e-35 0.25000000000000006 0.45000000000000007 0.35000000000000003 0.15000000000000005
decision_type=2 2 2 2 2 2
left_child=1 -1 5 4 -4 -3
right_child=-2 2 3 -5 -6 -7
leaf_value=0.0050651534859613295 0.0048051388382432565 -0.0050668048790272688 -0.0021464594217387306 -0.0091662814156016591 0.00010572622984333948 -0.003713673825907387
leaf_weight=5.3093101382255581 13.479122148826717 16.535992167890079 1.111666817916557 0.12578712520189572 2.2441961509175599 1.2319216196192417
leaf_count=26 78 32 10 14 32 18
internal_value=0 -0.024387 -0.0431357 -0.00948366 -0.00640335 -0.0497299
internal_weight=0 26.5589 21.2496 3.48165 3.35586 17.7679
internal_count=210 132 106 56 42 50
shrinkage=0.1


Tree=56
num_leaves=7
num_cat=0
split_feature=0 0 0 0 0 0
split_gain=0.113746 0.0389732 0.014724 0.00173375 0.0010804 6.84662e-05
threshold=0.75000000000000011 1.0000000180025095e-35 0.15000000000000005 0.35000000000000003 0.45000000000000007 0.25000000000000006
decision_type=2 2 2 2 2 2
left_child=1 -1 -3 5 -5 -4
right_child=-2 2 3 4 -6 -7
leaf_value=0.00381513765244966 0.0071684344786248147 -0.0071111662114270446 -0.0032201873398405851 0.0016397153964889659 -0.0080179680278183191 -0.0021385842882311657
leaf_weight=5.3318894356489208 14.413432369008659 16.87412361800671 1.2273006698815143 2.2292474394198512 0.12218305573333044 1.1187194408848882
leaf_count=26 78 32 18 32 14 10
internal_value=0 -0.0384046 -0.0573271 -0.0078105 0.0113789 -0.0270442
internal_weight=0 26.9035 21.5716 4.69745 2.35143 2.34602
internal_count=210 132 106 74 46 28
shrinkage=0.1


Tree=57
num_leaves=7
num_cat=0
split_feature=0 0 0 0 0 0
split_gain=0.654931 0.0374659 0.0348008 0.00104084 1.70746e-05 1.04452e-05
threshold=0.15000000000000005 0.75000000000000011 1.0000000180025095e-35 0.35000000000000003 0.45000000000000007 0.25000000000000006
decision_type=2 2 2 2 2 2
left_child=2 3 -1 5 -5 -2
right_child=1 -3 -4 4 -6 -7
leaf_value=0.010743437649865824 -0.0034399473022921653 -0.01156582991263946 0.020515354322602028 -0.00022328777677316157 -0.0014162600302862387 -0.0030195557514760777
leaf_weight=6.1564892083406422 1.228842043667103 20.839228244498372 8.9316492974758148 2.2844414033461367 0.1266250125481746 1.1387015816289932
leaf_count=26 18 78 32 32 14 10
internal_value=0 -0.0973454 0.165281 -0.0174841 -0.00285941 -0.0323775
internal_weight=0 25.6178 15.0881 4.77861 2.41107 2.36754
internal_count=210 152 58 74 46 28
shrinkage=0.1


Tree=58
num_leaves=7
num_cat=0
split_feature=0 0 0 0 0 0
split_gain=0.524482 0.0609191 0.01568 0.000326229 0.000314891 0.000213629
threshold=0.35000000000000003 1.0000000180025095e-35 0.75000000000000011 0.15000000000000005 0.25000000000000006 0.45000000000000007
decision_type=2 2 2 2 2 2
left_child=1 -1 5 -3 -5 -2
right_child=2 3 -4 4 -6 -7
leaf_value=-0.0163761990556795 0.0088740172862691313 -0.0056105428688808497 0.017277548793370318 -0.0032447091225294017 -0.0055393825035813119 0.0051300876588794807
leaf_weight=6.9821242317557362 2.4163028027396627 16.607188440859321 11.325701570138335 1.2283924658549941 1.1653617979027331 0.16266690031625319
leaf_count=26 32 32 78 18 10 14
internal_value=0 -0.0838843 0.156751 -0.0545323 -0.0436183 0.0863787
internal_weight=0 25.9831 13.9047 19.0009 2.39375 2.57897
internal_count=210 86 124 60 28 46
shrinkage=0.1


Tree=59
num_leaves=7
num_cat=0
split_feature=0 0 0 0 0 0
split_gain=1.16036 0.0724085 0.00516516 0.000619748 0.000600986 7.08767e-05
threshold=0.15000000000000005 0.75000000000000011 0.35000000000000003 0.25000000000000006 1.0000000180025095e-35 0.45000000000000007
decision_type=2 2 2 2 2 2
left_child=4 2 3 -2 -1 -4
right_child=1 -3 5 -5 -6 -7
leaf_value=0.021816930106897461 -0.0030568579596242738 -0.014711876170170557 0.0018575990537641565 -0.0062066786259529563 0.023233309032731461 -0.00056045538137622169
leaf_weight=4.2283293493092033 1.2260250712279257 22.00845448859036 2.4202832062728707 1.273514908971265 10.276804476976395 0.12761060416232783
leaf_count=26 18 78 32 10 32 14
internal_value=0 -0.122344 -0.0143195 -0.0466169 0.228204 0.0173649
internal_weight=0 27.0559 5.04743 2.49954 14.5051 2.54789
internal_count=210 152 74 28 58 46
shrinkage=0.1


Tree=60
num_leaves=7
num_cat=0
split_feature=0 0 0 0 0 0
split_gain=0.44007 0.053491 0.0145848 0.00622337 0.000662821 0.000102787
threshold=0.35000000000000003 1.0000000180025095e-35 0.25000000000000006 0.75000000000000011 0.45000000000000007 0.15000000000000005
decision_type=2 2 2 2 2 2
left_child=1 -1 5 4 -2 -3
right_child=3 2 -4 -5 -6 -7
leaf_value=-0.015408483915301564 0.010903950798849236 -0.0042548099171083424 -0.0146597365953972 0.015784358313890631 0.0043274116011767462 -0.0033070755658646377
leaf_weight=6.6381895951926735 2.7050239115487762 16.335750728845603 1.4391126402188081 10.564767025411129 0.16245402547065158 1.2305722632445384
leaf_count=26 32 32 10 78 14 18
internal_value=0 -0.0768053 -0.0498132 0.14663 0.105314 -0.0418842
internal_weight=0 25.6436 19.0054 13.4322 2.86748 17.5663
internal_count=210 86 60 124 46 50
shrinkage=0.1


Tree=61
num_leaves=7
num_cat=0
split_feature=0 0 0 0 0 0
split_gain=0.0368293 0.0612949 0.0474842 0.195813 0.000342064 0.000186261
threshold=1.0000000180025095e-35 0.75000000000000011 0.35000000000000003 0.25000000000000006 0.15000000000000005 0.45000000000000007
decision_type=2 2 2 2 2 2
left_child=-1 2 3 4 -2 -4
right_child=1 -3 5 -5 -6 -7
leaf_value=0.0083059145083555167 -0.0048602231945682845 0.0043206098202546511 -0.015764405569604806 0.042716769371348703 -0.0031321399064714612 -0.011884201640144136
leaf_weight=4.7045025825500479 16.567090250551711 12.999605456367133 3.0690541958902027 0.91407591942697664 1.2305330511881027 0.12890841113403428
leaf_count=26 32 78 32 10 18 14
internal_value=0 -0.0111933 -0.04347 -0.0242242 -0.0474074 -0.15608
internal_weight=0 34.9093 21.9097 18.7117 17.7976 3.19796
internal_count=210 184 106 60 50 46
shrinkage=0.1


Tree=62
num_leaves=7
num_cat=0
split_feature=0 0 0 0 0 0
split_gain=0.0727672 0.0508212 0.0103979 0.00130397 0.000855496 3.15808e-05
threshold=0.75000000000000011 1.0000000180025095e-35 0.15000000000000005 0.35000000000000003 0.45000000000000007 0.25000000000000006
decision_type=2 2 2 2 2 2
left_child=1 -1 -3 5 -5 -4
right_child=-2 2 3 4 -6 -7
leaf_value=0.0060825441160269021 0.0058190916922234203 -0.0063628277774361716 -0.0030679614525546948 0.0010640304425181971 -0.0074038356480943578 -0.0023306156624315609
leaf_weight=4.9086625091731575 14.026017254218457 16.752499140799049 1.2266462746774769 2.2418273326475178 0.12601452146191139 1.1033689931500703
leaf_count=26 78 32 18 32 14 10
internal_value=0 -0.0309642 -0.0519692 -0.0103929 0.00613378 -0.0271879
internal_weight=0 26.359 21.4504 4.69786 2.36784 2.33002
internal_count=210 132 106 74 46 28
shrinkage=0.1


Tree=63
num_leaves=7
num_cat=0
split_feature=0 0 0 0 0 0
split_gain=0.946308 0.0616482 0.0114055 0.00132318 1.26069e-05 8.7767e-06
threshold=0.15000000000000005 0.75000000000000011 1.0000000180025095e-35 0.35000000000000003 0.25000000000000006 0.45000000000000007
decision_type=2 2 2 2 2 2
left_child=2 3 -1 4 -2 -5
right_child=1 -3 -4 5 -6 -7
leaf_value=0.016541111009517547 -0.00292807601049698 -0.01362913690227196 0.0223129275959752 0.00068686681225739259 -0.0024633030754663723 -0.00017115845254868836
leaf_weight=5.3705594241619083 1.224288655328567 21.627202587202191 9.444241039454937 2.256629056995735 1.1152505285572261 0.12586432218085963
leaf_count=26 18 78 32 32 10 14
internal_value=0 -0.11369 0.202206 -0.0101726 -0.0270652 0.00641538
internal_weight=0 26.3492 14.8148 4.72203 2.33954 2.38249
internal_count=210 152 58 74 28 46
shrinkage=0.1


Tree=64
num_leaves=7
num_cat=0
split_feature=0 0 0 0 0 0
split_gain=0.37838 0.0314207 0.00782354 0.000243995 0.000440018 0.000194905
threshold=0.35000000000000003 1.0000000180025095e-35 0.75000000000000011 0.25000000000000006 0.15000000000000005 0.45000000000000007
decision_type=2 2 2 2 2 2
left_child=1 -1 5 4 -3 -2
right_child=2 3 -4 -5 -6 -7
leaf_value=-0.01291906824982126 0.0090239993860925793 -0.0050349263007839753 0.014862787452398746 -0.0064025884360625757 -0.0030727944763694033 0.0055395365519823984
leaf_weight=6.7830226272344616 2.4835777340922482 16.628914415836341 10.706608241423965 1.1504189281258721 1.2272674330743019 0.17162093252409238
leaf_count=26 32 32 78 10 18 14
internal_value=0 -0.070762 0.136578 -0.0499101 -0.0490007 0.0879878
internal_weight=0 25.7896 13.3618 19.0066 17.8562 2.6552
internal_count=210 86 124 60 50 46
shrinkage=0.1


Tree=65
num_leaves=7
num_cat=0
split_feature=0 0 0 0 0 0
split_gain=0.0562638 0.0449632 0.00806861 0.000843667 0.000686016 0.000215863
threshold=0.75000000000000011 1.0000000180025095e-35 0.35000000000000003 0.45000000000000007 0.15000000000000005 0.25000000000000006
decision_type=2 2 2 2 2 2
left_child=1 -1 4 -4 -3 -6
right_child=-2 2 3 -5 5 -7
leaf_value=0.0057627886907157984 0.0052556328611915362 -0.0055896996253814862 0.0011205884284559513 -0.0073632640330965962 -0.0028611073912834712 -0.0047336834976849226
leaf_weight=5.1198296844959286 13.520910339429973 16.627471975982196 2.3610206465236838 0.12333872844465066 1.2261321664554989 1.2363116743508726
leaf_count=26 78 32 32 14 18 10
internal_value=0 -0.0266205 -0.0466136 0.00699398 -0.0535901 -0.0380127
internal_weight=0 26.6941 21.5743 2.48436 19.0899 2.46244
internal_count=210 132 106 46 60 28
shrinkage=0.1


Tree=66
num_leaves=7
num_cat=0
split_feature=0 0 0 0 0 0
split_gain=0.156502 0.0614677 0.0053365 0.00339245 0.00102789 0.000911509
threshold=0.35000000000000003 1.0000000180025095e-35 0.75000000000000011 0.15000000000000005 0.45000000000000007 0.25000000000000006
decision_type=2 2 2 2 2 2
left_child=1 -1 4 -3 -2 -5
right_child=2 3 -4 5 -6 -7
leaf_value=0.0047470447643001863 0.0034298413182686687 -0.0081784556427780975 0.007963399421714366 -0.0022866339528130712 -0.0061161552847261427 -0.0060892651097644891
leaf_weight=5.0052257515490082 2.3913498055189861 17.040776133537296 14.925501266494393 1.2207169887842602 0.11838311556493852 1.3034571434836835
leaf_count=26 32 32 78 18 14 10
internal_value=0 -0.0514183 0.07246 -0.0767166 0.0297956 -0.0425027
internal_weight=0 24.5702 17.4352 19.565 2.50973 2.52417
internal_count=210 86 124 60 46 28
shrinkage=0.1


Tree=67
num_leaves=7
num_cat=0
split_feature=0 0 0 0 0 0
split_gain=0.48164 0.0449878 0.0254848 0.014832 0.00555888 0.000123918
threshold=0.15000000000000005 1.0000000180025095e-35 0.75000000000000011 0.35000000000000003 0.25000000000000006 0.45000000000000007
decision_type=2 2 2 2 2 2
left_child=1 -1 3 4 -2 -5
right_child=2 -3 -4 5 -6 -7
leaf_value=0.0076481743086761192 -0.0026112762286053201 0.018647609868159051 -0.010116334501842655 0.0029515065531065528 -0.011685071845326505 -0.00031689657995510553
leaf_weight=6.4080482497811291 1.2239560283487689 8.8589128404855728 19.876863481476903 2.6100406297482555 1.505799702135846 0.12139670236501832
leaf_count=26 18 32 78 32 10 14
internal_value=0 0.140308 -0.0845398 -0.0240357 -0.076166 0.0280624
internal_weight=0 15.267 25.3381 5.46119 2.72976 2.73144
internal_count=210 58 152 74 28 46
shrinkage=0.1


Tree=68
num_leaves=7
num_cat=0
split_feature=0 0 0 0 0 0
split_gain=0.784365 0.183026 0.0209058 0.112937 0.104394 0.00242322
threshold=0.75000000000000011 1.0000000180025095e-35 0.15000000000000005 0.35000000000000003 0.25000000000000006 0.45000000000000007
decision_type=2 2 2 2 2 2
left_child=1 -1 -3 4 -4 -5
right_child=-2 2 3 5 -6 -7
leaf_value=-0.022681593756109959 0.021390123009679657 -0.0061213664706163467 -0.0019402865379684884 -0.011702536367893691 0.040959213466892685 0.0018174876767184179
leaf_weight=7.2362687811255482 12.108074935153125 16.404710151255134 1.2193314229371017 3.0570197969209407 1.0606907685287297 0.13857689633732653
leaf_count=26 78 32 18 32 10 14
internal_value=0 -0.0889504 -0.0433554 0.0101471 0.18017 -0.111162
internal_weight=0 29.1166 21.8803 5.47562 2.28002 3.1956
internal_count=210 132 106 74 28 46
shrinkage=0.1


Tree=69
num_leaves=7
num_cat=0
split_feature=0 0 0 0 0 0
split_gain=0.800413 0.0377341 0.000471281 0.000385342 0.00012602 5.38588e-06
threshold=0.15000000000000005 0.75000000000000011 0.35000000000000003 1.0000000180025095e-35 0.45000000000000007 0.25000000000000006
decision_type=2 2 2 2 2 2
left_child=3 2 5 -1 -4 -2
right_child=1 -3 4 -5 -6 -7
leaf_value=0.019220536947333614 -0.0032232241317439545 -0.012200380619186898 -0.00155654477937946 0.020363341189885479 0.0015616450468763342 -0.0035276009973244714
leaf_weight=4.4489130005240414 1.2285922330338535 20.709364341571927 2.317725535249338 8.7607270926237106 0.13728591252583999 1.1034944513812661
leaf_count=26 18 78 32 32 14 10
internal_value=0 -0.103508 -0.0234922 0.199785 -0.0138217 -0.0336725
internal_weight=0 25.4965 4.7871 13.2096 2.45501 2.33209
internal_count=210 152 74 58 46 28
shrinkage=0.1


Tree=70
num_leaves=7
num_cat=0
split_feature=0 0 0 0 0 0
split_gain=0.0298985 0.0370412 0.00421738 0.000517527 0.000349788 0.00033883
threshold=0.75000000000000011 1.0000000180025095e-35 0.25000000000000006 0.45000000000000007 0.15000000000000005 0.35000000000000003
decision_type=2 2 2 2 2 2
left_child=1 -1 4 5 -3 -4
right_child=-2 2 3 -5 -6 -7
leaf_value=0.0055476201677667506 0.0038794121203407778 -0.0045648697546965961 -0.0018222240784674213 -0.0069678581607606361 -0.0028136323756506659 0.00032122638887920182
leaf_weight=5.2785407230258015 13.232272712513803 16.432746224105365 1.1018024005461482 0.12396482098847617 1.2256195854861278 2.2304004316683859
leaf_count=26 78 32 10 14 18 32
internal_value=0 -0.0194496 -0.0381807 -0.00623534 -0.0444332 -0.00387512
internal_weight=0 26.3931 21.1145 3.45617 17.6584 3.3322
internal_count=210 132 106 56 50 42
shrinkage=0.1


Tree=71
num_leaves=7
num_cat=0
split_feature=0 0 0 0 0 0
split_gain=0.0678201 0.0316725 0.00988534 0.00104804 0.000654516 3.57108e-05
threshold=0.75000000000000011 1.0000000180025095e-35 0.15000000000000005 0.35000000000000003 0.45000000000000007 0.25000000000000006
decision_type=2 2 2 2 2 2
left_child=1 -1 -3 5 -5 -4
right_child=-2 2 3 4 -6 -7
leaf_value=0.0038487382978019125 0.0057097371173177617 -0.0058159058285614717 -0.002480400880350907 0.0012797997711870902 -0.0062938860457875112 -0.0016965930835978861
leaf_weight=5.4809976369142559 13.747008172795175 16.63576174527407 1.2224632145371279 2.2151340385898952 0.12030232767574478 1.108227769844234
leaf_count=26 78 32 18 32 14 10
internal_value=0 -0.0293067 -0.0467502 -0.00607496 0.00889666 -0.0210771
internal_weight=0 26.7829 21.3019 4.66613 2.33544 2.33069
internal_count=210 132 106 74 46 28
shrinkage=0.1


Tree=72
num_leaves=7
num_cat=0
split_feature=0 0 0 0 0 0
split_gain=1.03475 0.0782126 0.016514 0.00177226 1.54939e-05 5.25412e-06
threshold=0.15000000000000005 0.75000000000000011 1.0000000180025095e-35 0.35000000000000003 0.45000000000000007 0.25000000000000006
decision_type=2 2 2 2 2 2
left_child=2 3 -1 5 -5 -2
right_child=1 -3 -4 4 -6 -7
leaf_value=0.016352660524182851 -0.0022168738935269298 -0.014346525161598032 0.023191906163694587 0.0018753784603708027 0.00071023228927287073 -0.0019168690491080274
leaf_weight=5.518198557198045 1.2186693198746097 22.093359949067235 9.8013235926628113 2.2280396120622759 0.12029188656015312 1.1205351508688182
leaf_count=26 18 78 32 32 14 10
internal_value=0 -0.118573 0.207284 -0.00124949 0.0181569 -0.0207316
internal_weight=0 26.7809 15.3195 4.68754 2.34833 2.3392
internal_count=210 152 58 74 46 28
shrinkage=0.1


Tree=73
num_leaves=7
num_cat=0
split_feature=0 0 0 0 0 0
split_gain=0.319523 0.0146196 0.00368434 0.00106989 0.000651394 0.000180352
threshold=0.35000000000000003 1.0000000180025095e-35 0.75000000000000011 0.25000000000000006 0.15000000000000005 0.45000000000000007
decision_type=2 2 2 2 2 2
left_child=1 -1 5 4 -3 -2
right_child=2 3 -4 -5 -6 -7
leaf_value=-0.01043752368849736 0.0096756374320185051 -0.0049971596705775346 0.013599975446413715 -0.0079505630570145137 -0.0026074836868092144 0.0063531368338434245
leaf_weight=6.7538930103182819 2.5411289220210143 16.726948082447059 10.36090874299407 1.1736699731554825 1.224166439147665 0.17460229760035861
leaf_count=26 32 32 78 10 18 14
internal_value=0 -0.0643791 0.127406 -0.0502545 -0.048342 0.0946202
internal_weight=0 25.8787 13.0766 19.1248 17.9511 2.71573
internal_count=210 86 124 60 50 46
shrinkage=0.1


Tree=74
num_leaves=7
num_cat=0
split_feature=0 0 0 0 0 0
split_gain=0.0384416 0.0202319 0.00554086 0.000667828 0.00014007 0.000332485
threshold=0.75000000000000011 1.0000000180025095e-35 0.35000000000000003 0.45000000000000007 0.15000000000000005 0.25000000000000006
decision_type=2 2 2 2 2 2
left_child=1 -1 4 -4 -3 -6
right_child=-2 2 3 -5 5 -7
leaf_value=0.0030354719600652995 0.0044226393268393142 -0.0042803076479459509 0.0012226721474196192 -0.0065988823177643907 -0.002295853357557854 -0.004596784674669928
leaf_weight=5.8883982077240971 13.22016786970198 16.29032941907645 2.3598051061853762 0.11445856804493804 1.2220009419834232 1.2919757748022676
leaf_count=26 78 32 32 14 18 10
internal_value=0 -0.0215217 -0.0358775 0.0086085 -0.0417309 -0.0347834
internal_weight=0 27.167 21.2786 2.47426 18.8043 2.51398
internal_count=210 132 106 46 60 28
shrinkage=0.1


Tree=75
num_leaves=7
num_cat=0
split_feature=0 0 0 0 0 0
split_gain=0.0945374 0.0296226 0.00312562 0.000876341 0.00034732 0.00173225
threshold=0.35000000000000003 1.0000000180025095e-35 0.75000000000000011 0.45000000000000007 0.25000000000000006 0.15000000000000005
decision_type=2 2 2 2 2 2
left_child=1 -1 3 -2 5 -3
right_child=2 4 -4 -5 -6 -7
leaf_value=0.002388861290996757 0.0031571586182400006 -0.0058816444042119487 0.006571002361179335 -0.0058662935797207313 -0.0072538950044513748 -0.0019766277705576766
leaf_weight=5.8555117547512081 2.4437964935787035 16.638462938368328 13.596258709207177 0.11258705129148427 1.3940927328076202 1.2192066230345506
leaf_count=26 32 32 78 14 10 18
internal_value=0 -0.0383937 0.0596782 0.0275975 -0.0573371 -0.0561504
internal_weight=0 25.1073 16.1526 2.55638 19.2518 17.8577
internal_count=210 86 124 46 60 50
shrinkage=0.1


Tree=76
num_leaves=7
num_cat=0
split_feature=0 0 0 0 0 0
split_gain=0.918261 0.0683336 0.0642477 0.0225824 0.0208564 0.000693218
threshold=0.15000000000000005 0.75000000000000011 0.35000000000000003 1.0000000180025095e-35 0.25000000000000006 0.45000000000000007
decision_type=2 2 2 2 2 2
left_child=3 2 4 -1 -2 -4
right_child=1 -3 5 -5 -6 -7
leaf_value=0.01472096010778386 -0.001705764464133558 -0.013729477775384628 0.0093147313667125507 0.022600686313990436 -0.018664367827866197 0.0012340314545710449
leaf_weight=5.9307652413845036 1.2160593933658701 21.157672056928277 2.8028920285869394 9.4041399955749512 1.7966208891011775 0.11034205631585781
leaf_count=26 18 78 32 32 10 14
internal_value=0 -0.110712 -0.0157997 0.195532 -0.118191 0.0900867
internal_weight=0 27.0836 5.92591 15.3349 3.01268 2.91323
internal_count=210 152 74 58 28 46
shrinkage=0.1


Tree=77
num_leaves=7
num_cat=0
split_feature=0 0 0 0 0 0
split_gain=0.283679 0.0316267 0.100279 0.012783 0.00112545 0.000927361
threshold=0.75000000000000011 0.25000000000000006 0.35000000000000003 1.0000000180025095e-35 0.15000000000000005 0.45000000000000007
decision_type=2 2 2 2 2 2
left_child=1 3 -3 -1 -5 -4
right_child=-2 2 5 4 -6 -7
leaf_value=-0.010109778100198056 0.014237487117541803 0.03581046647308176 -0.0046887566748342498 -0.005238818952303239 -0.0020958132722422268 0.002869031197088796
leaf_weight=6.8172322660684648 10.322545064613221 0.76096381014212866 3.2625237866304819 16.783981285989288 1.2222572565078724 0.17085485591087479
leaf_count=26 78 10 32 32 18 14
internal_value=0 -0.0506472 0.0296673 -0.0642177 -0.0502547 -0.0431266
internal_weight=0 29.0178 4.19434 24.8235 18.0062 3.43338
internal_count=210 132 56 76 50 46
shrinkage=0.1


Tree=78
num_leaves=7
num_cat=0
split_feature=0 0 0 0 0 0
split_gain=0.0601024 0.0289306 0.00259576 0.000708545 0.000262223 0.00105786
threshold=0.35000000000000003 1.0000000180025095e-35 0.75000000000000011 0.45000000000000007 0.25000000000000006 0.15000000000000005
decision_type=2 2 2 2 2 2
left_child=1 -1 3 -2 5 -3
right_child=2 4 -4 -5 -6 -7
leaf_value=0.0031213491936715461 0.0022340534534552067 -0.0050612430250138382 0.005364188065898114 -0.0058383634040548851 -0.006295411472293011 -0.002008894073185297
leaf_weight=5.7848187163472202 2.4168672231025972 16.472339734435089 13.337514175102115 0.11385495623107988 1.352674783905967 1.2194839699659485
leaf_count=26 32 32 78 14 10 18
internal_value=0 -0.0307216 0.0480706 0.0187088 -0.0495345 -0.0485085
internal_weight=0 24.8293 15.8682 2.53072 19.0445 17.6918
internal_count=210 86 124 46 60 50
shrinkage=0.1


Tree=79
num_leaves=7
num_cat=0
split_feature=0 0 0 0 0 0
split_gain=0.173646 0.049552 0.00432158 0.00410973 0.00095706 0.00139266
threshold=0.35000000000000003 1.0000000180025095e-35 0.25000000000000006 0.15000000000000005 0.75000000000000011 0.45000000000000007
decision_type=2 2 2 2 2 2
left_child=1 -1 3 -3 5 -2
right_child=4 2 -4 -5 -6 -7
leaf_value=0.0030833326344887448 0.0066019737167403482 -0.007552994493366369 -0.012594877763876661 -0.0015326949297577749 0.0081863158323851361 -0.0048907151328507915
leaf_weight=5.5820706039667156 2.6055712297093137 16.949063532054431 1.5850285883061577 1.215204001055098 14.165849672630429 0.10988598701078434
leaf_count=26 32 32 10 18 78 14
internal_value=0 -0.0523582 -0.0758721 -0.0715023 0.0785666 0.061369
internal_weight=0 25.3314 19.7493 18.1643 16.8813 2.71546
internal_count=210 86 60 50 124 46
shrinkage=0.1


Tree=80
num_leaves=7
num_cat=0
split_feature=0 0 0 0 0 0
split_gain=0.662317 0.0834635 0.0346887 0.0476834 0.00636539 0.000790964
threshold=0.35000000000000003 0.25000000000000006 1.0000000180025095e-35 0.15000000000000005 0.45000000000000007 0.75000000000000011
decision_type=2 2 2 2 2 2
left_child=1 2 -1 -4 -2 -6
right_child=4 -3 3 -5 5 -7
leaf_value=0.0073932974827890276 -0.015342116064480979 0.044515492060141423 0.019260024994733012 -0.0018316648057978885 -0.0023608096502603501 -0.010469508111790669
leaf_weight=6.5594345182180449 3.0200765961781171 0.88840894307941087 8.9210171923041326 1.2182508880505345 0.12101919291308404 20.154847720637918
leaf_count=26 32 10 32 18 14 78
internal_value=0 0.146489 0.130599 0.167258 -0.110591 -0.104211
internal_weight=0 17.5871 16.6987 10.1393 23.2959 20.2759
internal_count=210 86 76 50 124 92
shrinkage=0.1


Tree=81
num_leaves=7
num_cat=0
split_feature=0 0 0 0 0 0
split_gain=0.667626 0.107759 0.0230558 0.00317348 2.49638e-05 1.66762e-05
threshold=0.35000000000000003 1.0000000180025095e-35 0.75000000000000011 0.15000000000000005 0.45000000000000007 0.25000000000000006
decision_type=2 2 2 2 2 2
left_child=1 -1 4 -3 -2 -5
right_child=2 3 -4 5 -6 -7
leaf_value=-0.020016043325032422 0.0085028453304444047 -0.0060760563604268687 0.019137987890814875 -0.0018645193235003199 0.0071799099198606459 -0.0024026533875954412
leaf_weight=7.140858098864558 2.2611087651457615 16.537087731063369 11.91287692822516 1.2168077575042835 0.15224135888274748 1.0932372761890292
leaf_count=26 32 32 78 18 14 10
internal_value=0 -0.095547 0.173324 -0.0559107 0.0841939 -0.0211919
internal_weight=0 25.988 14.3262 18.8471 2.41335 2.31005
internal_count=210 86 124 60 46 28
shrinkage=0.1


Tree=82
num_leaves=7
num_cat=0
split_feature=0 0 0 0 0 0
split_gain=0.914695 0.054138 0.00126421 0.000622785 0.000165153 8.65643e-05
threshold=0.15000000000000005 0.75000000000000011 0.35000000000000003 1.0000000180025095e-35 0.25000000000000006 0.45000000000000007
decision_type=2 2 2 2 2 2
left_child=3 2 4 -1 -2 -4
right_child=1 -3 5 -5 -6 -7
leaf_value=0.019986235217099121 -0.0023195025066764618 -0.013210429905936233 -3.5500290691953245e-05 0.021427067784904726 -0.0039898197881220931 0.0026036506612363733
leaf_weight=4.4526535980403397 1.2208716470049721 21.108639614656568 2.3345442337449644 9.194919690489769 1.1491200043819845 0.13127095933305089
leaf_count=26 18 78 32 32 10 14
internal_value=0 -0.11024 -0.0148014 0.20957 -0.0312938 0.00104998
internal_weight=0 25.9444 4.83581 13.6476 2.36999 2.46582
internal_count=210 152 74 58 28 46
shrinkage=0.1


Tree=83
num_leaves=7
num_cat=0
split_feature=0 0 0 0 0 0
split_gain=0.0138193 0.0129296 0.00160381 0.000337684 9.04513e-05 7.42979e-05
threshold=0.75000000000000011 1.0000000180025095e-35 0.25000000000000006 0.45000000000000007 0.15000000000000005 0.35000000000000003
decision_type=2 2 2 2 2 2
left_child=1 -1 4 5 -3 -4
right_child=-2 2 3 -5 -6 -7
leaf_value=0.0027138225757102489 0.0026418597807157489 -0.0029722762551039356 -0.0010243246590424531 -0.0059683294618575501 -0.0020786775649529556 -3.4748208778955563e-05
leaf_weight=6.1530919820070293 13.242149127647279 15.887523032724861 1.154535974608734 0.11147053679451337 1.2197001030435792 2.2130182513501495
leaf_count=26 78 32 10 14 18 32
internal_value=0 -0.0130833 -0.0251052 -0.00553262 -0.0290857 -0.00374016
internal_weight=0 26.7393 20.5862 3.47902 17.1072 3.36755
internal_count=210 132 106 56 50 42
shrinkage=0.1


Tree=84
num_leaves=7
num_cat=0
split_feature=0 0 0 0 0 0
split_gain=0.0285295 0.00959674 0.00290958 0.000311395 0.000376482 4.23769e-05
threshold=0.75000000000000011 1.0000000180025095e-35 0.15000000000000005 0.35000000000000003 0.45000000000000007 0.25000000000000006
decision_type=2 2 2 2 2 2
left_child=1 -1 -3 5 -5 -4
right_child=-2 2 3 4 -6 -7
leaf_value=0.0015612779356493881 0.0037793200119546505 -0.0035472675911250003 -0.0019341031579208946 0.00038997051418494864 -0.0056010017050654838 -0.0010897159270484831
leaf_weight=6.2600614652037647 13.361659439280627 16.039458639919761 1.2183748928364357 2.2114248899742965 0.11011687852442252 1.1604524177964777
leaf_count=26 78 32 18 32 14 10
internal_value=0 -0.018703 -0.0290608 -0.00718114 0.00105803 -0.0152219
internal_weight=0 26.9999 20.7398 4.70037 2.32154 2.37883
internal_count=210 132 106 74 46 28
shrinkage=0.1


Tree=85
num_leaves=7
num_cat=0
split_feature=0 0 0 0 0 0
split_gain=0.0592403 0.0135491 0.00710766 0.000904282 0.000412236 6.88335e-07
threshold=0.75000000000000011 1.0000000180025095e-35 0.15000000000000005 0.35000000000000003 0.45000000000000007 0.25000000000000006
decision_type=2 2 2 2 2 2
left_child=1 -1 -3 5 -5 -4
right_child=-2 2 3 4 -6 -7
leaf_value=0.0014682655783289059 0.0054107320522680099 -0.0048694434126895 -0.0017893894079039703 0.0012165612341994304 -0.0050039318282334563 -0.0018967102527687901
leaf_weight=6.0935196131467846 13.521824499592183 16.401649557054046 1.2170619252137831 2.2372465166263287 0.11186285357689474 1.1742208134382963
leaf_count=26 78 32 18 32 14 10
internal_value=0 -0.026863 -0.0388372 -0.00473159 0.00920346 -0.0184209
internal_weight=0 27.2356 21.142 4.74039 2.34911 2.39128
internal_count=210 132 106 74 46 28
shrinkage=0.1


Tree=86
num_leaves=7
num_cat=0
split_feature=0 0 0 0 0 0
split_gain=0.145016 0.0350243 0.00601583 0.00568952 0.000508863 0.000162104
threshold=0.35000000000000003 1.0000000180025095e-35 0.75000000000000011 0.15000000000000005 0.45000000000000007 0.25000000000000006
decision_type=2 2 2 2 2 2
left_child=1 -1 4 -3 -2 -5
right_child=2 3 -4 5 -6 -7
leaf_value=0.002068785527032544 0.0028586122291237707 -0.0074974242920235537 0.0079530412654385541 -0.0014963822863576937 -0.00400930857529401 -0.003134119635703249
leaf_weight=5.6999827995896366 2.2728709003422423 16.939380705356601 14.429047057405114 1.2142037042649454 0.11325810413109128 1.203336363658309
leaf_count=26 32 32 78 18 14 10
internal_value=0 -0.0482095 0.0718387 -0.0684975 0.0253262 -0.0231157
internal_weight=0 25.0569 16.8152 19.3569 2.38613 2.41754
internal_count=210 86 124 60 46 28
shrinkage=0.1


Tree=87
num_leaves=7
num_cat=0
split_feature=0 0 0 0 0 0
split_gain=0.521736 0.0513775 0.0366011 0.00328747 0.000901444 1.86113e-06
threshold=0.15000000000000005 1.0000000180025095e-35 0.75000000000000011 0.35000000000000003 0.25000000000000006 0.45000000000000007
decision_type=2 2 2 2 2 2
left_child=1 -1 3 4 -2 -5
right_child=2 -3 -4 5 -6 -7
leaf_value=0.0077472683056517685 -0.0017845206733189225 0.019437374995673013 -0.01070995169998557 0.0013797919790938728 -0.0055908627739479433 0.0017837694049241159
leaf_weight=6.5024840086698505 1.2166690402664271 8.9124932289123535 20.338868426159024 2.386717705521733 1.2733834350947291 0.11976372421486292
leaf_count=26 18 32 78 32 10 14
internal_value=0 0.145061 -0.0882607 -0.0115754 -0.0373104 0.0139909
internal_weight=0 15.415 25.3354 4.99653 2.49005 2.50648
internal_count=210 58 152 74 28 46
shrinkage=0.1


Tree=88
num_leaves=7
num_cat=0
split_feature=0 0 0 0 0 0
split_gain=0.680921 0.0826548 0.0149771 0.00479976 0.00233862 0.00018546
threshold=0.35000000000000003 1.0000000180025095e-35 0.75000000000000011 0.25000000000000006 0.15000000000000005 0.45000000000000007
decision_type=2 2 2 2 2 2
left_child=1 -1 5 4 -3 -2
right_child=2 3 -4 -5 -6 -7
leaf_value=-0.018802968293902336 0.011061859163744742 -0.0060176664149536223 0.019145405534165553 -0.01177119596182759 -0.0014722632214424517 0.007395975441658144
leaf_weight=7.069693066179755 2.5449833488091804 16.543102249503143 11.575620034709573 1.4085564427077759 1.2150542396120716 0.14591647358611215
leaf_count=26 32 32 78 10 18 14
internal_value=0 -0.0956119 0.175832 -0.0615234 -0.0570666 0.108631
internal_weight=0 26.2364 14.2665 19.1667 17.7582 2.6909
internal_count=210 86 124 60 50 46
shrinkage=0.1


Tree=89
num_leaves=7
num_cat=0
split_feature=0 0 0 0 0 0
split_gain=1.1471 0.0516017 0.0591651 0.00221206 0.00224571 0.00034499
threshold=0.35000000000000003 0.25000000000000006 0.15000000000000005 0.45000000000000007 0.75000000000000011 1.0000000180025095e-35
decision_type=2 2 2 2 2 2
left_child=1 2 5 -2 -5 -1
right_child=3 -3 -4 4 -6 -7
leaf_value=0.020547691604582169 -0.016225090391826437 0.043320061809309147 -0.0017283225484577829 -0.00012855019241653256 -0.013445982173071995 0.021618007914083203
leaf_weight=4.4569564722478328 3.1036812998354462 0.95962992566637761 1.2176120299845941 0.12739389744820329 20.928964981809258 9.2856568098068237
leaf_count=26 32 10 18 14 78 32
internal_value=0 0.208409 0.19399 -0.137328 -0.133654 0.212709
internal_weight=0 15.9199 14.9602 24.16 21.0564 13.7426
internal_count=210 86 76 124 92 58
shrinkage=0.1


Tree=90
num_leaves=7
num_cat=0
split_feature=0 0 0 0 0 0
split_gain=0.778072 0.280019 0.0393754 0.00213629 0.000127872 1.15232e-07
threshold=0.35000000000000003 1.0000000180025095e-35 0.75000000000000011 0.15000000000000005 0.25000000000000006 0.45000000000000007
decision_type=2 2 2 2 2 2
left_child=1 -1 5 -3 -5 -2
right_child=2 3 -4 4 -6 -7
leaf_value=-0.027140217636478659 0.0066782454175452026 -0.0042829648824326541 0.020981231582115397 -0.0017131807319236596 -0.00021373814773522051 0.0067707973441111782
leaf_weight=7.236161075532439 2.1521564396098234 15.839733183383943 11.972581177949905 1.2160400116117662 1.0684585601557046 0.14349385397508729
leaf_count=26 32 32 78 18 10 14
internal_value=0 -0.105102 0.186809 -0.0387066 -0.0101189 0.0668403
internal_weight=0 25.3604 14.2682 18.1242 2.2845 2.29565
internal_count=210 86 124 60 28 46
shrinkage=0.1


Tree=91
num_leaves=7
num_cat=0
split_feature=0 0 0 0 0 0
split_gain=0.0860829 0.0886471 0.00481722 0.00282255 0.000459192 0.000133423
threshold=0.35000000000000003 1.0000000180025095e-35 0.15000000000000005 0.75000000000000011 0.45000000000000007 0.25000000000000006
decision_type=2 2 2 2 2 2
left_child=1 -1 -3 4 -2 -4
right_child=3 2 5 -5 -6 -7
leaf_value=0.010962494680134339 0.0023703628680571461 -0.0072854233730292664 -0.0017081918574773818 0.0057268896662267489 -0.0037610899886746417 -0.0032246638394132473
leaf_weight=3.3341840058565166 2.2760206714738174 16.922859080135826 1.2163093796698368 15.276103431358933 0.12906929524615396 1.1093284997623414
leaf_count=26 32 32 18 78 14 10
internal_value=0 -0.0409137 -0.0669897 0.0522556 0.0204132 -0.0243155
internal_weight=0 22.5827 19.2485 17.6812 2.40509 2.32564
internal_count=210 86 60 124 46 28
shrinkage=0.1


Tree=92
num_leaves=7
num_cat=0
split_feature=0 0 0 0 0 0
split_gain=0.871837 0.0513565 0.00103832 0.000204073 0.00018646 0.000166601
threshold=0.15000000000000005 0.75000000000000011 0.35000000000000003 0.25000000000000006 0.45000000000000007 1.0000000180025095e-35
decision_type=2 2 2 2 2 2
left_child=5 2 3 -2 -4 -1
right_child=1 -3 4 -5 -6 -7
leaf_value=0.020253738474017628 -0.0020460195834190258 -0.012893366139477428 -0.00021636646633923248 -0.0039083680883689282 0.0036377419487292686 0.021010262267426551
leaf_weight=4.2969023585319492 1.2191430518869337 20.916192816570401 2.3315858722198759 1.1372534316033125 0.13267002976499487 9.0247768089175224
leaf_count=26 18 78 32 10 14 32
internal_value=0 -0.107488 -0.0144401 -0.0294483 -8.86988e-05 0.207662
internal_weight=0 25.7368 4.82065 2.3564 2.46426 13.3217
internal_count=210 152 74 28 46 58
shrinkage=0.1


Tree=93
num_leaves=7
num_cat=0
split_feature=0 0 0 0 0 0
split_gain=0.018567 0.0323479 0.00370629 0.000668664 0.000330325 1.08662e-05
threshold=0.75000000000000011 1.0000000180025095e-35 0.15000000000000005 0.35000000000000003 0.45000000000000007 0.25000000000000006
decision_type=2 2 2 2 2 2
left_child=1 -1 -3 5 -5 -4
right_child=-2 2 3 4 -6 -7
leaf_value=0.0053632279362296918 0.003089535172476259 -0.0040148423532346857 -0.0018201546540926557 0.00061785037322668543 -0.0047814384408178317 -0.002248984788019008
leaf_weight=5.4239908792078522 13.031284792348741 16.283772483468059 1.2180566049646577 2.2569759537000214 0.11929920152761032 1.1475968763697892
leaf_count=26 78 32 18 32 14 10
internal_value=0 -0.0152216 -0.0329838 -0.0083804 0.00346783 -0.0202818
internal_weight=0 26.4497 21.0257 4.74193 2.37628 2.36565
internal_count=210 132 106 74 46 28
shrinkage=0.1


Tree=94
num_leaves=7
num_cat=0
split_feature=0 0 0 0 0 0
split_gain=0.0406574 0.0266874 0.0025355 0.00168322 0.000350372 2.12433e-05
threshold=0.35000000000000003 1.0000000180025095e-35 0.75000000000000011 0.15000000000000005 0.45000000000000007 0.25000000000000006
decision_type=2 2 2 2 2 2
left_child=1 -1 4 -3 -2 -5
right_child=2 3 -4 5 -6 -7
leaf_value=0.0034350953295688158 0.0012297463679998304 -0.0047293394707863864 0.0045073190589017143 -0.0015908244801804 -0.004419820185859979 -0.0021885646995655054
leaf_weight=5.7170545533299473 2.2486294666305162 16.392372235655788 13.336509814485908 1.2158802143530911 0.11540802003582928 1.1635169186629355
leaf_count=26 32 32 78 18 14 10
internal_value=0 -0.0254676 0.0397229 -0.0436857 0.00953945 -0.0188312
internal_weight=0 24.4888 15.7005 18.7718 2.36404 2.3794
internal_count=210 86 124 60 46 28
shrinkage=0.1


Tree=95
num_leaves=7
num_cat=0
split_feature=0 0 0 0 0 0
split_gain=0.100047 0.0316103 0.00439939 0.00412555 0.000410298 0.000136012
threshold=0.35000000000000003 1.0000000180025095e-35 0.75000000000000011 0.15000000000000005 0.45000000000000007 0.25000000000000006
decision_type=2 2 2 2 2 2
left_child=1 -1 4 -3 -2 -5
right_child=2 3 -4 5 -6 -7
leaf_value=0.0025392743020907459 0.0024021566947453592 -0.0064977688527713545 0.0067610214547616683 -0.0013219617438840383 -0.0037481834035069067 -0.0028266861256839339
leaf_weight=5.70418453216553 2.2641709593590362 16.742967918515209 13.942075693979859 1.2132660400820887 0.11392563104163844 1.1897983518429101
leaf_count=26 32 32 78 18 14 10
internal_value=0 -0.0399492 0.0608294 -0.0594165 0.0210752 -0.0206698
internal_weight=0 24.8502 16.3202 19.146 2.3781 2.40306
internal_count=210 86 124 60 46 28
shrinkage=0.1


Tree=96
num_leaves=7
num_cat=0
split_feature=0 0 0 0 0 0
split_gain=0.774194 0.0605929 0.0311462 0.00314621 0.000622233 4.34049e-06
threshold=0.15000000000000005 0.75000000000000011 1.0000000180025095e-35 0.35000000000000003 0.25000000000000006 0.45000000000000007
decision_type=2 2 2 2 2 2
left_child=2 3 -1 4 -2 -5
right_child=1 -3 -4 5 -6 -7
leaf_value=0.01237427103672647 -0.0013703169596109273 -0.012773837694530887 0.021609583806631971 0.0020479363203409827 -0.0045534768357656267 0.0026700093389627746
leaf_weight=6.0793591588735554 1.2129556200234246 21.186285646632314 9.144959345459938 2.3414068641141061 1.2438146134372801 0.1178081253892741
leaf_count=26 18 78 32 32 10 14
internal_value=0 -0.10453 0.179217 -0.00450818 -0.0298189 0.0207774
internal_weight=0 26.1023 15.2243 4.91599 2.45677 2.45921
internal_count=210 152 58 74 28 46
shrinkage=0.1


Tree=97
num_leaves=7
num_cat=0
split_feature=0 0 0 0 0 0
split_gain=0.446368 0.0230178 0.00939481 0.00345662 0.00192059 0.000267058
threshold=0.35000000000000003 1.0000000180025095e-35 0.25000000000000006 0.75000000000000011 0.15000000000000005 0.45000000000000007
decision_type=2 2 2 2 2 2
left_child=1 -1 4 5 -3 -2
right_child=3 2 -4 -5 -6 -7
leaf_value=-0.012594515732673223 0.011929428040357595 -0.0055119090053389391 -0.013783774867554013 0.015634270266596615 -0.0013937252809394112 0.007723995984492144
leaf_weight=6.8466394990682629 2.6479411919135578 16.702958598732955 1.3840804416686285 10.633118046447635 1.2148242138791818 0.16013434872729693
leaf_count=26 32 32 10 78 18 14
internal_value=0 -0.0761291 -0.0584587 0.148102 -0.052327 0.116896
internal_weight=0 26.1485 19.3019 13.4412 17.9178 2.80808
internal_count=210 86 60 124 50 46
shrinkage=0.1


Tree=98
num_leaves=7
num_cat=0
split_feature=0 0 0 0 0 0
split_gain=0.0835013 0.0530575 0.0329257 0.239981 0.00354957 0.000737199
threshold=0.75000000000000011 1.0000000180025095e-35 0.35000000000000003 0.25000000000000006 0.15000000000000005 0.45000000000000007
decision_type=2 2 2 2 2 2
left_child=1 -1 3 4 -3 -4
right_child=-2 2 5 -5 -6 -7
leaf_value=0.0060902076237311642 0.0063256216861017041 -0.0067113456982647417 -0.015119234107132987 0.045491690325077945 -0.0011096962940878201 -0.007067969611496268
leaf_weight=4.9835919402539757 13.815113710239528 16.782445244491111 3.0223881963174786 0.94017073209397406 1.2129717204952601 0.11817173712188368
leaf_count=26 78 32 32 10 18 14
internal_value=0 -0.0322949 -0.0533337 -0.0376058 -0.0633377 -0.148163
internal_weight=0 27.0597 22.0761 18.9356 17.9954 3.14056
internal_count=210 132 106 60 50 46
shrinkage=0.1


Tree=99
num_leaves=7
num_cat=0
split_feature=0 0 0 0 0 0
split_gain=0.839083 0.0658946 0.017678 0.000978106 2.82525e-05 1.22596e-07
threshold=0.15000000000000005 0.75000000000000011 1.0000000180025095e-35 0.35000000000000003 0.45000000000000007 0.25000000000000006
decision_type=2 2 2 2 2 2
left_child=2 3 -1 5 -5 -2
right_child=1 -3 -4 4 -6 -7
leaf_value=0.014544563649838077 -0.0014387375359616245 -0.013177208183155204 0.021644950033862201 0.0013716902639688429 0.0029346960481220303 -0.0014851530494565605
leaf_weight=5.6614016890525791 1.2126253484166254 21.383595751598477 9.2120786085724831 2.199713018490002 0.12206459254957724 1.0722016389481723
leaf_count=26 18 78 32 32 14 10
internal_value=0 -0.108401 0.189423 8.36066e-05 0.0145386 -0.0146052
internal_weight=0 25.9902 14.8735 4.6066 2.32178 2.28483
internal_count=210 152 58 74 46 28
shrinkage=0.1


end of trees

feature importances:
geographical=600

parameters:
[boosting: gbdt]
[objective: lambdarank]
[metric: ndcg]
[tree_learner: serial]
[device_type: cpu]
[data: ]
[valid: ]
[num_iterations: 100]
[learning_rate: 0.1]
[num_leaves: 16]
[num_threads: -1]
[max_depth: -1]
[min_data_in_leaf: 5]
[min_sum_hessian_in_leaf: 0.001]
[bagging_fraction: 1]
[pos_bagging_fraction: 1]
[neg_bagging_fraction: 1]
[bagging_freq: 0]
[bagging_seed: 3]
[feature_fraction: 1]
[feature_fraction_bynode: 1]
[feature_fraction_seed: 2]
[early_stopping_round: 0]
[first_metric_only: 0]
[max_delta_step: 0]
[lambda_l1: 0]
[lambda_l2: 0]
[min_gain_to_split: 0]
[drop_rate: 0.1]
[max_drop: 50]
[skip_drop: 0.5]
[xgboost_dart_mode: 0]
[uniform_drop: 0]
[drop_seed: 4]
[top_rate: 0.2]
[other_rate: 0.1]
[min_data_per_group: 100]
[max_cat_threshold: 32]
[cat_l2: 10]
[cat_smooth: 10]
[max_cat_to_onehot: 4]
[top_k: 20]
[monotone_constraints: ]
[feature_contri: ]
[forcedsplits_filename: ]
[forcedbins_filename: ]
[refit_decay_rate: 0.9]
[cegb_tradeoff: 1]
[cegb_penalty_split: 0]
[cegb_penalty_feature_lazy: ]
[cegb_penalty_feature_coupled: ]
[verbosity: -1]
[max_bin: 255]
[max_bin_by_feature: ]
[min_data_in_bin: 3]
[bin_construct_sample_cnt: 200000]
[histogram_pool_size: -1]
[data_random_seed: 1]
[output_model: LightGBM_model.txt]
[snapshot_freq: -1]
[input_model: ]
[output_result: LightGBM_predict_result.txt]
[initscore_filename: ]
[valid_data_initscores: ]
[pre_partition: 0]
[enable_bundle: 1]
[max_conflict_rate: 0]
[is_enable_sparse: 1]
[sparse_threshold: 0.8]
[use_missing: 1]
[zero_as_missing: 0]
[two_round: 0]
[save_binary: 0]
[header: 0]
[label_column: ]
[weight_column: ]
[group_column: ]
[ignore_column: ]
[categorical_feature: ]
[predict_raw_score: 0]
[predict_leaf_index: 0]
[predict_contrib: 0]
[num_iteration_predict: -1]
[pred_early_stop: 0]
[pred_early_stop_freq: 10]
[pred_early_stop_margin: 10]
[convert_model_language: ]
[convert_model: gbdt_prediction.cpp]
[num_class: 1]
[is_unbalance: 0]
[scale_pos_weight: 1]
[sigmoid: 1]
[boost_from_average: 1]
[reg_sqrt: 0]
[alpha: 0.9]
[fair_c: 1]
[poisson_max_delta_step: 0.7]
[tweedie_variance_power: 1.5]
[max_position: 20]
[lambdamart_norm: 1]
[label_gain: ]
[metric_freq: 1]
[is_provide_training_metric: 0]
[eval_at: 1]
[multi_error_top_k: 1]
[num_machines: 1]
[local_listen_port: 12400]
[time_out: 120]
[machine_list_filename: ]
[machines: ]
[gpu_platform_id: -1]
[gpu_device_id: -1]
[gpu_use_dp: 0]

end of parameters

pandas_categorical:null
