tree
version=v3
num_class=1
num_tree_per_iteration=1
label_index=0
max_feature_idx=0
objective=lambdarank
feature_names=geographical
feature_infos=[0:0.5]
tree_sizes=746 753 744 746 748 755 756 750 756 758 759 762 750 739 757 760 762 763 761 761 760 765 764 764 763 749 757 746 764 762 765 765 765 766 762 759 762 745 747 764 764 763 748 765 764 765 766 762 760 748 761 760 748 764 768 769 766 767 756 762 765 767 765 758 746 768 760 765 766 758 759 750 747 761 765 765 767 766 752 761 759 748 745 766 760 759 755 747 750 764 765 764 761 765 762 765 769 759 766 757

Tree=0
num_leaves=6
num_cat=0
split_feature=0 0 0 0 0
split_gain=0.299273 0.778705 0.090192 0.0203369 0.0123481
threshold=0.15000000000000005 0.35000000000000003 1.0000000180025095e-35 0.25000000000000006 0.45000000000000007
decision_type=2 2 2 2 2
left_child=2 3 -1 -2 -3
right_child=1 4 -4 -5 -6
leaf_value=0.0031729779475161042 -0.055642120285642097 0.013589085760323708 0.028909826800616573 -0.039654915864770636 0.027984177804420043
leaf_weight=2.4308418333530426 1.9763522557914257 3.3313727015629411 3.0956201991066337 1.3319148384034634 0.72570404410362221
leaf_count=26 44 50 42 32 16
internal_value=0 -0.131979 0.175893 -0.492056 0.16164
internal_weight=0 7.36534 5.52646 3.30827 4.05708
internal_count=210 142 68 76 66
shrinkage=0.1


Tree=1
num_leaves=6
num_cat=0
split_feature=0 0 0 0 0
split_gain=0.842759 0.61276 0.0985949 0.368945 0.000193227
threshold=0.45000000000000007 1.0000000180025095e-35 0.35000000000000003 0.15000000000000005 0.25000000000000006
decision_type=2 2 2 2 2
left_child=1 -1 3 -3 -5
right_child=-2 2 -4 4 -6
leaf_value=0.038849981955101108 -0.041454506877283574 0.0041688493111285392 0.0083057251684050936 -0.019834224296104749 -0.020789949726700067
leaf_weight=4.5519503913819781 4.470876343548297 21.928673930466179 11.035711335018275 4.9002788607031089 3.7224150085821748
leaf_count=26 16 42 50 44 32
internal_value=0 0.0401695 0.00204267 -0.0272213 -0.202468
internal_weight=0 46.139 41.5871 30.5514 8.62269
internal_count=210 194 168 118 76
shrinkage=0.1


Tree=2
num_leaves=6
num_cat=0
split_feature=0 0 0 0 0
split_gain=1.50255 0.416682 0.344182 0.00570677 0.00386396
threshold=1.0000000180025095e-35 0.35000000000000003 0.15000000000000005 0.45000000000000007 0.25000000000000006
decision_type=2 2 2 2 2
left_child=-1 2 -2 -3 -4
right_child=1 3 4 -5 -6
leaf_value=-0.02783811878165493 0.012017349856290811 0.026060601466971558 -0.011895172294687914 0.019357495834646299 -0.016319464660311124
leaf_weight=13.911027461290358 14.390441529452803 11.432190425693985 4.6420708224177343 1.4288427829742438 3.4344518790021539
leaf_count=26 42 50 44 16 32
internal_value=0 0.109618 0.0274484 0.253159 -0.137766
internal_weight=0 35.328 22.467 12.861 8.07652
internal_count=210 184 118 66 76
shrinkage=0.1


Tree=3
num_leaves=6
num_cat=0
split_feature=0 0 0 0 0
split_gain=15.0506 0.567422 0.581664 0.0525795 0.0019443
threshold=0.15000000000000005 0.35000000000000003 0.45000000000000007 0.25000000000000006 1.0000000180025095e-35
decision_type=2 2 2 2 2
left_child=4 3 -3 -2 -1
right_child=1 2 -4 -5 -6
leaf_value=0.077042463619490936 -0.0074720308534776516 -0.048763466275394428 0.017552526374142202 -0.024184733785786582 0.07960517691859291
leaf_weight=3.8908790517598399 4.5537191461771718 24.572231277823452 1.3978635426610697 3.2090137214399874 12.380638375878334
leaf_count=26 44 50 16 32 42
internal_value=0 -0.381031 -0.451939 -0.143808 0.789924
internal_weight=0 33.7328 25.9701 7.76273 16.2715
internal_count=210 142 66 76 68
shrinkage=0.1


Tree=4
num_leaves=6
num_cat=0
split_feature=0 0 0 0 0
split_gain=0.310825 0.692017 0.283347 0.00653348 0.00114833
threshold=0.25000000000000006 0.15000000000000005 0.45000000000000007 1.0000000180025095e-35 0.35000000000000003
decision_type=2 2 2 2 2
left_child=1 3 4 -1 -2
right_child=2 -3 -4 -5 -6
leaf_value=0.0047892461017688646 0.017534176173336202 -0.034749751721577807 -0.017662323618259781 0.0010573535791776818 0.019865431728443315
leaf_weight=6.1980202607810559 2.811735889874396 6.4283328754827371 2.5418512653559437 19.296802252531052 8.5016614012420177
leaf_count=26 32 44 16 42 50
internal_value=0 -0.0542852 0.125076 0.0196461 0.19286
internal_weight=0 31.9232 13.8552 25.4948 11.3134
internal_count=210 112 98 68 82
shrinkage=0.1


Tree=5
num_leaves=6
num_cat=0
split_feature=0 0 0 0 0
split_gain=0.146062 0.190266 0.0193033 0.012692 0.00162049
threshold=0.35000000000000003 0.15000000000000005 0.25000000000000006 1.0000000180025095e-35 0.45000000000000007
decision_type=2 2 2 2 2
left_child=1 3 -3 -1 -2
right_child=4 2 -4 -5 -6
leaf_value=0.0047148665648607084 0.0091000169335474397 -0.012848511268342452 -0.022935168944162188 -0.00046407252892014547 0.012374235423873475
leaf_weight=6.2495273314416435 9.9662263551726902 4.5985288056544951 3.2299388730898499 19.487939588725567 1.7818321790546185
leaf_count=26 50 44 32 42 16
internal_value=0 -0.0335881 -0.170102 0.00793469 0.0959662
internal_weight=0 33.5659 7.82847 25.7375 11.7481
internal_count=210 144 76 68 66
shrinkage=0.1


Tree=6
num_leaves=6
num_cat=0
split_feature=0 0 0 0 0
split_gain=0.111184 0.124521 0.0128317 0.00944432 0.00355072
threshold=0.35000000000000003 0.15000000000000005 1.0000000180025095e-35 0.25000000000000006 0.45000000000000007
decision_type=2 2 2 2 2
left_child=1 2 -1 -3 -2
right_child=4 3 -4 -5 -6
leaf_value=0.0042731111612885854 0.0075696473954260483 -0.011128687846084138 -0.00088168354544535118 -0.01822065693186227 0.012282855312574869
leaf_weight=6.4061353765428093 9.9649575571529532 4.5516010695137075 19.615610972046852 3.1964160474017262 1.9037571959197528
leaf_count=26 50 44 42 32 16
internal_value=0 -0.0292613 0.00387344 -0.140545 0.0832565
internal_weight=0 33.7698 26.0217 7.74802 11.8687
internal_count=210 144 68 76 66
shrinkage=0.1


Tree=7
num_leaves=6
num_cat=0
split_feature=0 0 0 0 0
split_gain=0.0844453 0.0868341 0.0134101 0.0109979 0.00556807
threshold=0.35000000000000003 0.15000000000000005 1.0000000180025095e-35 0.45000000000000007 0.25000000000000006
decision_type=2 2 2 2 2
left_child=1 2 -1 -2 -3
right_child=3 4 -4 -5 -6
leaf_value=0.0040879008090429284 0.0057898730312590865 -0.0096146091129581581 -0.0011202597648277781 0.013726753174642789 -0.015066003632705986
leaf_weight=6.5959335565567043 9.9751053797081095 4.5115981558337799 19.73802012950182 2.116244636476039 3.2044560611248016
leaf_count=26 50 44 42 16 32
internal_value=0 -0.025493 0.00184242 0.07179 -0.118786
internal_weight=0 34.05 26.334 12.0914 7.71605
internal_count=210 144 68 66 76
shrinkage=0.1


Tree=8
num_leaves=6
num_cat=0
split_feature=0 0 0 0 0
split_gain=0.344425 0.360974 0.0667313 0.011377 0.00314962
threshold=0.45000000000000007 0.35000000000000003 0.15000000000000005 1.0000000180025095e-35 0.25000000000000006
decision_type=2 2 2 2 2
left_child=1 2 3 -1 -4
right_child=-2 -3 4 -5 -6
leaf_value=0.0034847253039458821 -0.031947402394189715 0.019912987841029618 -0.008866546300412002 -0.0012401809729379106 -0.012959677864330688
leaf_weight=6.8555725589394596 3.1475141234695903 9.1900898925960046 4.4844797831028691 19.856719508767128 3.2369013512507081
leaf_count=26 16 50 44 42 32
internal_value=0 0.0230505 -0.0239438 -0.00027558 -0.105824
internal_weight=0 43.6238 34.4337 26.7123 7.72138
internal_count=210 194 144 68 76
shrinkage=0.1


Tree=9
num_leaves=6
num_cat=0
split_feature=0 0 0 0 0
split_gain=0.182755 0.0264731 0.0101436 0.00565318 0.000569091
threshold=0.35000000000000003 0.15000000000000005 1.0000000180025095e-35 0.25000000000000006 0.45000000000000007
decision_type=2 2 2 2 2
left_child=1 2 -1 -3 -2
right_child=4 3 -4 -5 -6
leaf_value=0.0011176384280258756 0.011306334687440056 -0.0064016688545526475 -0.0032325123056401641 -0.011885773848546033 0.0090863975854409747
leaf_weight=7.2587063908576992 10.033784821629521 4.4435550337657324 20.494513727724552 3.2577163348905742 1.3049703910946853
leaf_count=26 50 44 42 32 16
internal_value=0 -0.0353419 -0.0209475 -0.087215 0.110508
internal_weight=0 35.4545 27.7532 7.70127 11.3388
internal_count=210 144 68 76 66
shrinkage=0.1


Tree=10
num_leaves=6
num_cat=0
split_feature=0 0 0 0 0
split_gain=0.215478 0.015277 0.0104297 0.000913875 0.000261526
threshold=0.35000000000000003 1.0000000180025095e-35 0.25000000000000006 0.45000000000000007 0.15000000000000005
decision_type=2 2 2 2 2
left_child=1 -1 4 -2 -3
right_child=3 2 -4 -5 -6
leaf_value=0.00019724293002947577 0.012292100902267948 -0.0039882458421936174 -0.010095974634256303 0.009455777498322224 -0.0048349466157246472
leaf_weight=7.6755492612719527 10.15311547555029 20.944741025567062 3.3202672582119694 1.2791057638823993 4.4173976429738095
leaf_count=26 50 42 32 16 44
internal_value=0 -0.0376528 -0.0482568 0.119748 -0.0413572
internal_weight=0 36.358 28.6824 11.4322 25.3621
internal_count=210 144 118 66 86
shrinkage=0.1


Tree=11
num_leaves=6
num_cat=0
split_feature=0 0 0 0 0
split_gain=0.291632 0.0105915 0.00409131 0.00164654 0.00159226
threshold=0.35000000000000003 1.0000000180025095e-35 0.25000000000000006 0.45000000000000007 0.15000000000000005
decision_type=2 2 2 2 2
left_child=1 -1 4 -2 -3
right_child=3 2 -4 -5 -6
leaf_value=-0.0011061661848837828 0.014237474202281634 -0.0050879131786850133 -0.0084261054920644392 0.010360145281149754 -0.0029996073426388345
leaf_weight=8.2436484247446042 10.423477273434397 21.654499441385276 3.3959858501330009 1.2238256167620427 4.3915748735889784
leaf_count=26 50 42 32 16 44
internal_value=0 -0.0427438 -0.0516146 0.138301 -0.0473581
internal_weight=0 37.6857 29.4421 11.6473 26.0461
internal_count=210 144 118 66 86
shrinkage=0.1


Tree=12
num_leaves=6
num_cat=0
split_feature=0 0 0 0 0
split_gain=2.98733 0.233252 0.199218 0.00745791 0.00332344
threshold=1.0000000180025095e-35 0.35000000000000003 0.15000000000000005 0.25000000000000006 0.45000000000000007
decision_type=2 2 2 2 2
left_child=-1 2 -2 -4 -3
right_child=1 4 3 -5 -6
leaf_value=-0.038178390890915889 0.016401722658577558 0.02695063346871996 -0.00059310656255687764 -0.0068120679692990132 0.02118458063956534
leaf_weight=14.528453834354876 14.75212759524584 11.713997509330508 4.3599649453535667 3.4575287746265531 1.0928692873567349
leaf_count=26 42 50 44 32 16
internal_value=0 0.156791 0.0956248 -0.0334363 0.264586
internal_weight=0 35.3765 22.5696 7.81749 12.8069
internal_count=210 184 118 76 66
shrinkage=0.1


Tree=13
num_leaves=6
num_cat=0
split_feature=0 0 0 0 0
split_gain=16.345 1.21174 0.95701 0.52436 0.044262
threshold=0.15000000000000005 0.35000000000000003 0.25000000000000006 0.45000000000000007 1.0000000180025095e-35
decision_type=2 2 2 2 2
left_child=4 2 -2 -3 -1
right_child=1 3 -4 -5 -6
leaf_value=0.070590302363238169 -0.025119699035678074 -0.05311455424084334 0.057281494778370572 0.017998964630589007 0.083754271578344974
leaf_weight=3.1534984502941379 5.7026428221724919 25.073487356305126 1.8721690876409409 1.0816002283245314 13.440520644187927
leaf_count=26 44 50 32 16 42
internal_value=0 -0.399737 -0.0475365 -0.501738 0.812526
internal_weight=0 33.7299 7.57481 26.1551 16.594
internal_count=210 142 76 66 68
shrinkage=0.1


Tree=14
num_leaves=6
num_cat=0
split_feature=0 0 0 0 0
split_gain=0.303528 0.266541 0.063307 0.0109146 0.0104034
threshold=0.45000000000000007 0.35000000000000003 0.15000000000000005 0.25000000000000006 1.0000000180025095e-35
decision_type=2 2 2 2 2
left_child=1 2 4 -4 -1
right_child=-2 -3 3 -5 -6
leaf_value=0.0040450086206915052 -0.030920542795941881 0.017318552610949528 -0.0072179588084246744 -0.015206867350390223 -0.00080827175171015804
leaf_weight=5.7643530033528867 2.9606473222374907 9.1098027122206968 4.3715484195854506 2.8090355331078172 18.892545476555824
leaf_count=26 16 50 44 32 42
internal_value=0 0.0223568 -0.0208006 -0.103432 0.00326341
internal_weight=0 40.9473 31.8375 7.18058 24.6569
internal_count=210 194 144 76 68
shrinkage=0.1


Tree=15
num_leaves=6
num_cat=0
split_feature=0 0 0 0 0
split_gain=0.0863581 0.0391524 0.0127631 0.00587773 0.00035698
threshold=0.35000000000000003 0.25000000000000006 1.0000000180025095e-35 0.15000000000000005 0.45000000000000007
decision_type=2 2 2 2 2
left_child=1 2 -1 -4 -2
right_child=4 -3 3 -5 -6
leaf_value=0.0025941654783848246 0.0076420270130129007 -0.013950982534340725 -0.0018697115899716375 -0.0059419943449304097 0.0059342809277382535
leaf_weight=5.854939270764592 10.109767915681001 2.8041758618783197 19.11333437263966 4.3511995708104214 1.392663603648544
leaf_count=26 50 32 42 44 16
internal_value=0 -0.0266232 -0.0158265 -0.0262486 0.0743526
internal_weight=0 32.1236 29.3195 23.4645 11.5024
internal_count=210 144 112 86 66
shrinkage=0.1


Tree=16
num_leaves=6
num_cat=0
split_feature=0 0 0 0 0
split_gain=0.0834751 0.0311033 0.0114837 0.00410895 0.000799556
threshold=0.35000000000000003 0.25000000000000006 1.0000000180025095e-35 0.15000000000000005 0.45000000000000007
decision_type=2 2 2 2 2
left_child=1 2 -1 -4 -2
right_child=4 -3 3 -5 -6
leaf_value=0.0022874030477483941 0.0076035201604046981 -0.012671687488701917 -0.0020153018721463366 -0.0054231084485574024 0.005045119489513963
leaf_weight=5.9090307746082571 10.158362087327983 2.8064536997117093 19.189558163285259 4.3380364808253935 1.3885214813053615
leaf_count=26 50 32 42 44 16
internal_value=0 -0.026128 -0.0165379 -0.0264364 0.0729587
internal_weight=0 32.2431 29.4366 23.5276 11.5469
internal_count=210 144 112 86 66
shrinkage=0.1


Tree=17
num_leaves=6
num_cat=0
split_feature=0 0 0 0 0
split_gain=0.0828845 0.0249851 0.0102116 0.00266259 0.00147846
threshold=0.35000000000000003 0.25000000000000006 1.0000000180025095e-35 0.15000000000000005 0.45000000000000007
decision_type=2 2 2 2 2
left_child=1 2 -1 -4 -2
right_child=4 -3 3 -5 -6
leaf_value=0.0019545555483977059 0.0076686314282221144 -0.011600682820868707 -0.0021722854995344285 -0.0049176532690613393 0.0041778501872346682
leaf_weight=5.9681544676423099 10.220389799680557 2.8147450671531251 19.274230606853965 4.3254554357845327 1.3767208550125367
leaf_count=26 50 32 42 44 16
internal_value=0 -0.0259794 -0.0174092 -0.0267547 0.0725423
internal_weight=0 32.3826 29.5678 23.5997 11.5971
internal_count=210 144 112 86 66
shrinkage=0.1


Tree=18
num_leaves=6
num_cat=0
split_feature=0 0 0 0 0
split_gain=0.0845885 0.0201216 0.00888328 0.00241649 0.00151105
threshold=0.35000000000000003 0.25000000000000006 1.0000000180025095e-35 0.45000000000000007 0.15000000000000005
decision_type=2 2 2 2 2
left_child=1 2 -1 -2 -4
right_child=3 -3 4 -5 -6
leaf_value=0.0015742011927773348 0.0078310149541562426 -0.010678637057168667 -0.0023470493982936207 0.0033417537086265037 -0.0044166860199644263
leaf_weight=6.0334159135818508 10.302183615975078 2.828033424448221 19.368592426180843 1.3569804802536971 4.3132948537822804
leaf_count=26 50 32 42 16 44
internal_value=0 -0.0261839 -0.0185129 0.0730852 -0.02724
internal_weight=0 32.5433 29.7153 11.6592 23.6819
internal_count=210 144 112 66 86
shrinkage=0.1


Tree=19
num_leaves=6
num_cat=0
split_feature=0 0 0 0 0
split_gain=0.088835 0.016103 0.00743226 0.00361218 0.000652084
threshold=0.35000000000000003 0.25000000000000006 1.0000000180025095e-35 0.45000000000000007 0.15000000000000005
decision_type=2 2 2 2 2
left_child=1 2 -1 -2 -4
right_child=3 -3 4 -5 -6
leaf_value=0.0011191302616211493 0.008087920648485623 -0.0098651975406365972 -0.002545887784248288 0.0025516711393677137 -0.0039063552695521898
leaf_weight=6.1065294779837158 10.414156234823164 2.8457351662218562 19.47361754626036 1.3289103321731097 4.3012984071392557
leaf_count=26 50 32 42 16 44
internal_value=0 -0.0267728 -0.0199274 0.0746141 -0.0279202
internal_weight=0 32.7272 29.8814 11.7431 23.7749
internal_count=210 144 112 66 86
shrinkage=0.1


Tree=20
num_leaves=6
num_cat=0
split_feature=0 0 0 0 0
split_gain=0.0963576 0.01263 0.00574546 0.00507163 0.00012536
threshold=0.35000000000000003 0.25000000000000006 1.0000000180025095e-35 0.45000000000000007 0.15000000000000005
decision_type=2 2 2 2 2
left_child=1 2 -1 -2 -4
right_child=3 -3 4 -5 -6
leaf_value=0.0005358221475534299 0.0084489254897519885 -0.0091247432586858308 -0.002775484680590138 0.0018105790987489106 -0.0033723697549293144
leaf_weight=6.1911320649087456 10.574544806964692 2.8675028488505623 19.589174762368206 1.2914244625717408 4.2890972644090644
leaf_count=26 50 32 42 16 44
internal_value=0 -0.0278356 -0.0217884 0.0772645 -0.028827
internal_weight=0 32.9369 30.0694 11.866 23.8783
internal_count=210 144 112 66 86
shrinkage=0.1


Tree=21
num_leaves=6
num_cat=0
split_feature=0 0 0 0 0
split_gain=0.108876 0.00947202 0.00685943 0.00366371 2.31632e-05
threshold=0.35000000000000003 0.25000000000000006 0.45000000000000007 1.0000000180025095e-35 0.15000000000000005
decision_type=2 2 2 2 2
left_child=1 3 -2 -1 -5
right_child=2 -3 -4 4 -6
leaf_value=-0.00028915469239473895 0.0089441388758318627 -0.0084250106211934944 0.0010954961811325259 -0.0030451274794040394 -0.0027883734076474881
leaf_weight=6.2974627241492298 10.820011097937819 2.8928159815259269 1.2412656135857112 19.709998205304149 4.2759764411021015
leaf_count=26 50 32 16 42 44
internal_value=0 -0.02958 0.0813641 -0.0243577 -0.0299936
internal_weight=0 33.1763 12.0613 30.2834 23.986
internal_count=210 144 66 112 86
shrinkage=0.1


Tree=22
num_leaves=6
num_cat=0
split_feature=0 0 0 0 0
split_gain=0.131401 0.00925334 0.006344 0.00108634 0.000566938
threshold=0.35000000000000003 0.45000000000000007 0.25000000000000006 1.0000000180025095e-35 0.15000000000000005
decision_type=2 2 2 2 2
left_child=2 -2 3 -1 -5
right_child=1 -3 -4 4 -6
leaf_value=-0.0016837717293375206 0.0096680046272691455 0.00031798016293348917 -0.007713395978340031 -0.0033688279709810733 -0.0020971941655829767
leaf_weight=6.4663481302559402 11.242466204799708 1.1684656757861382 2.9200394784566006 19.804533191025261 4.2601769010070702
leaf_count=26 50 16 32 42 44
internal_value=0 0.0878772 -0.0326039 -0.028345 -0.0314371
internal_weight=0 12.4109 33.4511 30.5311 24.0647
internal_count=210 66 144 112 86
shrinkage=0.1


Tree=23
num_leaves=6
num_cat=0
split_feature=0 0 0 0 0
split_gain=0.19178 0.013502 0.00247799 0.00344273 0.000810017
threshold=0.35000000000000003 0.45000000000000007 0.25000000000000006 0.15000000000000005 1.0000000180025095e-35
decision_type=2 2 2 2 2
left_child=2 -2 3 4 -1
right_child=1 -3 -4 -5 -6
leaf_value=-0.0050813620330866279 0.011116121448422103 -0.00081793552459015614 -0.0067736598303925442 -0.0010873540366920333 -0.0038278019659440778
leaf_weight=6.9922631569206777 12.232504298910495 1.0276743229478604 2.9410776128061107 4.2344692111946634 19.614638075232506
leaf_count=26 50 16 32 44 42
internal_value=0 0.101912 -0.0400023 -0.0373575 -0.0415724
internal_weight=0 13.2602 33.7824 30.8414 26.6069
internal_count=210 66 144 112 68
shrinkage=0.1


Tree=24
num_leaves=6
num_cat=0
split_feature=0 0 0 0 0
split_gain=0.431639 0.0215537 0.0036894 0.00760317 0.00336834
threshold=1.0000000180025095e-35 0.15000000000000005 0.35000000000000003 0.25000000000000006 0.45000000000000007
decision_type=2 2 2 2 2
left_child=-1 -2 3 -3 -4
right_child=1 2 4 -5 -6
leaf_value=0.028145334642018162 -0.0055028895989626602 -0.0001219323994091954 0.00034671785503941473 -0.006735002314679734 -0.0056542578083100085
leaf_weight=4.8877142034471026 21.08485285192728 4.208345892606304 13.309187987819312 2.9623741612304002 1.0060487594455487
leaf_count=26 42 44 50 32 16
internal_value=0 -0.0323147 -0.0100245 -0.0285393 -0.000750198
internal_weight=0 42.5708 21.486 7.17072 14.3152
internal_count=210 184 142 76 66
shrinkage=0.1


Tree=25
num_leaves=6
num_cat=0
split_feature=0 0 0 0 0
split_gain=3.94637 0.168462 0.226165 0.00938869 0.000801598
threshold=1.0000000180025095e-35 0.35000000000000003 0.15000000000000005 0.25000000000000006 0.45000000000000007
decision_type=2 2 2 2 2
left_child=-1 2 -2 -4 -3
right_child=1 4 3 -5 -6
leaf_value=-0.043197828112124213 0.020196969586679756 0.027887500262404438 0.0018425939118562364 -0.0054044063095737005 0.02464709571984261
leaf_weight=14.834849141538141 15.038039341568949 11.692798919975754 4.1957321749068788 3.114795443136245 0.81673406343907184
leaf_count=26 42 50 44 32 16
internal_value=0 0.183841 0.13183 -0.0124513 0.276759
internal_weight=0 34.8581 22.3486 7.31053 12.5095
internal_count=210 184 118 76 66
shrinkage=0.1


Tree=26
num_leaves=6
num_cat=0
split_feature=0 0 0 0 0
split_gain=0.163627 0.0763872 0.0287312 0.00447863 0.0118985
threshold=1.0000000180025095e-35 0.35000000000000003 0.45000000000000007 0.15000000000000005 0.25000000000000006
decision_type=2 2 2 2 2
left_child=-1 3 -3 -2 -5
right_child=1 2 -4 4 -6
leaf_value=0.021994205226751225 -0.0051452408093077134 0.0051729561197963857 -0.01320919272605324 0.0011347474330326843 -0.0067217732090411935
leaf_weight=3.166027531027793 22.654450826346878 14.944721549749371 0.90157345868647165 4.3245348404161623 3.477986988145858
leaf_count=26 42 50 16 44 32
internal_value=0 -0.0150387 0.0412711 -0.0443359 -0.0236731
internal_weight=0 46.3033 15.8463 30.457 7.80252
internal_count=210 184 66 118 76
shrinkage=0.1


Tree=27
num_leaves=6
num_cat=0
split_feature=0 0 0 0 0
split_gain=12.0692 0.934721 0.751472 0.321665 1.61251e-05
threshold=0.15000000000000005 0.35000000000000003 0.25000000000000006 0.45000000000000007 1.0000000180025095e-35
decision_type=2 2 2 2 2
left_child=4 2 -2 -3 -1
right_child=1 3 -4 -5 -6
leaf_value=0.071428517292701832 -0.020656180631402694 -0.04609551725712159 0.056130738345796106 0.020211222980702187 0.071663508112897525
leaf_weight=3.8631528019905064 5.7454430572688571 24.334421124309305 1.6378063599113373 0.75430226232856412 11.962444394826889
leaf_count=26 44 50 32 16 42
internal_value=0 -0.348981 -0.0362274 -0.44102 0.716061
internal_weight=0 32.472 7.38325 25.0887 15.8256
internal_count=210 142 76 66 68
shrinkage=0.1


Tree=28
num_leaves=6
num_cat=0
split_feature=0 0 0 0 0
split_gain=0.0828063 0.0124376 0.00917996 4.85355e-05 2.18511e-05
threshold=0.35000000000000003 0.25000000000000006 1.0000000180025095e-35 0.15000000000000005 0.45000000000000007
decision_type=2 2 2 2 2
left_child=1 2 -1 -4 -2
right_child=4 -3 3 -5 -6
leaf_value=0.0014569341287710099 0.0074431281129281688 -0.0090708552150951648 -0.0029337202293071183 -0.0025604298808570396 0.0070014334845713401
leaf_weight=6.1957432255148914 9.9946418576873803 2.688655406003817 19.427497036755089 4.243989222450181 1.2613810189068324
leaf_count=26 50 32 42 44 16
internal_value=0 -0.0255631 -0.0196987 -0.0286679 0.0739363
internal_weight=0 32.5559 29.8672 23.6715 11.256
internal_count=210 144 112 86 66
shrinkage=0.1


Tree=29
num_leaves=6
num_cat=0
split_feature=0 0 0 0 0
split_gain=0.0855661 0.0115696 0.00737992 0.00027438 0.000120002
threshold=0.35000000000000003 1.0000000180025095e-35 0.25000000000000006 0.15000000000000005 0.45000000000000007
decision_type=2 2 2 2 2
left_child=1 -1 3 -3 -2
right_child=4 2 -4 -5 -6
leaf_value=0.0012657387809235682 0.0076206520300701316 -0.0030989232644090549 -0.0084620665245072387 -0.0022110793365811574 0.0065871335171623835
leaf_weight=6.2981073148548594 10.032806427218016 19.552299097180374 2.69525600853376 4.234674686798825 1.2651096358895308
leaf_count=26 50 42 32 44 16
internal_value=0 -0.0258661 -0.0350279 -0.0294086 0.0750492
internal_weight=0 32.7803 26.4822 23.787 11.2979
internal_count=210 144 118 86 66
shrinkage=0.1


Tree=30
num_leaves=6
num_cat=0
split_feature=0 0 0 0 0
split_gain=0.0906758 0.0108459 0.00571795 0.00074323 0.000314169
threshold=0.35000000000000003 1.0000000180025095e-35 0.25000000000000006 0.15000000000000005 0.45000000000000007
decision_type=2 2 2 2 2
left_child=1 -1 3 -3 -2
right_child=4 2 -4 -5 -6
leaf_value=0.001041911998341114 0.0078994418854846475 -0.0033031249316614721 -0.0078970485063252719 -0.0018414444079430635 0.0062270549359514813
leaf_weight=6.4181972444057456 10.082001850940284 19.700745359063156 2.7032350173685691 4.2246992420405141 1.2641258183866746
leaf_count=26 50 42 32 44 16
internal_value=0 -0.0264818 -0.0353758 -0.0304502 0.0771311
internal_weight=0 33.0469 26.6287 23.9254 11.3461
internal_count=210 144 118 86 66
shrinkage=0.1


Tree=31
num_leaves=6
num_cat=0
split_feature=0 0 0 0 0
split_gain=0.0990995 0.010115 0.00424858 0.00156709 0.000624689
threshold=0.35000000000000003 1.0000000180025095e-35 0.25000000000000006 0.15000000000000005 0.45000000000000007
decision_type=2 2 2 2 2
left_child=1 -1 3 -3 -2
right_child=4 2 -4 -5 -6
leaf_value=0.00076870751194573882 0.0083073883623916954 -0.0035607942489483072 -0.0073643828602195441 -0.0014377486588843147 0.0059444054556855343
leaf_weight=6.5612362064421168 10.14835263509303 19.881658956408508 2.7119463998824349 4.2136236906517288 1.2573931775987155
leaf_count=26 50 42 32 44 16
internal_value=0 -0.0275052 -0.0361188 -0.0318953 0.0804689
internal_weight=0 33.3685 26.8072 24.0953 11.4057
internal_count=210 144 118 86 66
shrinkage=0.1


Tree=32
num_leaves=6
num_cat=0
split_feature=0 0 0 0 0
split_gain=0.112664 0.00933772 0.00292831 0.0029452 0.00107751
threshold=0.35000000000000003 1.0000000180025095e-35 0.25000000000000006 0.15000000000000005 0.45000000000000007
decision_type=2 2 2 2 2
left_child=1 -1 3 -3 -2
right_child=4 2 -4 -5 -6
leaf_value=0.00042139643408375846 0.0088923632315656299 -0.0038952619955137783 -0.0068518778774225618 -0.00098394491119100269 0.0057748499557323174
leaf_weight=6.7343886420130721 10.243204907514151 20.109417997300632 2.7202491927891961 4.2007269735913715 1.2432368248701102
leaf_count=26 50 42 32 44 16
internal_value=0 -0.029103 -0.0374037 -0.0339219 0.0855494
internal_weight=0 33.7648 27.0304 24.3101 11.4864
internal_count=210 144 118 86 66
shrinkage=0.1


Tree=33
num_leaves=6
num_cat=0
split_feature=0 0 0 0 0
split_gain=0.134861 0.00845157 0.00173772 0.00526239 0.00172794
threshold=0.35000000000000003 1.0000000180025095e-35 0.25000000000000006 0.15000000000000005 0.45000000000000007
decision_type=2 2 2 2 2
left_child=1 -1 3 -3 -2
right_child=4 2 -4 -5 -6
leaf_value=-4.1443276596394256e-05 0.0097331982019883689 -0.0043445119243956179 -0.0063433680057167555 -0.00045170013437799937 0.0057526612754216526
leaf_weight=6.9473929554224005 10.390155686065551 20.409794107079513 2.7256670063361517 4.184597961138933 1.2184370290488011
leaf_count=26 50 42 32 44 16
internal_value=0 -0.0315572 -0.0394767 -0.0368217 0.093154
internal_weight=0 34.2675 27.3201 24.5944 11.6086
internal_count=210 144 118 86 66
shrinkage=0.1


Tree=34
num_leaves=6
num_cat=0
split_feature=0 0 0 0 0
split_gain=0.173745 0.00737877 0.00409116 0.00599688 0.00274332
threshold=0.35000000000000003 1.0000000180025095e-35 0.15000000000000005 0.25000000000000006 0.45000000000000007
decision_type=2 2 2 2 2
left_child=1 -1 -3 -4 -2
right_child=4 2 3 -5 -6
leaf_value=-0.00069694967326056718 0.010984974986717655 -0.0049860195794690643 0.00021269143811928796 -0.0058238223781066816 0.0058942866192756259
leaf_weight=7.2117054834961882 10.646575337275859 20.835745282471184 4.162082750350236 2.722002224996686 1.1754524409770972
leaf_count=26 50 42 44 32 16
internal_value=0 -0.0354639 -0.0428771 -0.0217418 0.104788
internal_weight=0 34.9315 27.7198 6.88408 11.822
internal_count=210 144 118 76 66
shrinkage=0.1


Tree=35
num_leaves=6
num_cat=0
split_feature=0 0 0 0 0
split_gain=0.249951 0.00668283 0.010104 0.00667411 0.00470537
threshold=0.35000000000000003 0.15000000000000005 1.0000000180025095e-35 0.25000000000000006 0.45000000000000007
decision_type=2 2 2 2 2
left_child=1 2 -1 -3 -2
right_child=4 3 -4 -5 -6
leaf_value=-0.0017244502294001757 0.012919734061426005 0.0011291699606172311 -0.0059808844050256021 -0.0052731347474530305 0.0060434279051877586
leaf_weight=7.5272404402494457 11.196097422391173 4.1240487513132384 21.525283195078373 2.6905129356309772 1.092216273769737
leaf_count=26 50 44 42 32 16
internal_value=0 -0.0421699 -0.0487808 -0.0139858 0.123086
internal_weight=0 35.8671 29.0525 6.81456 12.2883
internal_count=210 144 68 76 66
shrinkage=0.1


Tree=36
num_leaves=6
num_cat=0
split_feature=0 0 0 0 0
split_gain=0.405179 0.0220289 0.00978924 0.00859312 0.00854562
threshold=0.35000000000000003 0.15000000000000005 0.45000000000000007 0.25000000000000006 1.0000000180025095e-35
decision_type=2 2 2 2 2
left_child=1 4 -2 -3 -1
right_child=2 3 -4 -5 -6
leaf_value=-0.0036697373522371376 0.015222460766598231 0.002699071229639896 0.0042794503805632308 -0.0047236134115904464 -0.0075170456517025521
leaf_weight=7.6997103095054653 13.082836680114266 4.0258045305963597 0.87196120247244913 2.5460212344769388 23.076635412871838
leaf_count=26 50 44 16 32 42
internal_value=0 -0.0543225 0.145387 -0.00176585 -0.0655452
internal_weight=0 37.3482 13.9548 6.57183 30.7763
internal_count=210 144 66 76 68
shrinkage=0.1


Tree=37
num_leaves=6
num_cat=0
split_feature=0 0 0 0 0
split_gain=9.66635 0.791423 0.494295 0.126438 0.0351902
threshold=0.15000000000000005 0.35000000000000003 0.45000000000000007 1.0000000180025095e-35 0.25000000000000006
decision_type=2 2 2 2 2
left_child=3 4 -3 -1 -2
right_child=1 2 -4 -5 -6
leaf_value=0.050247545755261164 0.002526654740929593 -0.04410268835629929 0.033626996429835125 0.068128664082197976 -0.011877624707094074
leaf_weight=6.3969993367791185 4.1917491685599115 23.406619705259804 0.84774091839790244 10.356856293976307 2.8486736067570746
leaf_count=26 44 50 16 42 32
internal_value=0 -0.32818 -0.413859 0.613013 -0.0330156
internal_weight=0 31.2948 24.2544 16.7539 7.04042
internal_count=210 142 66 68 76
shrinkage=0.1


Tree=38
num_leaves=6
num_cat=0
split_feature=0 0 0 0 0
split_gain=0.64805 1.05667 0.603126 0.0104258 0.00737896
threshold=0.25000000000000006 0.35000000000000003 0.15000000000000005 0.45000000000000007 1.0000000180025095e-35
decision_type=2 2 2 2 2
left_child=2 -2 4 -3 -1
right_child=1 3 -4 -5 -6
leaf_value=0.0016373912588793062 0.07540408281714725 0.0035046454138549146 -0.036006493110891866 0.011823976861603289 -0.002162978348384604
leaf_weight=6.9059362336993244 2.6116378153674278 9.5032372083514911 6.1165446969680479 1.7901295628398664 19.636088997125626
leaf_count=26 32 50 44 16 42
internal_value=0 0.180798 -0.0769783 0.0482336 -0.0117416
internal_weight=0 13.905 32.6586 11.2934 26.542
internal_count=210 98 112 66 68
shrinkage=0.1


Tree=39
num_leaves=6
num_cat=0
split_feature=0 0 0 0 0
split_gain=0.0539131 0.0206393 0.0132413 0.00263313 0.00277456
threshold=0.45000000000000007 0.35000000000000003 1.0000000180025095e-35 0.25000000000000006 0.15000000000000005
decision_type=2 2 2 2 2
left_child=1 2 -1 4 -4
right_child=-2 -3 3 -5 -6
leaf_value=0.0018953983231222772 0.015653223105580458 0.0032700950141053282 -0.0031257414141604486 -0.0060792900180749688 -0.0002829935508026969
leaf_weight=7.1376852765679351 2.0992937274277201 9.8661281634122115 20.024120643734939 2.4492513108998528 4.1438427318353197
leaf_count=26 16 50 42 32 44
internal_value=0 -0.00753322 -0.0192932 -0.0295495 -0.0263832
internal_weight=0 43.621 33.7549 26.6172 24.168
internal_count=210 194 144 118 86
shrinkage=0.1


Tree=40
num_leaves=6
num_cat=0
split_feature=0 0 0 0 0
split_gain=0.273201 0.279426 0.00899001 0.00208556 0.0030469
threshold=0.45000000000000007 0.35000000000000003 1.0000000180025095e-35 0.25000000000000006 0.15000000000000005
decision_type=2 2 2 2 2
left_child=1 2 -1 4 -4
right_child=-2 -3 3 -5 -6
leaf_value=0.00093821587703737789 -0.029874318071431351 0.017783602100133286 -0.0031766091153246911 -0.0057386131463047461 -0.00019952372110197873
leaf_weight=7.6228153631091109 2.8713989108800879 8.8919707257300598 20.356466397643096 2.4417332741431883 4.1362915157806119
leaf_count=26 16 50 42 32 44
internal_value=0 0.0197428 -0.0209363 -0.0295168 -0.0267384
internal_weight=0 43.4493 34.5573 26.9345 24.4928
internal_count=210 194 144 118 86
shrinkage=0.1


Tree=41
num_leaves=6
num_cat=0
split_feature=0 0 0 0 0
split_gain=0.164894 0.00582489 0.00553926 0.00539745 0.000657831
threshold=0.35000000000000003 1.0000000180025095e-35 0.15000000000000005 0.25000000000000006 0.45000000000000007
decision_type=2 2 2 2 2
left_child=1 -1 -3 -4 -2
right_child=4 2 3 -5 -6
leaf_value=-0.00097906589088222811 0.010332456796456014 -0.0048025868219142825 0.00073555900153291507 -0.005238130468495179 0.012687459490142036
leaf_weight=8.2244022786617261 9.7981439568102324 20.98801672458649 4.1106534474529317 2.3930619738530368 1.3494913727045066
leaf_count=26 50 42 44 32 16
internal_value=0 -0.0331392 -0.0401242 -0.0146248 0.106175
internal_weight=0 35.7161 27.4917 6.50372 11.1476
internal_count=210 144 118 76 66
shrinkage=0.1


Tree=42
num_leaves=6
num_cat=0
split_feature=0 0 0 0 0
split_gain=4.30218 0.290983 0.156222 0.00635414 0.00451769
threshold=1.0000000180025095e-35 0.15000000000000005 0.35000000000000003 0.45000000000000007 0.25000000000000006
decision_type=2 2 2 2 2
left_child=-1 -2 4 -4 -3
right_child=1 2 3 -5 -6
leaf_value=-0.044947377912309516 0.031183522126729521 0.0015267048810197548 0.018195207141887146 0.025531132830269254 -0.0039923757301479164
leaf_weight=14.613697938621042 14.256253302097322 4.0817757355980584 9.9562068935483676 1.3395830690860755 2.3296289031859487
leaf_count=26 42 44 50 16 32
internal_value=0 0.2055 0.119888 0.190652 -0.00478692
internal_weight=0 31.9634 17.7072 11.2958 6.4114
internal_count=210 184 142 66 76
shrinkage=0.1


Tree=43
num_leaves=6
num_cat=0
split_feature=0 0 0 0 0
split_gain=0.897283 0.0250255 0.00377581 0.00152911 0.000966456
threshold=1.0000000180025095e-35 0.25000000000000006 0.15000000000000005 0.35000000000000003 0.45000000000000007
decision_type=2 2 2 2 2
left_child=-1 2 -2 -3 -5
right_child=1 3 -4 4 -6
leaf_value=0.042000807429569499 -0.0032752221583847961 -0.0054382470613529802 5.5704275394318732e-05 -0.0084642883689169616 -0.0059257354117692937
leaf_weight=4.5653666183352462 19.262763336300853 2.4171982374973604 4.1333903742488465 12.481092688627539 1.7045331448316581
leaf_count=26 42 32 44 50 16
internal_value=0 -0.0479385 -0.0268675 -0.0776311 -0.0815926
internal_weight=0 39.999 23.3962 16.6028 14.1856
internal_count=210 184 86 98 66
shrinkage=0.1


Tree=44
num_leaves=6
num_cat=0
split_feature=0 0 0 0 0
split_gain=0.0594056 0.00812626 0.0039153 0.00198998 0.00339847
threshold=0.35000000000000003 1.0000000180025095e-35 0.45000000000000007 0.25000000000000006 0.15000000000000005
decision_type=2 2 2 2 2
left_child=1 -1 -2 4 -3
right_child=2 3 -4 -5 -6
leaf_value=0.0010031893903363696 0.0067008045901131774 -0.0032467727148422659 0.0014284194461669612 -0.0056902781163190828 -9.699122510508642e-05
leaf_weight=6.3494526594877234 10.464003121480342 19.841387577354915 1.6275520622730262 2.4585385292302808 4.1402886908035716
leaf_count=26 50 42 16 32 44
internal_value=0 -0.022093 0.0599113 -0.0298076 -0.0270298
internal_weight=0 32.7897 12.0916 26.4402 23.9817
internal_count=210 144 66 118 86
shrinkage=0.1


Tree=45
num_leaves=6
num_cat=0
split_feature=0 0 0 0 0
split_gain=0.0744413 0.00700741 0.00678481 0.00152058 0.00477531
threshold=0.35000000000000003 1.0000000180025095e-35 0.45000000000000007 0.15000000000000005 0.25000000000000006
decision_type=2 2 2 2 2
left_child=1 -1 -2 -3 -5
right_child=2 3 -4 4 -6
leaf_value=0.00049181467878587921 0.0075898969772727233 -0.0036093998406631668 0.000528395284704324 0.00021698570231279521 -0.0053637368983710555
leaf_weight=6.4713911153376094 10.616828652098771 20.058293104171756 1.5606532320380218 4.1273122653365126 2.4395631765946746
leaf_count=26 50 42 16 44 32
internal_value=0 -0.0245963 0.066849 -0.0317699 -0.0185623
internal_weight=0 33.0966 12.1775 26.6252 6.56688
internal_count=210 144 66 118 76
shrinkage=0.1


Tree=46
num_leaves=6
num_cat=0
split_feature=0 0 0 0 0
split_gain=0.0983645 0.0103322 0.00546159 0.00337703 0.00477974
threshold=0.35000000000000003 0.45000000000000007 1.0000000180025095e-35 0.15000000000000005 0.25000000000000006
decision_type=2 2 2 2 2
left_child=2 -2 -1 -4 -5
right_child=1 -3 3 4 -6
leaf_value=-0.00024057161252729952 0.0086913153476470047 -0.00023397019258800166 -0.0040838097672373083 0.00060504247592648483 -0.0050057913405672227
leaf_weight=6.6124721616506568 10.878060475923117 1.4726117588579661 20.334437422454361 4.109298102091997 2.4079365611542016
leaf_count=26 50 16 42 44 32
internal_value=0 0.0762712 -0.0281496 -0.0344892 -0.01468
internal_weight=0 12.3507 33.4641 26.8517 6.51723
internal_count=210 66 144 118 76
shrinkage=0.1


Tree=47
num_leaves=6
num_cat=0
split_feature=0 0 0 0 0
split_gain=0.138589 0.0147445 0.00448415 0.00545713 0.00484833
threshold=0.35000000000000003 0.45000000000000007 0.15000000000000005 1.0000000180025095e-35 0.25000000000000006
decision_type=2 2 2 2 2
left_child=2 -2 3 -1 -4
right_child=1 -3 4 -5 -6
leaf_value=-0.0014334856530472096 0.010069582175582299 -0.00097150788236275158 0.0011203190476934207 -0.004702799018643641 -0.004580333055394444
leaf_weight=6.7771975398063686 11.378652121871706 1.3533547744154937 4.0815048469230524 20.700589053332806 2.3514319267123938
leaf_count=26 50 16 44 42 32
internal_value=0 0.0889596 -0.0334005 -0.0389645 -0.00963441
internal_weight=0 12.732 33.9107 27.4778 6.43294
internal_count=210 66 144 68 76
shrinkage=0.1


Tree=48
num_leaves=6
num_cat=0
split_feature=0 0 0 0 0
split_gain=0.219067 0.0217842 0.0126681 0.0049961 0.000828896
threshold=0.35000000000000003 0.45000000000000007 0.15000000000000005 0.25000000000000006 1.0000000180025095e-35
decision_type=2 2 2 2 2
left_child=2 -2 4 -4 -1
right_child=1 -3 3 -5 -6
leaf_value=-0.0042233144458569544 0.011865949242820905 -0.0024935670521049631 0.0019116493821701157 -0.0039817776360061259 -0.0054757376412934919
leaf_weight=7.0437512174248722 12.614134423434731 1.1530570462346084 4.0294185676611951 2.2370503009296954 21.157123520970345
leaf_count=26 50 16 44 32 42
internal_value=0 0.106633 -0.042592 -0.0019223 -0.0516292
internal_weight=0 13.7672 34.4673 6.26647 28.2009
internal_count=210 66 144 76 68
shrinkage=0.1


Tree=49
num_leaves=6
num_cat=0
split_feature=0 0 0 0 0
split_gain=16.7086 1.34159 0.547925 0.0308103 0.0206558
threshold=0.15000000000000005 0.35000000000000003 0.45000000000000007 1.0000000180025095e-35 0.25000000000000006
decision_type=2 2 2 2 2
left_child=3 4 -3 -1 -2
right_child=1 2 -4 -5 -6
leaf_value=0.083884908097089553 0.0036455378728890439 -0.055735083718492784 0.024797522125961698 0.074629900583191508 -0.0088386083390536753
leaf_weight=4.9732517898082742 3.988615143345668 25.225025925785307 0.87412231508642335 12.998340684920549 1.9848622201243411
leaf_count=26 44 50 16 42 32
internal_value=0 -0.432533 -0.530379 0.77191 -0.00502684
internal_weight=0 32.0726 26.0991 17.9716 5.97348
internal_count=210 142 66 68 76
shrinkage=0.1


Tree=50
num_leaves=6
num_cat=0
split_feature=0 0 0 0 0
split_gain=0.28677 0.301295 0.00380156 0.00165552 0.00314296
threshold=0.45000000000000007 0.35000000000000003 1.0000000180025095e-35 0.25000000000000006 0.15000000000000005
decision_type=2 2 2 2 2
left_child=1 2 -1 4 -4
right_child=-2 -3 3 -5 -6
leaf_value=-0.00015349934401887491 -0.030467776475601074 0.018960112721354474 -0.0028711750853590702 -0.0049138863999496508 0.00014484930419961096
leaf_weight=8.127772390842436 2.897150181233882 8.4653127952478808 20.11239172518254 2.8173387940041712 4.1718664930667719
leaf_count=26 16 50 42 32 44
internal_value=0 0.0202015 -0.0205038 -0.0261925 -0.0235304
internal_weight=0 43.6947 35.2294 27.1016 24.2843
internal_count=210 194 144 118 86
shrinkage=0.1


Tree=51
num_leaves=6
num_cat=0
split_feature=0 0 0 0 0
split_gain=0.130426 0.0106012 0.00175895 0.00567931 0.00225625
threshold=0.35000000000000003 0.45000000000000007 0.15000000000000005 0.25000000000000006 1.0000000180025095e-35
decision_type=2 2 2 2 2
left_child=2 -2 4 -4 -1
right_child=1 -3 3 -5 -6
leaf_value=-0.001830845711053444 0.0086362640865508301 0.01847256012357916 0.00093280419922316484 -0.0048614140681903471 -0.0037531853066347987
leaf_weight=8.676120303571226 9.2917366023175383 1.2421787660568959 4.1650231508538118 2.8485911262687296 20.607678711414337
leaf_count=26 50 16 44 32 42
internal_value=0 0.0979618 -0.0284296 -0.0142053 -0.0318364
internal_weight=0 10.5339 36.2974 7.01361 29.2838
internal_count=210 66 144 76 68
shrinkage=0.1


Tree=52
num_leaves=6
num_cat=0
split_feature=0 0 0 0 0
split_gain=4.74163 0.719046 0.102144 0.0277857 0.00556443
threshold=1.0000000180025095e-35 0.15000000000000005 0.35000000000000003 0.45000000000000007 0.25000000000000006
decision_type=2 2 2 2 2
left_child=-1 -2 4 -4 -3
right_child=1 2 3 -5 -6
leaf_value=-0.047238423617551401 0.038873527398057987 0.001454069911288571 0.012705823889205908 0.028232678589315042 -0.0042551792014687319
leaf_weight=14.545444957911966 13.818783096969129 4.1617808174341926 9.3722273595631105 1.3141422728076584 2.8943429528735578
leaf_count=26 42 44 50 16 32
internal_value=0 0.217705 0.0844973 0.146152 -0.008878
internal_weight=0 31.5613 17.7425 10.6864 7.05612
internal_count=210 184 142 66 76
shrinkage=0.1


Tree=53
num_leaves=6
num_cat=0
split_feature=0 0 0 0 0
split_gain=0.0242736 0.00816944 0.00413885 0.000824324 0.000564978
threshold=0.35000000000000003 1.0000000180025095e-35 0.25000000000000006 0.15000000000000005 0.45000000000000007
decision_type=2 2 2 2 2
left_child=1 -1 3 -3 -2
right_child=4 2 -4 -5 -6
leaf_value=0.0019380883020693332 0.0035503094100727732 -0.0020299594423931074 -0.0056575630174681268 -0.00048552371598305276 0.005491717449257404
leaf_weight=5.825367188081148 10.22973643802106 18.651601031422622 3.0636176769621661 4.2418278278782955 1.7563493717461831
leaf_count=26 50 42 32 44 16
internal_value=0 -0.0144621 -0.0220573 -0.017438 0.0383479
internal_weight=0 31.7824 25.957 22.8934 11.9861
internal_count=210 144 118 86 66
shrinkage=0.1


Tree=54
num_leaves=6
num_cat=0
split_feature=0 0 0 0 0
split_gain=0.0216938 0.00809839 0.00424497 0.000884572 0.000620678
threshold=0.35000000000000003 1.0000000180025095e-35 0.25000000000000006 0.15000000000000005 0.45000000000000007
decision_type=2 2 2 2 2
left_child=1 -1 3 -3 -2
right_child=4 2 -4 -5 -6
leaf_value=0.0019984422105671674 0.0033123915377333913 -0.0019405516331514078 -0.0055486534329844336 -0.00034365393670092453 0.0053202626831075957
leaf_weight=5.8508331310004023 10.246005669701841 18.666861459612853 3.1687474972568443 4.2605154660996041 1.8117911163717515
leaf_count=26 50 42 32 44 16
internal_value=0 -0.0136407 -0.0211796 -0.0164381 0.0361409
internal_weight=0 31.947 26.0961 22.9274 12.0578
internal_count=210 144 118 86 66
shrinkage=0.1


Tree=55
num_leaves=6
num_cat=0
split_feature=0 0 0 0 0
split_gain=0.0187756 0.00809156 0.00444046 0.000907271 0.000778444
threshold=0.35000000000000003 1.0000000180025095e-35 0.25000000000000006 0.15000000000000005 0.45000000000000007
decision_type=2 2 2 2 2
left_child=1 -1 3 -3 -2
right_child=4 2 -4 -5 -6
leaf_value=0.0020905192917996789 0.0030101564844846412 -0.0018224884832027386 -0.0054390131207534475 -0.00021008028033834029 0.0052266577564746008
leaf_weight=5.8746849279850712 10.254872676916417 18.678264230489738 3.3098780368454745 4.2914751830976448 1.8740607518702752
leaf_count=26 50 42 32 44 16
internal_value=0 -0.0126465 -0.0201468 -0.0152124 0.0335263
internal_weight=0 32.1543 26.2796 22.9697 12.1289
internal_count=210 144 118 86 66
shrinkage=0.1


Tree=56
num_leaves=6
num_cat=0
split_feature=0 0 0 0 0
split_gain=0.0152429 0.00818588 0.00470891 0.00120429 0.000845478
threshold=0.35000000000000003 1.0000000180025095e-35 0.25000000000000006 0.45000000000000007 0.15000000000000005
decision_type=2 2 2 2 2
left_child=1 -1 4 -2 -3
right_child=3 2 -4 -5 -6
leaf_value=0.0022371182838975645 0.0025799944453501564 -0.0016546797586050499 -0.0052956169559220329 0.0052918843490647408 -0.00010604278718046358
leaf_weight=5.8954175468534222 10.250420250464227 18.681701332330711 3.5075915784109375 1.94884810037911 4.3453509358223519
leaf_count=26 50 42 32 16 44
internal_value=0 -0.0113349 -0.0188237 0.0301322 -0.0136244
internal_weight=0 32.4301 26.5346 12.1993 23.0271
internal_count=210 144 118 66 86
shrinkage=0.1


Tree=57
num_leaves=6
num_cat=0
split_feature=0 0 0 0 0
split_gain=0.0105834 0.00845551 0.00493032 0.0025121 0.000599773
threshold=0.35000000000000003 1.0000000180025095e-35 0.25000000000000006 0.45000000000000007 0.15000000000000005
decision_type=2 2 2 2 2
left_child=1 -1 4 -2 -3
right_child=3 2 -4 -5 -6
leaf_value=0.0024883719579202814 0.0018646750681683294 -0.0013886149264878446 -0.0050268900046849373 0.0056999593287796815 -9.6272015629825805e-05
leaf_weight=5.9100721385329953 10.220922493375836 18.668063759803779 3.7999047143384805 2.0504236258566371 4.446496232179924
leaf_count=26 50 42 32 16 44
internal_value=0 -0.00936679 -0.0168878 0.0250551 -0.0114001
internal_weight=0 32.8245 26.9145 12.2713 23.1146
internal_count=210 144 118 66 86
shrinkage=0.1


Tree=58
num_leaves=6
num_cat=0
split_feature=0 0 0 0 0
split_gain=0.474135 1.28301 0.638548 0.00931334 0.00649232
threshold=0.25000000000000006 0.35000000000000003 0.15000000000000005 0.45000000000000007 1.0000000180025095e-35
decision_type=2 2 2 2 2
left_child=2 -2 4 -3 -1
right_child=1 3 -4 -5 -6
leaf_value=0.0029831997248766576 0.078938275197414948 -6.751505331412485e-05 -0.036028868192904191 0.0070841823087352974 -0.00082009515773413854
leaf_weight=5.9122802559286418 2.5685585248284033 10.065259914845226 6.1112638374324879 2.2230823971331111 18.634823389351368
leaf_count=26 32 50 44 16 42
internal_value=0 0.146617 -0.0710497 0.012263 0.000959455
internal_weight=0 14.8569 30.6584 12.2883 24.5471
internal_count=210 98 112 66 68
shrinkage=0.1


Tree=59
num_leaves=6
num_cat=0
split_feature=0 0 0 0 0
split_gain=0.492723 0.188895 0.0111757 0.00276308 0.00075631
threshold=0.45000000000000007 0.35000000000000003 1.0000000180025095e-35 0.25000000000000006 0.15000000000000005
decision_type=2 2 2 2 2
left_child=1 2 -1 4 -4
right_child=-2 -3 3 -5 -6
leaf_value=0.0031446515827382492 -0.036855617801540466 0.015145659983497038 -0.001622868786908125 -0.0049089890904439699 -0.00012809774535129832
leaf_weight=5.8832980804145363 3.353329971432685 9.7741802176460606 18.828361205756671 2.4166999447625122 4.1268552052788428
leaf_count=26 16 50 42 32 44
internal_value=0 0.0301221 -0.00782181 -0.0169274 -0.0135414
internal_weight=0 41.0294 31.2552 25.3719 22.9552
internal_count=210 194 144 118 86
shrinkage=0.1


Tree=60
num_leaves=6
num_cat=0
split_feature=0 0 0 0 0
split_gain=0.0611426 0.00478745 0.0029887 0.00153932 0.0040763
threshold=0.35000000000000003 0.45000000000000007 1.0000000180025095e-35 0.25000000000000006 0.15000000000000005
decision_type=2 2 2 2 2
left_child=2 -2 -1 4 -4
right_child=1 -3 3 -5 -6
leaf_value=-0.00030158635515217629 0.0067935248693566644 0.00049881861374874469 -0.0031292216009606898 -0.0051764800797697826 0.00033597050719218853
leaf_weight=6.0891908369958427 10.648650528863069 1.362879607826472 19.220166362822063 2.4005225356668225 4.1230044413823626
leaf_count=26 50 16 42 32 44
internal_value=0 0.060793 -0.0229391 -0.0276515 -0.0251718
internal_weight=0 12.0115 31.8329 25.7437 23.3432
internal_count=210 66 144 118 86
shrinkage=0.1


Tree=61
num_leaves=6
num_cat=0
split_feature=0 0 0 0 0
split_gain=0.0731092 0.00691741 0.00144422 0.00393359 0.00217098
threshold=0.35000000000000003 0.45000000000000007 0.25000000000000006 0.15000000000000005 1.0000000180025095e-35
decision_type=2 2 2 2 2
left_child=2 -2 3 4 -1
right_child=1 -3 -4 -5 -6
leaf_value=-0.0011603002863593444 0.0074149873830087728 -0.00028124776992942234 -0.0048817194204784902 0.00054711671625118092 -0.0033100077149879068
leaf_weight=6.213816877454529 10.882152739912268 1.3082475550472743 2.3818749182391903 4.1137005842756471 19.255604259669781
leaf_count=26 50 16 32 44 42
internal_value=0 0.0658904 -0.0251284 -0.0232212 -0.0278554
internal_weight=0 12.1904 31.965 29.5831 25.4694
internal_count=210 66 144 112 68
shrinkage=0.1


Tree=62
num_leaves=6
num_cat=0
split_feature=0 0 0 0 0
split_gain=0.0958194 0.00965045 0.00256731 0.00424163 0.000338144
threshold=0.35000000000000003 0.45000000000000007 0.15000000000000005 0.25000000000000006 1.0000000180025095e-35
decision_type=2 2 2 2 2
left_child=2 -2 4 -4 -1
right_child=1 -3 3 -5 -6
leaf_value=-0.0027166412678007838 0.0083313012375316499 -0.0010093301553615575 0.00083138801990565369 -0.0044940786722089607 -0.003552779715682481
leaf_weight=6.4659871272742775 11.30289833527058 1.2260862160474069 4.1005635152105233 2.3542961128987372 19.194358371198177
leaf_count=26 50 16 44 32 42
internal_value=0 0.0741723 -0.0289366 -0.0111098 -0.0334209
internal_weight=0 12.529 32.1152 6.45486 25.6603
internal_count=210 66 144 76 68
shrinkage=0.1


Tree=63
num_leaves=6
num_cat=0
split_feature=0 0 0 0 0
split_gain=1.61116 0.0958411 0.014834 0.00683128 0.0043052
threshold=1.0000000180025095e-35 0.35000000000000003 0.45000000000000007 0.15000000000000005 0.25000000000000006
decision_type=2 2 2 2 2
left_child=-1 3 -3 -2 -5
right_child=1 2 -4 4 -6
leaf_value=0.050801401159770124 -0.0042680679025580972 -0.014489012092781776 -0.0026006637529915728 0.0014640964149549463 -0.0039376575991243723
leaf_weight=5.4869614019989958 19.107948109507564 13.188581149093803 1.1403327398002154 4.0767890205606809 2.3123013738077134
leaf_count=26 42 50 16 44 32
internal_value=0 -0.0699909 -0.135429 -0.0332157 -0.00490874
internal_weight=0 39.826 14.3289 25.497 6.38909
internal_count=210 184 66 118 76
shrinkage=0.1


Tree=64
num_leaves=6
num_cat=0
split_feature=0 0 0 0 0
split_gain=3.67141 0.257454 0.126807 0.00696481 0.00431619
threshold=1.0000000180025095e-35 0.15000000000000005 0.35000000000000003 0.45000000000000007 0.25000000000000006
decision_type=2 2 2 2 2
left_child=-1 -2 4 -4 -3
right_child=1 2 3 -5 -6
leaf_value=-0.041777439160541857 0.029539428448650581 0.0020474313165944622 0.016880269299440788 0.025109050155278735 -0.0033254308477536007
leaf_weight=14.39273092150688 13.709966160357 4.0704271851573148 9.893714025616644 1.1479211207479245 2.3632427603006363
leaf_count=26 42 44 50 16 32
internal_value=0 0.192813 0.112334 0.177358 0.000738489
internal_weight=0 31.1853 17.4753 11.0416 6.43367
internal_count=210 184 142 66 76
shrinkage=0.1


Tree=65
num_leaves=6
num_cat=0
split_feature=0 0 0 0 0
split_gain=0.0891637 0.00910551 0.00258084 0.00396861 1.75186e-06
threshold=0.35000000000000003 0.45000000000000007 0.15000000000000005 0.25000000000000006 1.0000000180025095e-35
decision_type=2 2 2 2 2
left_child=2 -2 4 -4 -1
right_child=1 -3 3 -5 -6
leaf_value=-0.0033291118853219616 0.0079671040005444612 -0.00092585417682704762 0.00083791390668581326 -0.0042567517779249341 -0.0032694080498301653
leaf_weight=6.6754717975854936 11.452734153717753 1.2800467833876616 4.1100926096551111 2.4347513180691749 18.632199563086033
leaf_count=26 50 16 44 32 42
internal_value=0 0.0707308 -0.028274 -0.0105736 -0.0328516
internal_weight=0 12.7328 31.8525 6.54484 25.3077
internal_count=210 66 144 76 68
shrinkage=0.1


Tree=66
num_leaves=6
num_cat=0
split_feature=0 0 0 0 0
split_gain=1.2933 0.0622682 0.00826968 0.00484114 0.00428283
threshold=1.0000000180025095e-35 0.35000000000000003 0.45000000000000007 0.15000000000000005 0.25000000000000006
decision_type=2 2 2 2 2
left_child=-1 3 -3 -2 -5
right_child=1 2 -4 4 -6
leaf_value=0.048056677080237531 -0.0038970811248346332 -0.012132947349710124 -0.0036138553716772133 0.0012302468730195403 -0.004077924025537933
leaf_weight=4.9754302613437167 19.047269262373451 12.819719163700935 1.2506288681179292 4.0973130771890274 2.4164134284947067
leaf_count=26 42 50 16 44 32
internal_value=0 -0.0603317 -0.113757 -0.0309229 -0.00738939
internal_weight=0 39.6313 14.0703 25.561 6.51373
internal_count=210 184 66 118 76
shrinkage=0.1


Tree=67
num_leaves=6
num_cat=0
split_feature=0 0 0 0 0
split_gain=0.101203 0.00709611 0.00617106 0.0045925 0.000511222
threshold=0.35000000000000003 1.0000000180025095e-35 0.15000000000000005 0.25000000000000006 0.45000000000000007
decision_type=2 2 2 2 2
left_child=1 -1 -3 -4 -2
right_child=4 2 3 -5 -6
leaf_value=9.5041699352740026e-05 0.0083529092113997887 -0.0043646265465759849 0.0012135707985930864 -0.0042432165618926402 0.0062389617555031725
leaf_weight=6.9122941046953192 10.176585617475208 20.207010589540008 4.1032204576767972 2.4712008566129953 1.2888751085847623
leaf_count=26 50 42 44 32 16
internal_value=0 -0.027615 -0.0349878 -0.00837533 0.0811527
internal_weight=0 33.6937 26.7814 6.57442 11.4655
internal_count=210 144 118 76 66
shrinkage=0.1


Tree=68
num_leaves=6
num_cat=0
split_feature=0 0 0 0 0
split_gain=0.127794 0.00675067 0.00930667 0.00465601 0.00095506
threshold=0.35000000000000003 1.0000000180025095e-35 0.15000000000000005 0.25000000000000006 0.45000000000000007
decision_type=2 2 2 2 2
left_child=1 -1 -3 -4 -2
right_child=4 2 3 -5 -6
leaf_value=-0.00034251378946956022 0.0094126641835864944 -0.0048349264638829067 0.0015629348394057179 -0.0039514743346831067 0.0065050359093350232
leaf_weight=7.1900112032890311 10.288350730203089 20.547980815172199 4.0876525959465644 2.4481723459903151 1.2690123617649085
leaf_count=26 50 42 44 32 16
internal_value=0 -0.0306636 -0.0378946 -0.00502638 0.090934
internal_weight=0 34.2738 27.0838 6.53582 11.5574
internal_count=210 144 118 76 66
shrinkage=0.1


Tree=69
num_leaves=6
num_cat=0
split_feature=0 0 0 0 0
split_gain=0.176342 0.0095382 0.0113811 0.00480212 0.00167862
threshold=0.35000000000000003 0.15000000000000005 1.0000000180025095e-35 0.25000000000000006 0.45000000000000007
decision_type=2 2 2 2 2
left_child=1 2 -1 -3 -2
right_child=4 3 -4 -5 -6
leaf_value=-0.0010050926523642279 0.011031878090589468 0.0020154873913259502 -0.0055276740153792324 -0.003621131857035987 0.0071279934960010302
leaf_weight=7.564397536218169 10.485945275053378 4.0646596171427509 21.044707000255585 2.4062151648104191 1.2307046037167317
leaf_count=26 50 44 42 32 16
internal_value=0 -0.0354767 -0.0433188 -0.000805072 0.106218
internal_weight=0 35.08 28.6091 6.47087 11.7166
internal_count=210 144 68 76 66
shrinkage=0.1


Tree=70
num_leaves=6
num_cat=0
split_feature=0 0 0 0 0
split_gain=0.280353 0.0184148 0.0123677 0.00511013 0.00319344
threshold=0.35000000000000003 0.15000000000000005 1.0000000180025095e-35 0.25000000000000006 0.45000000000000007
decision_type=2 2 2 2 2
left_child=1 2 -1 -3 -2
right_child=4 3 -4 -5 -6
leaf_value=-0.0020837995494941311 0.013724250395750266 0.0026585660599895387 -0.0066614294545252091 -0.0032345138539613492 0.0081845330298502533
leaf_weight=8.0820695534348506 10.929119028151032 4.0245399675332001 21.881579324603081 2.3195249373093247 1.150103215128184
leaf_count=26 50 44 42 32 16
internal_value=0 -0.0439045 -0.0542671 0.00503931 0.131968
internal_weight=0 36.3077 29.9636 6.34406 12.0792
internal_count=210 144 68 76 66
shrinkage=0.1


Tree=71
num_leaves=6
num_cat=0
split_feature=0 0 0 0 0
split_gain=2.90742 0.349892 0.0308948 0.00784871 0.00576968
threshold=1.0000000180025095e-35 0.35000000000000003 0.15000000000000005 0.45000000000000007 0.25000000000000006
decision_type=2 2 2 2 2
left_child=-1 2 -2 -3 -4
right_child=1 3 4 -5 -6
leaf_value=-0.037637423086176548 0.0098600664217962479 0.028515794024872549 0.0036565230928204276 0.019021768955373261 -0.0028632076690308667
leaf_weight=14.534704096615313 15.397394075989725 12.94301392883062 3.9205404373351476 0.93356464244425363 2.0761451828293502
leaf_count=26 42 50 44 16 32
internal_value=0 0.1551 0.0748854 0.278771 0.0139929
internal_weight=0 35.2707 21.3941 13.8766 5.99669
internal_count=210 184 118 66 76
shrinkage=0.1


Tree=72
num_leaves=6
num_cat=0
split_feature=0 0 0 0 0
split_gain=8.38766 0.623203 0.256788 0.0239086 0.00234266
threshold=0.15000000000000005 0.35000000000000003 0.45000000000000007 0.25000000000000006 1.0000000180025095e-35
decision_type=2 2 2 2 2
left_child=4 3 -3 -2 -1
right_child=1 2 -4 -5 -6
leaf_value=0.063954387049118419 0.003062909228482626 -0.03890505732376448 0.0095779579467883159 -0.009787107378614452 0.061079474013940475
leaf_weight=3.8131093457341168 4.0801726002246168 23.643577687442306 1.1453529987484206 2.2443916881456971 11.04279986768961
leaf_count=26 44 50 16 32 42
internal_value=0 -0.295162 -0.366649 -0.0149716 0.618174
internal_weight=0 31.1135 24.7889 6.32456 14.8559
internal_count=210 142 66 76 68
shrinkage=0.1


Tree=73
num_leaves=6
num_cat=0
split_feature=0 0 0 0 0
split_gain=0.0399516 0.0058935 0.0014185 0.00524478 0.00106897
threshold=0.35000000000000003 1.0000000180025095e-35 0.15000000000000005 0.25000000000000006 0.45000000000000007
decision_type=2 2 2 2 2
left_child=1 -1 -3 -4 -2
right_child=4 2 3 -5 -6
leaf_value=0.00098648186017811688 0.0053434955182978042 -0.0029012294071343271 0.0010241054274123002 -0.0045257193112551563 0.00255139638564786
leaf_weight=6.1134393550455561 10.268629935570058 19.361483693122867 4.1662913612090042 2.8798610169906169 1.582539405673743
leaf_count=26 50 42 44 32 16
internal_value=0 -0.0181138 -0.0245909 -0.0124419 0.0497065
internal_weight=0 32.5211 26.4076 7.04615 11.8512
internal_count=210 144 118 76 66
shrinkage=0.1


Tree=74
num_leaves=6
num_cat=0
split_feature=0 0 0 0 0
split_gain=0.0450156 0.00529782 0.00227966 0.00181116 0.0056891
threshold=0.35000000000000003 1.0000000180025095e-35 0.45000000000000007 0.15000000000000005 0.25000000000000006
decision_type=2 2 2 2 2
left_child=1 -1 -2 -3 -5
right_child=2 3 -4 4 -6
leaf_value=0.00072450436431864876 0.0058078784334372625 -0.0030239118684800463 0.0017014613589566329 0.0012154298706081069 -0.0045169238794938995
leaf_weight=6.1858909614384165 10.335869037546214 19.469354718923572 1.5553272720426328 4.1756977061741045 2.9575926952529699
leaf_count=26 50 42 16 44 32
internal_value=0 -0.0191152 0.0527077 -0.0252447 -0.0116131
internal_weight=0 32.7885 11.8912 26.6026 7.13329
internal_count=210 144 66 118 76
shrinkage=0.1


Tree=75
num_leaves=6
num_cat=0
split_feature=0 0 0 0 0
split_gain=0.0524754 0.00451055 0.00405123 0.00232447 0.00628346
threshold=0.35000000000000003 1.0000000180025095e-35 0.45000000000000007 0.15000000000000005 0.25000000000000006
decision_type=2 2 2 2 2
left_child=1 -1 -2 -3 -5
right_child=2 3 -4 4 -6
leaf_value=0.00036597668454639131 0.0063836081229909254 -0.0031797208789686535 0.00084687082287174329 0.0014309944156309759 -0.0045269840128319902
leaf_weight=6.2673869915306559 10.431230223737654 19.591312572360042 1.5132523849606521 4.1925289493519804 3.0635704244486988
leaf_count=26 50 42 16 44 32
internal_value=0 -0.0204955 0.0568216 -0.0261344 -0.010845
internal_weight=0 33.1148 11.9445 26.8474 7.2561
internal_count=210 144 66 118 76
shrinkage=0.1


Tree=76
num_leaves=6
num_cat=0
split_feature=0 0 0 0 0
split_gain=0.0630022 0.00632201 0.00344282 0.00296494 0.00708845
threshold=0.35000000000000003 0.45000000000000007 1.0000000180025095e-35 0.15000000000000005 0.25000000000000006
decision_type=2 2 2 2 2
left_child=2 -2 -1 -4 -5
right_child=1 -3 3 4 -6
leaf_value=-0.00013302185046784682 0.0070592024729509194 3.1526869236839099e-05 -0.0033594224465129394 0.0016764175538930078 -0.0045536717883453244
leaf_weight=6.3592820130288592 10.573073589242991 1.4563869368284947 19.726670458912853 4.2244359913747749 3.2169996360316873
leaf_count=26 50 16 42 44 32
internal_value=0 0.0620837 -0.0222753 -0.027178 -0.0101691
internal_weight=0 12.0295 33.5274 27.1681 7.44144
internal_count=210 66 144 118 76
shrinkage=0.1


Tree=77
num_leaves=6
num_cat=0
split_feature=0 0 0 0 0
split_gain=0.0774225 0.00897556 0.00219485 0.00801605 0.00347753
threshold=0.35000000000000003 0.45000000000000007 0.15000000000000005 0.25000000000000006 1.0000000180025095e-35
decision_type=2 2 2 2 2
left_child=2 -2 4 -4 -1
right_child=1 -3 3 -5 -6
leaf_value=-0.00086605188943426718 0.0078160866626051893 -0.00074080992276676777 0.001920991901107887 -0.0045470258104903126 -0.003536041521190335
leaf_weight=6.4655914343893555 10.794321352615949 1.3828677702695138 4.292447318788617 3.4610941677819937 19.867808990180492
leaf_count=26 50 16 44 32 42
internal_value=0 0.0684435 -0.0244507 -0.00966259 -0.0288048
internal_weight=0 12.1772 34.0869 7.75354 26.3334
internal_count=210 66 144 76 68
shrinkage=0.1


Tree=78
num_leaves=6
num_cat=0
split_feature=0 0 0 0 0
split_gain=0.830277 1.21668 0.52074 0.0101571 0.000586229
threshold=0.25000000000000006 0.35000000000000003 0.15000000000000005 0.45000000000000007 1.0000000180025095e-35
decision_type=2 2 2 2 2
left_child=2 -2 4 -3 -1
right_child=1 3 -4 -5 -6
leaf_value=-0.0021142486519201897 0.08377465269045109 0.0077950875879892779 -0.035612903582411995 -0.0016034570806606762 -0.0032009756308953837
leaf_weight=6.6084229648113277 2.4654913404956433 11.032369587570427 5.9714763890951863 1.2836639210581786 19.947743400931358
leaf_count=26 32 50 44 16 42
internal_value=0 0.196519 -0.0893043 0.068155 -0.0293055
internal_weight=0 14.7815 32.5276 12.316 26.5562
internal_count=210 98 112 66 68
shrinkage=0.1


Tree=79
num_leaves=6
num_cat=0
split_feature=0 0 0 0 0
split_gain=0.176312 0.0185524 0.0146489 0.00367214 2.96817e-05
threshold=0.35000000000000003 0.45000000000000007 0.15000000000000005 0.25000000000000006 1.0000000180025095e-35
decision_type=2 2 2 2 2
left_child=2 -2 4 -4 -1
right_child=1 -3 3 -5 -6
leaf_value=-0.0047137564526416754 0.010796744942862391 -0.0025384704523515799 0.0022998039277056762 -0.0028754440445294318 -0.0049534538648215547
leaf_weight=6.9301232993602779 12.305112097412344 1.1399242170155055 4.0119184725917867 2.0828813167754561 20.295342773199081
leaf_count=26 50 16 44 32 42
internal_value=0 0.0966613 -0.0390038 0.00531177 -0.0489244
internal_weight=0 13.445 33.3203 6.0948 27.2255
internal_count=210 66 144 76 68
shrinkage=0.1


Tree=80
num_leaves=6
num_cat=0
split_feature=0 0 0 0 0
split_gain=0.363183 0.0691162 0.0087078 0.000789136 0.00361139
threshold=1.0000000180025095e-35 0.15000000000000005 0.45000000000000007 0.25000000000000006 0.35000000000000003
decision_type=2 2 2 2 2
left_child=-1 -2 3 -3 -5
right_child=1 2 -4 4 -6
leaf_value=0.025191138093764671 -0.0069265322655769311 0.0028530241015907462 -0.0078177878968984475 -0.0027958961231436029 0.0018353378493278197
leaf_weight=5.111549198627471 21.951130948960781 3.9530964044388428 1.0355848930776108 1.9164179530926038 13.869527336210012
leaf_count=26 42 44 16 32 50
internal_value=0 -0.0301377 0.0112057 0.0158951 0.012731
internal_weight=0 42.7258 20.7746 19.739 15.7859
internal_count=210 184 142 126 82
shrinkage=0.1


Tree=81
num_leaves=6
num_cat=0
split_feature=0 0 0 0 0
split_gain=1.83456 0.531266 0.0105428 0.0036656 0.00053753
threshold=1.0000000180025095e-35 0.35000000000000003 0.45000000000000007 0.25000000000000006 0.15000000000000005
decision_type=2 2 2 2 2
left_child=-1 3 -3 4 -2
right_child=1 2 -4 -5 -6
leaf_value=-0.030899025301448269 0.0021709507928780046 0.027739092160581319 0.016119658232177626 -0.0023447801442596202 0.0034878055187382477
leaf_weight=13.812369599938391 15.507862284779554 13.35095393657684 0.82939636521041471 1.7499333552550513 3.87412479892373
leaf_count=26 42 50 16 32 44
internal_value=0 0.120861 0.270595 0.0203842 0.0243417
internal_weight=0 35.3123 14.1804 21.1319 19.382
internal_count=210 184 66 118 86
shrinkage=0.1


Tree=82
num_leaves=6
num_cat=0
split_feature=0 0 0 0 0
split_gain=6.48438 0.483094 0.19674 0.0295676 0.0222631
threshold=0.15000000000000005 0.35000000000000003 0.45000000000000007 1.0000000180025095e-35 0.25000000000000006
decision_type=2 2 2 2 2
left_child=3 4 -3 -1 -2
right_child=1 2 -4 -5 -6
leaf_value=0.060706339804317777 0.0027187696515669573 -0.034894805464535772 0.011203030040458167 0.05095989673191053 -0.010159142583697749
leaf_weight=4.4170811846852276 4.0852033011615303 23.122022300958637 0.96445076446980127 10.539566827937961 1.999491194495931
leaf_count=26 44 50 16 42 32
internal_value=0 -0.266891 -0.33049 0.538383 -0.0151304
internal_weight=0 30.1712 24.0865 14.9566 6.08469
internal_count=210 142 66 68 76
shrinkage=0.1


Tree=83
num_leaves=6
num_cat=0
split_feature=0 0 0 0 0
split_gain=0.105353 0.00626599 0.00999897 0.0041014 0.000986837
threshold=0.35000000000000003 1.0000000180025095e-35 0.15000000000000005 0.25000000000000006 0.45000000000000007
decision_type=2 2 2 2 2
left_child=1 -1 -3 -4 -2
right_child=4 2 3 -5 -6
leaf_value=-0.00015049235774726194 0.0085617757957835681 -0.0046104086256712647 0.0018378896313534781 -0.0034044405085208299 0.005621205397364477
leaf_weight=6.9406638741493216 10.279863970354196 20.31099180132151 4.0694902341347179 2.3566325772553682 1.2837770003825433
leaf_count=26 50 42 44 32 16
internal_value=0 -0.0282769 -0.0352266 -0.000846142 0.0823532
internal_weight=0 33.6778 26.7371 6.42612 11.5636
internal_count=210 144 118 76 66
shrinkage=0.1


Tree=84
num_leaves=6
num_cat=0
split_feature=0 0 0 0 0
split_gain=0.138024 0.00919518 0.0108693 0.00413186 0.00170909
threshold=0.35000000000000003 0.15000000000000005 1.0000000180025095e-35 0.25000000000000006 0.45000000000000007
decision_type=2 2 2 2 2
left_child=1 2 -1 -3 -2
right_child=4 3 -4 -5 -6
leaf_value=-0.00064180053467681247 0.0098003063489609955 0.002154818227604396 -0.0051476166821187224 -0.0031397288137096462 0.0058929806312567473
leaf_weight=7.2220256552100208 10.44025115203112 4.0521267435979089 20.694959476590157 2.3166516232304275 1.2538993488997228
leaf_count=26 50 44 42 32 16
internal_value=0 -0.0319978 -0.0398198 0.0022892 0.0938135
internal_weight=0 34.2858 27.917 6.36878 11.6942
internal_count=210 144 68 76 66
shrinkage=0.1


Tree=85
num_leaves=6
num_cat=0
split_feature=0 0 0 0 0
split_gain=0.199965 0.0150542 0.0116606 0.00421976 0.00293901
threshold=0.35000000000000003 0.15000000000000005 1.0000000180025095e-35 0.25000000000000006 0.45000000000000007
decision_type=2 2 2 2 2
left_child=1 2 -1 -3 -2
right_child=4 3 -4 -5 -6
leaf_value=-0.0013996967884318569 0.011702367944882698 0.0025800132881967953 -0.0059637842051985124 -0.0028288829781342576 0.0064803648085054281
leaf_weight=7.5959506183862713 10.745685741305348 4.0249319829745209 21.27948072552681 2.2478925758041441 1.1979196351021535
leaf_count=26 50 44 42 32 16
internal_value=0 -0.0379856 -0.0476316 0.00641713 0.111786
internal_weight=0 35.1483 28.8754 6.27282 11.9436
internal_count=210 144 68 76 66
shrinkage=0.1


Tree=86
num_leaves=6
num_cat=0
split_feature=0 0 0 0 0
split_gain=0.339212 0.027409 0.0129877 0.00577288 0.00442802
threshold=0.35000000000000003 0.15000000000000005 1.0000000180025095e-35 0.45000000000000007 0.25000000000000006
decision_type=2 2 2 2 2
left_child=1 2 -1 -2 -3
right_child=3 4 -4 -5 -6
leaf_value=-0.0026683558464161441 0.014790391931402894 0.0032137050900698095 -0.0073481266590017247 0.0071185915858258094 -0.0024582547729900938
leaf_weight=8.0696830302476901 11.541127266362306 3.9712607030523932 22.370319731533527 1.071940807625652 2.1064752417150885
leaf_count=26 50 44 42 16 32
internal_value=0 -0.0488334 -0.0610751 0.141384 0.0124787
internal_weight=0 36.5177 30.44 12.6131 6.07774
internal_count=210 144 68 66 76
shrinkage=0.1


Tree=87
num_leaves=6
num_cat=0
split_feature=0 0 0 0 0
split_gain=16.8834 1.43121 0.740552 0.0279873 0.017662
threshold=0.15000000000000005 0.35000000000000003 0.45000000000000007 1.0000000180025095e-35 0.25000000000000006
decision_type=2 2 2 2 2
left_child=3 4 -3 -1 -2
right_child=1 2 -4 -5 -6
leaf_value=0.082142844773152895 0.0041588482874340988 -0.057211993340222193 0.038700424249348053 0.074034862286341416 -0.0074734685306217354
leaf_weight=6.8557478114962587 3.9914688261924338 24.978110529482368 0.83182721026241679 11.232549455016851 1.9395717027364296
leaf_count=26 44 50 16 42 32
internal_value=0 -0.439416 -0.541208 0.771079 0.00354842
internal_weight=0 31.741 25.8099 18.0883 5.93104
internal_count=210 142 66 68 76
shrinkage=0.1


Tree=88
num_leaves=6
num_cat=0
split_feature=0 0 0 0 0
split_gain=2.40914 0.341379 0.174892 0.15073 0.00428498
threshold=1.0000000180025095e-35 0.15000000000000005 0.45000000000000007 0.35000000000000003 0.25000000000000006
decision_type=2 2 2 2 2
left_child=-1 -2 3 4 -3
right_child=1 2 -4 -5 -6
leaf_value=-0.034334017126240832 0.02851658953184015 0.0018503206324735147 -0.017791757920093854 0.019908829835356228 -0.0033107353060178239
leaf_weight=13.964935056865214 12.542748451232912 4.1083687640493745 2.4622597694396964 8.3759634159505367 2.6439693770371377
leaf_count=26 42 44 16 50 32
internal_value=0 0.159117 0.0692394 0.109466 -0.00170561
internal_weight=0 30.1333 17.5906 15.1283 6.75234
internal_count=210 184 142 126 76
shrinkage=0.1


Tree=89
num_leaves=6
num_cat=0
split_feature=0 0 0 0 0
split_gain=0.0246845 0.00795974 0.00704624 0.00152094 0.00421923
threshold=0.35000000000000003 1.0000000180025095e-35 0.45000000000000007 0.15000000000000005 0.25000000000000006
decision_type=2 2 2 2 2
left_child=1 -1 -2 -3 -5
right_child=2 3 -4 4 -6
leaf_value=0.0018595981389154766 0.002915470699325619 -0.0026625258233441123 0.0098613966156544611 0.0010850080116790604 -0.0039937309187326941
leaf_weight=5.9316706806421307 9.9503663280047441 19.004645638167862 1.7117278855293996 4.1356860775267696 2.7060946186538786
leaf_count=26 50 42 16 44 32
internal_value=0 -0.0144408 0.0393497 -0.0220226 -0.0092376
internal_weight=0 31.7781 11.6621 25.8464 6.84178
internal_count=210 144 66 118 76
shrinkage=0.1


Tree=90
num_leaves=6
num_cat=0
split_feature=0 0 0 0 0
split_gain=0.0283728 0.0069703 0.00881034 0.0014137 0.00420615
threshold=0.45000000000000007 0.35000000000000003 1.0000000180025095e-35 0.15000000000000005 0.25000000000000006
decision_type=2 2 2 2 2
left_child=1 2 -1 -4 -5
right_child=-2 -3 3 4 -6
leaf_value=0.0021945111593275166 0.011919957248015809 0.0017641545391484017 -0.0025081768904524908 0.0011776623863176401 -0.0038750233482920285
leaf_weight=5.9791235886514214 1.9097382929176079 9.9678977061994356 19.029661476612095 4.1360163035569704 2.7383696886245161
leaf_count=26 16 50 42 44 32
internal_value=0 -0.00543929 -0.0126552 -0.0206416 -0.00835044
internal_weight=0 41.8511 31.8832 25.904 6.87439
internal_count=210 194 144 118 76
shrinkage=0.1


Tree=91
num_leaves=6
num_cat=0
split_feature=0 0 0 0 0
split_gain=0.095938 0.0126239 0.000754907 0.00381796 0.000470237
threshold=0.45000000000000007 1.0000000180025095e-35 0.25000000000000006 0.15000000000000005 0.35000000000000003
decision_type=2 2 2 2 2
left_child=1 -1 3 -3 -4
right_child=-2 2 4 -5 -6
leaf_value=0.003111510564842929 0.019097330392710523 -0.0020995508319986652 -0.0036085392793653568 0.0012543695036992912 -0.0021378733853403948
leaf_weight=6.0082116015255442 2.4834451023489228 18.961753107607368 2.7743504634126994 4.1341049645561716 10.049657927360386
leaf_count=26 16 42 32 44 50
internal_value=0 -0.0113115 -0.0184081 -0.0149921 -0.0245604
internal_weight=0 41.9281 35.9199 23.0959 12.824
internal_count=210 194 168 86 82
shrinkage=0.1


Tree=92
num_leaves=6
num_cat=0
split_feature=0 0 0 0 0
split_gain=0.217498 0.142844 0.00579764 0.00159017 0.00394975
threshold=0.45000000000000007 0.35000000000000003 1.0000000180025095e-35 0.25000000000000006 0.15000000000000005
decision_type=2 2 2 2 2
left_child=1 2 -1 4 -4
right_child=-2 -3 3 -5 -6
leaf_value=0.0014626722151196263 -0.028118096257950621 0.013110437276511178 -0.0022675297683805318 -0.0041695601480168445 0.0011313048342455377
leaf_weight=6.2018477432429782 2.5885080955922595 8.7441207692027074 19.303425289690502 2.8434771476313463 4.1550329218152902
leaf_count=26 16 50 42 32 44
internal_value=0 0.0176455 -0.012877 -0.0193623 -0.0166552
internal_weight=0 41.2479 32.5038 26.3019 23.4585
internal_count=210 194 144 118 86
shrinkage=0.1


Tree=93
num_leaves=6
num_cat=0
split_feature=0 0 0 0 0
split_gain=0.0324575 0.00743466 0.00263288 0.00262341 0.00515231
threshold=0.35000000000000003 1.0000000180025095e-35 0.45000000000000007 0.15000000000000005 0.25000000000000006
decision_type=2 2 2 2 2
left_child=1 -1 -2 -3 -5
right_child=2 3 -4 4 -6
leaf_value=0.0014842976377737367 0.0039223183570175268 -0.0029528725340869158 0.0082120732928675534 0.0015586016279838693 -0.0039411081458206997
leaf_weight=6.2522716633975497 9.9441356593742931 19.334622383117679 1.6712110545486218 4.1510534366825587 2.8889196964446455
leaf_count=26 50 42 16 44 32
internal_value=0 -0.016161 0.0453953 -0.0235106 -0.00698256
internal_weight=0 32.6269 11.6153 26.3746 7.03997
internal_count=210 144 66 118 76
shrinkage=0.1


Tree=94
num_leaves=6
num_cat=0
split_feature=0 0 0 0 0
split_gain=0.0303029 0.0078246 0.00421674 0.00273664 0.00547541
threshold=0.35000000000000003 1.0000000180025095e-35 0.45000000000000007 0.15000000000000005 0.25000000000000006
decision_type=2 2 2 2 2
left_child=1 -1 -2 -3 -5
right_child=2 3 -4 4 -6
leaf_value=0.0015956023639489532 0.00356679297424238 -0.0029244100972418384 0.0088621395451331103 0.0017069119896439709 -0.0039147937508248057
leaf_weight=6.3607175461947909 9.9434179845266009 19.422297149896625 1.7717448007315404 4.1612246229778966 2.9684390034526587
leaf_count=26 50 42 16 44 32
internal_value=0 -0.0155465 0.0436764 -0.0230931 -0.00633688
internal_weight=0 32.9127 11.7152 26.552 7.12966
internal_count=210 144 66 118 76
shrinkage=0.1


Tree=95
num_leaves=6
num_cat=0
split_feature=0 0 0 0 0
split_gain=0.0262748 0.00893787 0.00846316 0.00272062 0.00583795
threshold=0.35000000000000003 0.45000000000000007 1.0000000180025095e-35 0.15000000000000005 0.25000000000000006
decision_type=2 2 2 2 2
left_child=2 -2 -1 -4 -5
right_child=1 -3 3 4 -6
leaf_value=0.0017974109624551177 0.0028301022572312204 0.010267341734473813 -0.0028421173892486176 0.0018600154095330349 -0.0038806069255217599
leaf_weight=6.4921358078718177 9.9384393347427213 1.9296224322170026 19.508562624454502 4.1784171115141353 3.0753451241180301
leaf_count=26 50 16 42 44 32
internal_value=0 0.0403932 -0.0144158 -0.0222731 -0.00573811
internal_weight=0 11.8681 33.2545 26.7623 7.25376
internal_count=210 66 144 118 76
shrinkage=0.1


Tree=96
num_leaves=6
num_cat=0
split_feature=0 0 0 0 0
split_gain=0.0480788 0.00719107 0.00695722 0.00184604 0.00483873
threshold=0.45000000000000007 1.0000000180025095e-35 0.15000000000000005 0.25000000000000006 0.35000000000000003
decision_type=2 2 2 2 2
left_child=1 -1 -3 -4 -5
right_child=-2 2 3 4 -6
leaf_value=0.0022873759787337251 0.014165752058752205 -0.0025788863372339741 0.0019942068812951546 -0.0037781287122686719 0.00067950426626902022
leaf_weight=6.6489963158965102 2.2769770976155987 19.555747210979462 4.2079360508359978 3.2244965094141653 9.9473491460084915
leaf_count=26 16 42 44 32 50
internal_value=0 -0.00740058 -0.0128505 0.00170785 -0.00411734
internal_weight=0 43.5845 36.9355 17.3798 13.1718
internal_count=210 194 168 126 82
shrinkage=0.1


Tree=97
num_leaves=6
num_cat=0
split_feature=0 0 0 0 0
split_gain=0.285998 0.191808 0.00616856 0.00193207 0.00679257
threshold=0.45000000000000007 0.35000000000000003 1.0000000180025095e-35 0.15000000000000005 0.25000000000000006
decision_type=2 2 2 2 2
left_child=1 2 -1 -4 -5
right_child=-2 -3 3 4 -6
leaf_value=0.0012922923137164515 -0.030960842235274399 0.015119937904976184 -0.002564554126866193 0.001963384460068818 -0.0039967453968760515
leaf_weight=6.9495091512799254 2.8025031741708508 8.8659175392240268 19.824680484831337 4.2771853965241453 3.4581476892344654
leaf_count=26 16 50 42 44 32
internal_value=0 0.0200039 -0.0137018 -0.0204155 -0.00701143
internal_weight=0 43.3754 34.5095 27.56 7.73533
internal_count=210 194 144 118 76
shrinkage=0.1


Tree=98
num_leaves=6
num_cat=0
split_feature=0 0 0 0 0
split_gain=0.0752255 0.00500807 0.00600314 0.00794348 2.04712e-05
threshold=0.35000000000000003 1.0000000180025095e-35 0.15000000000000005 0.25000000000000006 0.45000000000000007
decision_type=2 2 2 2 2
left_child=1 -1 -3 -4 -2
right_child=4 2 3 -5 -6
leaf_value=9.2152267541757826e-05 0.0070630579954112319 -0.0037858591072238881 0.0023179757233513752 -0.0039265854634169322 0.0074654928880331928
leaf_weight=7.2262410670518866 9.8304893746972049 20.132078543305401 4.3970520379953069 3.7954324756283313 1.4505220390856273
leaf_count=26 50 42 44 32 16
internal_value=0 -0.0225767 -0.0285717 -0.00575018 0.071148
internal_weight=0 35.5508 28.3246 8.19248 11.281
internal_count=210 144 118 76 66
shrinkage=0.1


Tree=99
num_leaves=6
num_cat=0
split_feature=0 0 0 0 0
split_gain=0.695402 0.921991 0.330498 0.00771746 4.67531e-06
threshold=0.25000000000000006 0.35000000000000003 0.15000000000000005 1.0000000180025095e-35 0.45000000000000007
decision_type=2 2 2 2 2
left_child=2 -2 3 -1 -3
right_child=1 4 -4 -5 -6
leaf_value=-0.00034141907058051618 0.079065425263599165 0.0077591038593750666 -0.029023873122493889 -0.0040783781154101776 0.0079511391254247273
leaf_weight=7.5699521750211742 2.1632394066546086 9.8018425675109011 5.9467255617491892 20.470707640051842 1.4561315104365355
leaf_count=26 32 50 44 42 16
internal_value=0 0.192731 -0.0761073 -0.0306954 0.0778394
internal_weight=0 13.4212 33.9874 28.0407 11.258
internal_count=210 98 112 68 66
shrinkage=0.1


end of trees

feature importances:
geographical=500

parameters:
[boosting: gbdt]
[objective: lambdarank]
[metric: ndcg]
[tree_learner: serial]
[device_type: cpu]
[data: ]
[valid: ]
[num_iterations: 100]
[learning_rate: 0.1]
[num_leaves: 16]
[num_threads: -1]
[max_depth: -1]
[min_data_in_leaf: 5]
[min_sum_hessian_in_leaf: 0.001]
[bagging_fraction: 1]
[pos_bagging_fraction: 1]
[neg_bagging_fraction: 1]
[bagging_freq: 0]
[bagging_seed: 3]
[feature_fraction: 1]
[feature_fraction_bynode: 1]
[feature_fraction_seed: 2]
[early_stopping_round: 0]
[first_metric_only: 0]
[max_delta_step: 0]
[lambda_l1: 0]
[lambda_l2: 0]
[min_gain_to_split: 0]
[drop_rate: 0.1]
[max_drop: 50]
[skip_drop: 0.5]
[xgboost_dart_mode: 0]
[uniform_drop: 0]
[drop_seed: 4]
[top_rate: 0.2]
[other_rate: 0.1]
[min_data_per_group: 100]
[max_cat_threshold: 32]
[cat_l2: 10]
[cat_smooth: 10]
[max_cat_to_onehot: 4]
[top_k: 20]
[monotone_constraints: ]
[feature_contri: ]
[forcedsplits_filename: ]
[forcedbins_filename: ]
[refit_decay_rate: 0.9]
[cegb_tradeoff: 1]
[cegb_penalty_split: 0]
[cegb_penalty_feature_lazy: ]
[cegb_penalty_feature_coupled: ]
[verbosity: -1]
[max_bin: 255]
[max_bin_by_feature: ]
[min_data_in_bin: 3]
[bin_construct_sample_cnt: 200000]
[histogram_pool_size: -1]
[data_random_seed: 1]
[output_model: LightGBM_model.txt]
[snapshot_freq: -1]
[input_model: ]
[output_result: LightGBM_predict_result.txt]
[initscore_filename: ]
[valid_data_initscores: ]
[pre_partition: 0]
[enable_bundle: 1]
[max_conflict_rate: 0]
[is_enable_sparse: 1]
[sparse_threshold: 0.8]
[use_missing: 1]
[zero_as_missing: 0]
[two_round: 0]
[save_binary: 0]
[header: 0]
[label_column: ]
[weight_column: ]
[group_column: ]
[ignore_column: ]
[categorical_feature: ]
[predict_raw_score: 0]
[predict_leaf_index: 0]
[predict_contrib: 0]
[num_iteration_predict: -1]
[pred_early_stop: 0]
[pred_early_stop_freq: 10]
[pred_early_stop_margin: 10]
[convert_model_language: ]
[convert_model: gbdt_prediction.cpp]
[num_class: 1]
[is_unbalance: 0]
[scale_pos_weight: 1]
[sigmoid: 1]
[boost_from_average: 1]
[reg_sqrt: 0]
[alpha: 0.9]
[fair_c: 1]
[poisson_max_delta_step: 0.7]
[tweedie_variance_power: 1.5]
[max_position: 20]
[lambdamart_norm: 1]
[label_gain: ]
[metric_freq: 1]
[is_provide_training_metric: 0]
[eval_at: 1]
[multi_error_top_k: 1]
[num_machines: 1]
[local_listen_port: 12400]
[time_out: 120]
[machine_list_filename: ]
[machines: ]
[gpu_platform_id: -1]
[gpu_device_id: -1]
[gpu_use_dp: 0]

end of parameters

pandas_categorical:null
