tree
version=v3
num_class=1
num_tree_per_iteration=1
label_index=0
max_feature_idx=0
objective=lambdarank
feature_names=geographical
feature_infos=[0:0.5]
tree_sizes=745 746 750 752 748 753 756 748 755 747 760 759 761 746 762 759 747 751 760 763 757 751 761 763 754 753 757 746 749 766 762 756 758 762 753 751 750 754 743 757 745 753 760 758 747 754 748 758 755 750 747 749 747 756 750 750 749 751 746 750 747 752 759 758 755 760 754 752 748 749 751 746 754 753 750 759 754 749 756 748 746 752 749 749 751 750 749 748 745 756 748 746 752 749 753 757 749 761 755 750

Tree=0
num_leaves=6
num_cat=0
split_feature=0 0 0 0 0
split_gain=0.225863 1.04248 0.229811 0.00215799 0.00574864
threshold=0.25000000000000006 0.35000000000000003 0.45000000000000007 0.15000000000000005 1.0000000180025095e-35
decision_type=2 2 2 2 2
left_child=3 -2 -3 4 -1
right_child=1 2 -4 -5 -6
leaf_value=0.0053428622758888451 -0.09287813626234942 0.024926228285486247 -0.046151261196981416 0.0070532044070375404 0.012635160830029888
leaf_weight=1.6881288662552814 1.330025737173856 2.6217794697731738 0.5503832735121249 5.1863231891766191 3.0059353550896049
leaf_count=24 30 40 12 60 44
internal_value=0 -0.185643 0.12594 0.0845919 0.100126
internal_weight=0 4.50219 3.17216 9.88039 4.69406
internal_count=210 82 52 128 68
shrinkage=0.1


Tree=1
num_leaves=6
num_cat=0
split_feature=0 0 0 0 0
split_gain=4.41991 0.761665 0.269971 0.221374 0.00230716
threshold=0.15000000000000005 0.25000000000000006 0.35000000000000003 1.0000000180025095e-35 0.45000000000000007
decision_type=2 2 2 2 2
left_child=3 -2 -3 -1 -4
right_child=1 2 4 -5 -6
leaf_value=0.057184785413131538 -0.0023226552279300523 -0.083077131425114623 -0.030378257194790599 0.03279361611143182 -0.03638055460989216
leaf_weight=5.2251331135630616 12.98163542896509 1.0303916698321725 19.186256453394893 12.926384139806032 0.66249861940741439
leaf_count=24 60 30 40 44 12
internal_value=0 -0.213433 -0.331694 0.398149 -0.305786
internal_weight=0 33.8608 20.8791 18.1515 19.8488
internal_count=210 142 82 68 52
shrinkage=0.1


Tree=2
num_leaves=6
num_cat=0
split_feature=0 0 0 0 0
split_gain=2.22307 0.615994 0.298664 0.272158 5.01337e-06
threshold=0.35000000000000003 1.0000000180025095e-35 0.45000000000000007 0.15000000000000005 0.25000000000000006
decision_type=2 2 2 2 2
left_child=1 -1 -2 -3 -5
right_child=2 3 -4 4 -6
leaf_value=-0.028389898875224265 0.051560387336156303 0.0084642579485841741 -0.020726507850934297 -0.011642755904360267 -0.011392748995187595
leaf_weight=12.465326040983198 7.9008836168795806 13.581905588507652 0.61613423097878683 12.532325360924004 0.85694118542596764
leaf_count=24 40 44 12 60 30
internal_value=0 -0.10006 0.46331 -0.015095 -0.116268
internal_weight=0 39.4365 8.51702 26.9712 13.3893
internal_count=210 158 52 134 90
shrinkage=0.1


Tree=3
num_leaves=6
num_cat=0
split_feature=0 0 0 0 0
split_gain=0.723707 0.49938 0.0914095 0.0921702 0.0882581
threshold=0.35000000000000003 1.0000000180025095e-35 0.15000000000000005 0.25000000000000006 0.45000000000000007
decision_type=2 2 2 2 2
left_child=1 -1 -3 -4 -2
right_child=4 2 3 -5 -6
leaf_value=0.022763537838055223 0.022620775194733531 -0.015041793777459376 -0.0011234593778153596 -0.03760856934522093 -0.024827223191817585
leaf_weight=4.9294349513947955 11.888792786747214 22.077380128204823 9.7634335104376042 0.74525588285178013 0.4053973341360696
leaf_count=24 40 44 60 30 12
internal_value=0 -0.0690032 -0.113877 -0.0371091 0.210562
internal_weight=0 37.5155 32.5861 10.5087 12.2942
internal_count=210 158 134 90 52
shrinkage=0.1


Tree=4
num_leaves=6
num_cat=0
split_feature=0 0 0 0 0
split_gain=4.78718 0.917037 0.0686012 0.0244901 0.0159141
threshold=0.25000000000000006 0.15000000000000005 0.35000000000000003 1.0000000180025095e-35 0.45000000000000007
decision_type=2 2 2 2 2
left_child=1 3 -2 -1 -4
right_child=2 -3 4 -5 -6
leaf_value=0.046938805178654709 -0.066090983046054166 0.0041964637266894379 -0.035429665223422203 0.039092443436100882 -0.014155599125923702
leaf_weight=6.4890979453921327 0.73819336993620044 10.280903117731215 19.636567316949371 10.279204431921244 0.35803733952343364
leaf_count=24 30 60 40 44 12
internal_value=0 0.277115 -0.36154 0.421289 -0.350487
internal_weight=0 27.0492 20.7328 16.7683 19.9946
internal_count=210 128 82 68 52
shrinkage=0.1


Tree=5
num_leaves=6
num_cat=0
split_feature=0 0 0 0 0
split_gain=1.12821 0.377389 0.0648431 0.0407467 0.0163825
threshold=1.0000000180025095e-35 0.35000000000000003 0.25000000000000006 0.45000000000000007 0.15000000000000005
decision_type=2 2 2 2 2
left_child=-1 2 4 -3 -2
right_child=1 3 -4 -5 -6
leaf_value=-0.02568305220611207 0.0058582882910595104 0.027068948575181023 -0.02671827334062564 -0.0051233815316378984 0.00050327340733380941
leaf_weight=12.509490691125391 13.315357550978664 9.5987955201417172 0.72938250796869297 0.40996947884559704 10.005968026816845
leaf_count=24 44 40 30 12 60
internal_value=0 0.0943297 0.0264246 0.257503 0.0356073
internal_weight=0 34.0595 24.0507 10.0088 23.3213
internal_count=210 186 134 52 104
shrinkage=0.1


Tree=6
num_leaves=6
num_cat=0
split_feature=0 0 0 0 0
split_gain=0.823769 0.135842 0.0804622 0.0536217 0.024954
threshold=0.35000000000000003 1.0000000180025095e-35 0.15000000000000005 0.45000000000000007 0.25000000000000006
decision_type=2 2 2 2 2
left_child=1 -1 -3 -2 -4
right_child=3 2 4 -5 -6
leaf_value=0.0060056233852535459 0.025842741267459658 -0.013038001585271878 -0.00093717302517074311 -0.014081912807367584 -0.021329247552097308
leaf_weight=6.7900413796305648 10.349513532593843 21.536456108093262 9.4807373825460672 0.34770352300256568 0.64064061618410129
leaf_count=24 40 44 60 12 30
internal_value=0 -0.0682907 -0.0958189 0.24545 -0.0222791
internal_weight=0 38.4479 31.6578 10.6972 10.1214
internal_count=210 158 134 52 90
shrinkage=0.1


Tree=7
num_leaves=6
num_cat=0
split_feature=0 0 0 0 0
split_gain=7.84882 1.45824 0.166153 0.0331171 0.000814042
threshold=0.25000000000000006 0.15000000000000005 1.0000000180025095e-35 0.45000000000000007 0.35000000000000003
decision_type=2 2 2 2 2
left_child=1 2 -1 4 -2
right_child=3 -3 -4 -5 -6
leaf_value=0.064905832349810913 -0.049090137470780969 0.0044958409838431841 0.045020404698119916 -0.010392203425276102 -0.045102918357073134
leaf_weight=6.8844397217035302 0.52483930694871261 9.6897767502814549 10.783175241202116 0.27685080142691632 21.001420050859451
leaf_count=24 30 60 44 12 40
internal_value=0 0.356711 0.52769 -0.447581 -0.452001
internal_weight=0 27.3574 17.6676 21.8031 21.5263
internal_count=210 128 68 82 70
shrinkage=0.1


Tree=8
num_leaves=6
num_cat=0
split_feature=0 0 0 0 0
split_gain=0.970424 0.241298 0.0545614 0.0237457 0.0197329
threshold=1.0000000180025095e-35 0.35000000000000003 0.15000000000000005 0.45000000000000007 0.25000000000000006
decision_type=2 2 2 2 2
left_child=-1 2 -2 -3 -4
right_child=1 3 4 -5 -6
leaf_value=-0.023682183197606569 0.0078500317570851432 0.023170233958081328 -0.00074562456530909745 -0.0025208122731394337 -0.018449736408030149
leaf_weight=12.542075686156748 12.762677554041147 9.3882630197331274 9.843923553824423 0.37410377059131938 0.67258338048122901
leaf_count=24 44 40 60 12 30
internal_value=0 0.089894 0.0345539 0.221857 -0.0187789
internal_weight=0 33.0416 23.2792 9.76237 10.5165
internal_count=210 186 134 52 90
shrinkage=0.1


Tree=9
num_leaves=6
num_cat=0
split_feature=0 0 0 0 0
split_gain=4.0113 0.208547 0.316198 0.0174912 0.00874473
threshold=1.0000000180025095e-35 0.15000000000000005 0.35000000000000003 0.45000000000000007 0.25000000000000006
decision_type=2 2 2 2 2
left_child=-1 -2 4 -4 -3
right_child=1 2 3 -5 -6
leaf_value=-0.04635771522817058 0.027119694582640175 -0.00032197885645639701 0.02508430832280505 0.0016935383130823893 -0.012323303592192254
leaf_weight=13.420828409492968 14.708226040005682 9.336657091509549 9.3175507429987174 0.33104961132630784 0.64936561207287091
leaf_count=24 44 60 40 12 30
internal_value=0 0.181161 0.113716 0.242818 -0.0110239
internal_weight=0 34.3428 19.6346 9.6486 9.98602
internal_count=210 186 142 52 90
shrinkage=0.1


Tree=10
num_leaves=6
num_cat=0
split_feature=0 0 0 0 0
split_gain=0.565618 0.116667 0.0144005 0.0097938 0.00949794
threshold=1.0000000180025095e-35 0.35000000000000003 0.45000000000000007 0.15000000000000005 0.25000000000000006
decision_type=2 2 2 2 2
left_child=-1 3 -3 -2 -5
right_child=1 2 -4 4 -6
leaf_value=0.033500493460758722 -0.0083225039105540074 0.0055742066741369927 -0.014842565321575138 -0.0036755150728321239 -0.015882578026604775
leaf_weight=4.5372170843183985 19.464503973722458 10.951983186416324 0.3567163525149234 9.4974081902764738 0.68324659112840969
leaf_count=24 44 40 12 60 30
internal_value=0 -0.0371147 0.0493019 -0.0700799 -0.0449476
internal_weight=0 40.9539 11.3087 29.6452 10.1807
internal_count=210 186 52 134 90
shrinkage=0.1


Tree=11
num_leaves=6
num_cat=0
split_feature=0 0 0 0 0
split_gain=0.499246 0.0743916 0.0331118 0.0327852 0.00739351
threshold=0.35000000000000003 1.0000000180025095e-35 0.45000000000000007 0.15000000000000005 0.25000000000000006
decision_type=2 2 2 2 2
left_child=1 -1 -2 -3 -5
right_child=2 3 -4 4 -6
leaf_value=0.0047401998025599868 0.020138104968181733 -0.0099490247550856319 -0.012193580246525211 -0.0022166892909428046 -0.013314706357214521
leaf_weight=5.805599618703126 10.211286734789606 20.100330427289009 0.32689757924527008 9.3146403157152236 0.64163895905949253
leaf_count=24 40 44 12 60 30
internal_value=0 -0.0562291 0.191352 -0.076246 -0.0293191
internal_weight=0 35.8622 10.5382 30.0566 9.95628
internal_count=210 158 52 134 90
shrinkage=0.1


Tree=12
num_leaves=6
num_cat=0
split_feature=0 0 0 0 0
split_gain=0.869181 0.067719 0.114854 0.0298959 0.00464331
threshold=0.35000000000000003 1.0000000180025095e-35 0.15000000000000005 0.45000000000000007 0.25000000000000006
decision_type=2 2 2 2 2
left_child=1 -1 -3 -2 -4
right_child=3 2 4 -5 -6
leaf_value=0.0020725385454720864 0.024589401952239898 -0.013566050657349955 0.00020697846668579225 -0.0088569696545210304 -0.0095852823058211484
leaf_weight=6.1010606586933127 11.373200798407193 21.143348261713982 8.9726723907515407 0.27367825433611948 0.51186595321632999
leaf_count=24 40 44 60 12 30
internal_value=0 -0.0754817 -0.0946461 0.238035 -0.00321495
internal_weight=0 36.7289 30.6279 11.6469 9.48454
internal_count=210 158 134 52 90
shrinkage=0.1


Tree=13
num_leaves=6
num_cat=0
split_feature=0 0 0 0 0
split_gain=3.52283 0.547728 0.541081 0.0160537 0.000930189
threshold=0.25000000000000006 0.15000000000000005 1.0000000180025095e-35 0.45000000000000007 0.35000000000000003
decision_type=2 2 2 2 2
left_child=1 2 -1 4 -2
right_child=3 -3 -4 -5 -6
leaf_value=0.010397868570863937 -0.037121043379095491 0.0031052013461703768 0.045760881199610207 -0.0061193553737384481 -0.03260402701824109
leaf_weight=6.8480645120143899 0.46710834885016689 9.3820033241063374 11.75190269947052 0.22968487022444503 18.996749401092529
leaf_count=24 30 60 44 12 40
internal_value=0 0.228045 0.327411 -0.324023 -0.327124
internal_weight=0 27.982 18.6 19.6935 19.4639
internal_count=210 128 68 82 70
shrinkage=0.1


Tree=14
num_leaves=6
num_cat=0
split_feature=0 0 0 0 0
split_gain=0.433527 0.0683198 0.0296765 0.0241869 0.00305304
threshold=0.35000000000000003 1.0000000180025095e-35 0.15000000000000005 0.45000000000000007 0.25000000000000006
decision_type=2 2 2 2 2
left_child=1 -1 -3 -2 -4
right_child=3 2 4 -5 -6
leaf_value=0.0047338942302794906 0.018853226876173725 -0.0093968321086538489 -0.0022342097517966358 -0.0095282818104196563 -0.0094305735542803658
leaf_weight=5.7488799393177024 10.045948741026219 19.906482644379139 9.2507040370255709 0.30951956845820028 0.62965747201815325
leaf_count=24 40 44 60 12 30
internal_value=0 -0.0524681 -0.071731 0.180049 -0.0269282
internal_weight=0 35.5357 29.7868 10.3555 9.88036
internal_count=210 158 134 52 90
shrinkage=0.1


Tree=15
num_leaves=6
num_cat=0
split_feature=0 0 0 0 0
split_gain=0.657325 0.0684626 0.0822411 0.0225447 0.0019978
threshold=0.35000000000000003 1.0000000180025095e-35 0.15000000000000005 0.45000000000000007 0.25000000000000006
decision_type=2 2 2 2 2
left_child=1 -1 -3 -2 -4
right_child=3 2 4 -5 -6
leaf_value=0.0032529180694424002 0.022117457096807912 -0.011999730983264354 -0.0004262627359276469 -0.0068256840851620426 -0.0066716684813538131
leaf_weight=5.9938152991235247 10.736850744113323 20.635259546339512 9.0191414155997336 0.2760435454547413 0.5430264347232886
leaf_count=24 40 44 60 12 30
internal_value=0 -0.0650952 -0.0844724 0.21392 -0.00780933
internal_weight=0 36.1912 30.1974 11.0129 9.56217
internal_count=210 158 134 52 90
shrinkage=0.1


Tree=16
num_leaves=6
num_cat=0
split_feature=0 0 0 0 0
split_gain=6.66078 1.08376 0.119391 0.0237967 0.00696775
threshold=0.25000000000000006 0.15000000000000005 1.0000000180025095e-35 0.45000000000000007 0.35000000000000003
decision_type=2 2 2 2 2
left_child=1 2 -1 4 -2
right_child=3 -3 -4 -5 -6
leaf_value=0.057668152260878264 -0.028501673412139363 0.0033799065301209417 0.040356225644444313 -0.0076905854693987532 -0.042568390146995295
leaf_weight=5.6585213541984567 0.3581786290742518 8.9897822826169449 13.458528753370047 0.20018389448523424 20.862622320652008
leaf_count=24 30 60 44 12 40
internal_value=0 0.320149 0.454804 -0.420072 -0.42331
internal_weight=0 28.1068 19.1171 21.421 21.2208
internal_count=210 128 68 82 70
shrinkage=0.1


Tree=17
num_leaves=6
num_cat=0
split_feature=0 0 0 0 0
split_gain=2.27834 0.0594929 0.187883 0.0054261 0.00160271
threshold=1.0000000180025095e-35 0.35000000000000003 0.15000000000000005 0.45000000000000007 0.25000000000000006
decision_type=2 2 2 2 2
left_child=-1 2 -2 -3 -4
right_child=1 3 4 -5 -6
leaf_value=-0.035393149591385543 0.018919703503715062 0.021116314971432713 0.0010450280486409239 0.0071668613468123411 -0.0041901466655127582
leaf_weight=13.022061929106711 13.570148929953575 9.2438632808625663 9.1003557066433114 0.28752513881772834 0.6249373110476889
leaf_count=24 44 40 60 12 30
internal_value=0 0.140401 0.11317 0.206955 0.00708621
internal_weight=0 32.8268 23.2954 9.53139 9.72529
internal_count=210 186 134 52 90
shrinkage=0.1


Tree=18
num_leaves=6
num_cat=0
split_feature=0 0 0 0 0
split_gain=0.349248 0.0614113 0.0251197 0.0170738 0.00103601
threshold=0.35000000000000003 1.0000000180025095e-35 0.15000000000000005 0.45000000000000007 0.25000000000000006
decision_type=2 2 2 2 2
left_child=1 -1 -3 -2 -4
right_child=3 2 4 -5 -6
leaf_value=0.0048067116746128985 0.017106234880254447 -0.0086074565223386787 -0.0021374348061151752 -0.0071793580595241688 -0.0063060464270590869
leaf_weight=5.6836444884538642 9.8015570146962965 19.663557529449463 9.1563900704495609 0.29829932097345668 0.63770549022592682
leaf_count=24 40 44 60 12 30
internal_value=0 -0.047103 -0.0654654 0.16389 -0.0240886
internal_weight=0 35.1413 29.4577 10.0999 9.7941
internal_count=210 158 134 52 90
shrinkage=0.1


Tree=19
num_leaves=6
num_cat=0
split_feature=0 0 0 0 0
split_gain=0.457963 0.0652428 0.0536559 0.0159394 0.000665689
threshold=0.35000000000000003 1.0000000180025095e-35 0.15000000000000005 0.45000000000000007 0.25000000000000006
decision_type=2 2 2 2 2
left_child=1 -1 -3 -2 -4
right_child=3 2 4 -5 -6
leaf_value=0.0042349910470576525 0.019091901893746599 -0.010234554942002955 -0.00093769021190781739 -0.0051359379018730599 -0.0044131885148242615
leaf_weight=5.8730247579514971 10.137182050384578 20.121100790798664 9.018248048145324 0.27901970176026303 0.58697888697497613
leaf_count=24 40 44 60 12 30
internal_value=0 -0.0539631 -0.0729916 0.184429 -0.0115008
internal_weight=0 35.5994 29.7263 10.4162 9.60523
internal_count=210 158 134 52 90
shrinkage=0.1


Tree=20
num_leaves=6
num_cat=0
split_feature=0 0 0 0 0
split_gain=0.787882 0.0732406 0.124626 0.0166718 0.000251484
threshold=0.35000000000000003 0.15000000000000005 1.0000000180025095e-35 0.45000000000000007 0.25000000000000006
decision_type=2 2 2 2 2
left_child=1 2 -1 -2 -3
right_child=3 4 -4 -5 -6
leaf_value=0.0027427987306915553 0.02365687974097537 0.0006776650719994828 -0.013398314001808898 -0.0028210175509999417 -0.0016807762489247668
leaf_weight=6.1851065009832409 11.049207244068381 8.7726426101289654 21.10806605219841 0.24303300678730089 0.47669505863450551
leaf_count=24 40 60 44 12 30
internal_value=0 -0.0713427 -0.0974046 0.23087 0.00556115
internal_weight=0 36.5425 27.2932 11.2922 9.24934
internal_count=210 158 68 52 90
shrinkage=0.1


Tree=21
num_leaves=6
num_cat=0
split_feature=0 0 0 0 0
split_gain=4.51101 0.713305 0.298851 0.0253421 0.00423424
threshold=0.25000000000000006 0.15000000000000005 1.0000000180025095e-35 0.45000000000000007 0.35000000000000003
decision_type=2 2 2 2 2
left_child=1 2 -1 4 -2
right_child=3 -3 -4 -5 -6
leaf_value=0.020557316179397676 -0.026136601515254373 0.0032216686608175522 0.046923778963412099 -0.00016066005195640058 -0.036543301374017512
leaf_weight=6.7331992909312257 0.3989454951370196 9.0921332957223076 11.890093624591827 0.19555275095626609 19.570699244737625
leaf_count=24 30 60 44 12 40
internal_value=0 0.261817 0.373911 -0.359846 -0.363354
internal_weight=0 27.7154 18.6233 20.1652 19.9696
internal_count=210 128 68 82 70
shrinkage=0.1


Tree=22
num_leaves=6
num_cat=0
split_feature=0 0 0 0 0
split_gain=0.375178 0.0731008 0.04673 0.0119026 0.000155466
threshold=0.35000000000000003 1.0000000180025095e-35 0.15000000000000005 0.45000000000000007 0.25000000000000006
decision_type=2 2 2 2 2
left_child=1 -1 -3 -2 -4
right_child=3 2 4 -5 -6
leaf_value=0.0052064210749494522 0.017704615388215331 -0.0095812476174014453 -0.00099379504928234319 -0.0033341059427156247 -0.002649312228762352
leaf_weight=6.0720427446067324 9.7225259607657755 20.068614281713963 8.9946010760031641 0.27655661292374206 0.60542124591302204
leaf_count=24 40 44 60 12 30
internal_value=0 -0.0479038 -0.0683635 0.171227 -0.010982
internal_weight=0 35.7407 29.6686 9.99908 9.60002
internal_count=210 158 134 52 90
shrinkage=0.1


Tree=23
num_leaves=6
num_cat=0
split_feature=0 0 0 0 0
split_gain=0.554259 0.0928702 0.0953528 0.0113088 1.77963e-05
threshold=0.35000000000000003 1.0000000180025095e-35 0.15000000000000005 0.45000000000000007 0.25000000000000006
decision_type=2 2 2 2 2
left_child=1 -1 -3 -2 -4
right_child=3 2 4 -5 -6
leaf_value=0.0049610988043309939 0.021114778463736987 -0.011818932676129434 0.00036213423463179973 -0.00028202226824194888 -0.00023024451286736576
leaf_weight=6.6841403916478148 9.9872576352208817 20.90179019421339 8.8166406340897083 0.25327612692490298 0.53809658810496408
leaf_count=24 40 44 60 12 30
internal_value=0 -0.0570664 -0.0806332 0.205856 0.0032806
internal_weight=0 36.9407 30.2565 10.2405 9.35474
internal_count=210 158 134 52 90
shrinkage=0.1


Tree=24
num_leaves=6
num_cat=0
split_feature=0 0 0 0 0
split_gain=2.61984 0.929817 0.0155692 0.000476514 1.10515e-06
threshold=1.0000000180025095e-35 0.35000000000000003 0.45000000000000007 0.15000000000000005 0.25000000000000006
decision_type=2 2 2 2 2
left_child=-1 3 -3 -2 -5
right_child=1 2 -4 4 -6
leaf_value=-0.038938895970118424 0.0025877214240445363 0.038051492442174352 0.010020892009993891 0.003496470124875084 0.0036746549165304629
leaf_weight=12.753665566444395 15.758550476282835 11.108804777264591 0.20175191340968088 8.5151696922257525 0.36291652044747102
leaf_count=24 44 40 12 60 30
internal_value=0 0.138151 0.375515 0.0291782 0.0350375
internal_weight=0 35.9472 11.3106 24.6366 8.87809
internal_count=210 186 52 134 90
shrinkage=0.1


Tree=25
num_leaves=6
num_cat=0
split_feature=0 0 0 0 0
split_gain=2.56474 0.531588 0.0504478 0.0110782 1.70235e-06
threshold=0.15000000000000005 0.25000000000000006 1.0000000180025095e-35 0.45000000000000007 0.35000000000000003
decision_type=2 2 2 2 2
left_child=2 -2 -1 4 -3
right_child=1 3 -4 -5 -6
leaf_value=0.040968124637327831 0.0017347254153171237 -0.027366411439997129 0.028385389825289514 -0.0048265344470754153 -0.027565769098779926
leaf_weight=4.3499275185167798 9.3116917381994444 0.43829611083493247 11.911727223545313 0.21674286061897771 18.843658156692982
leaf_count=24 60 30 44 12 40
internal_value=0 -0.179216 0.317512 -0.273085 -0.275612
internal_weight=0 28.8104 16.2617 19.4987 19.282
internal_count=210 142 68 82 70
shrinkage=0.1


Tree=26
num_leaves=6
num_cat=0
split_feature=0 0 0 0 0
split_gain=0.666253 0.0650439 0.0915854 0.0129175 4.5901e-05
threshold=0.35000000000000003 0.15000000000000005 1.0000000180025095e-35 0.45000000000000007 0.25000000000000006
decision_type=2 2 2 2 2
left_child=1 2 -1 -2 -3
right_child=3 4 -4 -5 -6
leaf_value=0.0017148327564984846 0.021786462421639608 0.00052022686569821162 -0.012337363115071312 -0.0015599299932033618 0.0015200800796761141
leaf_weight=5.9868121035397079 10.96200123429298 8.7446061321534181 20.587672367691994 0.24223184259608463 0.48458905238658262
leaf_count=24 40 60 44 12 30
internal_value=0 -0.066598 -0.0917163 0.212817 0.00572725
internal_weight=0 35.8037 26.5745 11.2042 9.2292
internal_count=210 158 68 52 90
shrinkage=0.1


Tree=27
num_leaves=6
num_cat=0
split_feature=0 0 0 0 0
split_gain=5.98562 0.992189 0.10271 0.0258162 0.0153608
threshold=0.25000000000000006 0.15000000000000005 1.0000000180025095e-35 0.45000000000000007 0.35000000000000003
decision_type=2 2 2 2 2
left_child=1 2 -1 4 -2
right_child=3 -3 -4 -5 -6
leaf_value=0.055315618973232443 -0.019006644148650831 0.0030691661171820374 0.038981601801080748 -0.002519008706639363 -0.040805866199412649
leaf_weight=5.4175352044403562 0.32841064804234221 8.846579984994607 13.302533123642206 0.18086366076022287 20.552984297275543
leaf_count=24 30 60 44 12 40
internal_value=0 0.306668 0.437086 -0.401372 -0.40463
internal_weight=0 27.5666 18.7201 21.0623 20.8814
internal_count=210 128 68 82 70
shrinkage=0.1


Tree=28
num_leaves=6
num_cat=0
split_feature=0 0 0 0 0
split_gain=2.81123 0.0867029 0.166642 0.00226003 5.7818e-05
threshold=1.0000000180025095e-35 0.15000000000000005 0.35000000000000003 0.45000000000000007 0.25000000000000006
decision_type=2 2 2 2 2
left_child=-1 -2 4 -4 -3
right_child=1 2 3 -5 -6
leaf_value=-0.039031008711559755 0.021664289933866231 0.0017564930778386986 0.020857479207798194 0.011334664159043986 0.002782590240239911
leaf_weight=13.167338781058787 13.899778984487055 8.8145708867814374 9.2432184172794205 0.25612625526264388 0.58562813187018115
leaf_count=24 44 60 40 12 30
internal_value=0 0.156691 0.112598 0.206007 0.0182042
internal_weight=0 32.7993 18.8995 9.49934 9.4002
internal_count=210 186 142 52 90
shrinkage=0.1


Tree=29
num_leaves=6
num_cat=0
split_feature=0 0 0 0 0
split_gain=0.331901 0.0409745 0.0406774 0.00982883 6.07926e-05
threshold=0.35000000000000003 1.0000000180025095e-35 0.15000000000000005 0.45000000000000007 0.25000000000000006
decision_type=2 2 2 2 2
left_child=1 -1 -3 -2 -4
right_child=3 2 4 -5 -6
leaf_value=0.0031591177982294989 0.016318194578176865 -0.0088002441177781957 -0.00089273303532499005 -0.0029751778294500528 0.0001465022708114314
leaf_weight=5.5941835697740308 9.9781837230548227 19.524315498769283 8.9174376062583178 0.27122686989605505 0.60081420582719225
leaf_count=24 40 44 60 12 30
internal_value=0 -0.0467766 -0.0618718 0.158076 -0.00827134
internal_weight=0 34.6368 29.0426 10.2494 9.51825
internal_count=210 158 134 52 90
shrinkage=0.1


Tree=30
num_leaves=6
num_cat=0
split_feature=0 0 0 0 0
split_gain=0.454162 0.0387394 0.0603063 0.0100772 0.00013568
threshold=0.35000000000000003 0.15000000000000005 1.0000000180025095e-35 0.45000000000000007 0.25000000000000006
decision_type=2 2 2 2 2
left_child=1 2 -1 -2 -3
right_child=3 4 -4 -5 -6
leaf_value=0.0014806455508006326 0.018428369669427822 -0.00013417439026130432 -0.010172157662171957 -0.0016350711200816019 0.0014862421584998374
leaf_weight=5.7251856885850456 10.513715180568393 8.8153073901776189 19.803199909627438 0.2564464872702964 0.54890218412038017
leaf_count=24 40 60 44 12 30
internal_value=0 -0.0554075 -0.0755881 0.179506 -0.000391904
internal_weight=0 34.8926 25.5284 10.7702 9.36421
internal_count=210 158 68 52 90
shrinkage=0.1


Tree=31
num_leaves=6
num_cat=0
split_feature=0 0 0 0 0
split_gain=0.333872 0.47741 0.070832 0.00413881 0.000244165
threshold=1.0000000180025095e-35 0.15000000000000005 0.35000000000000003 0.45000000000000007 0.25000000000000006
decision_type=2 2 2 2 2
left_child=-1 -2 4 -4 -3
right_child=1 2 3 -5 -6
leaf_value=0.023934103028951933 -0.01363028214011433 0.00099266232619530932 0.013133044323276706 -0.00047111067483484475 0.0034015255166233195
leaf_weight=5.1849624738097182 20.948384203016758 8.6323354972992075 11.533407220616935 0.2280532633885749 0.44234654819592911
leaf_count=24 44 60 40 12 30
internal_value=0 -0.0296994 0.0774783 0.128693 0.0111008
internal_weight=0 41.7845 20.8361 11.7615 9.07468
internal_count=210 186 142 52 90
shrinkage=0.1


Tree=32
num_leaves=6
num_cat=0
split_feature=0 0 0 0 0
split_gain=2.97155 1.31999 0.00486807 0.00865345 3.00744e-05
threshold=1.0000000180025095e-35 0.15000000000000005 0.25000000000000006 0.35000000000000003 0.45000000000000007
decision_type=2 2 2 2 2
left_child=-1 -2 -3 -4 -5
right_child=1 2 3 4 -6
leaf_value=-0.041367669274368239 0.041812800774355403 0.0032176336356158118 -0.016072092216865393 0.00062912581782195568 -0.00071048510758211819
leaf_weight=12.856486186385153 11.937818359583614 8.751902864780277 0.31706825725268478 15.490056827664374 0.16941969678737301
leaf_count=24 44 60 30 40 12
internal_value=0 0.14505 0.0132193 0.0028347 0.00614633
internal_weight=0 36.6663 24.7284 15.9765 15.6595
internal_count=210 186 142 82 52
shrinkage=0.1


Tree=33
num_leaves=6
num_cat=0
split_feature=0 0 0 0 0
split_gain=0.283664 0.301101 0.0896611 0.00699147 0.000235862
threshold=0.35000000000000003 1.0000000180025095e-35 0.15000000000000005 0.45000000000000007 0.25000000000000006
decision_type=2 2 2 2 2
left_child=1 -1 -3 -2 -4
right_child=3 2 4 -5 -6
leaf_value=0.020742443888414227 0.014184568815437105 -0.011774012753091272 -4.5368268864439586e-05 -0.0027685427986405245 0.0021787818054421963
leaf_weight=4.1295539010316125 10.936168728396293 20.451244600117207 8.7806582907214761 0.24879361409694037 0.50416886201128441
leaf_count=24 40 44 60 12 30
internal_value=0 -0.0456026 -0.0807414 0.138075 0.000754037
internal_weight=0 33.8656 29.7361 11.185 9.28483
internal_count=210 158 134 52 90
shrinkage=0.1


Tree=34
num_leaves=6
num_cat=0
split_feature=0 0 0 0 0
split_gain=0.750926 0.335696 0.191316 0.0117722 0.000345661
threshold=0.35000000000000003 1.0000000180025095e-35 0.15000000000000005 0.45000000000000007 0.25000000000000006
decision_type=2 2 2 2 2
left_child=1 -1 -3 -2 -4
right_child=3 2 4 -5 -6
leaf_value=0.019058782886875389 0.021550550887635977 -0.016103878265099184 0.0011714009472331892 -0.0026948799906757032 0.0043206507885883072
leaf_weight=4.1933104358613482 12.192152708768841 21.960430353879929 8.5022621662355959 0.2036064709536739 0.3634248803136878
leaf_count=24 40 44 60 12 30
internal_value=0 -0.0748724 -0.110983 0.211523 0.013005
internal_weight=0 35.0194 30.8261 12.3958 8.86569
internal_count=210 158 134 52 90
shrinkage=0.1


Tree=35
num_leaves=6
num_cat=0
split_feature=0 0 0 0 0
split_gain=2.44622 0.390288 0.040482 0.013583 0.00234416
threshold=0.25000000000000006 0.15000000000000005 1.0000000180025095e-35 0.45000000000000007 0.35000000000000003
decision_type=2 2 2 2 2
left_child=1 2 -1 4 -2
right_child=3 -3 -4 -5 -6
leaf_value=0.034989690399502109 -0.020294906693221128 0.0024112881017260284 0.024692282421456851 -0.00075450448471232412 -0.027945192847567808
leaf_weight=5.5006169155240068 0.40944313595537701 9.0832215743139404 12.478604938834906 0.18784937774762409 18.394611515104771
leaf_count=24 30 60 44 12 40
internal_value=0 0.193069 0.278427 -0.275113 -0.277786
internal_weight=0 27.0624 17.9792 18.9919 18.8041
internal_count=210 128 68 82 70
shrinkage=0.1


Tree=36
num_leaves=6
num_cat=0
split_feature=0 0 0 0 0
split_gain=3.60031 0.268506 0.0980882 0.00588937 0.00119561
threshold=1.0000000180025095e-35 0.35000000000000003 0.15000000000000005 0.45000000000000007 0.25000000000000006
decision_type=2 2 2 2 2
left_child=-1 2 -2 -3 -4
right_child=1 3 4 -5 -6
leaf_value=-0.044373056856340798 0.016161786494866916 0.030914366755023133 0.0027061537481738287 0.014116389362757937 0.0080593781828080802
leaf_weight=13.213893584907053 15.193809188902378 10.066042324528095 8.5183967491611821 0.21313475421629924 0.43870188656728792
leaf_count=24 44 40 60 12 30
internal_value=0 0.170299 0.112686 0.305661 0.0296834
internal_weight=0 34.4301 24.1509 10.2792 8.9571
internal_count=210 186 134 52 90
shrinkage=0.1


Tree=37
num_leaves=6
num_cat=0
split_feature=0 0 0 0 0
split_gain=0.775759 0.298324 0.185211 0.0125713 0.000531512
threshold=0.35000000000000003 1.0000000180025095e-35 0.15000000000000005 0.45000000000000007 0.25000000000000006
decision_type=2 2 2 2 2
left_child=1 -1 -3 -2 -4
right_child=3 2 4 -5 -6
leaf_value=0.018617759095078422 0.02181987297776734 -0.015911485855927551 0.0010670769553313331 -0.0032035864367926346 0.0049855222068352139
leaf_weight=3.8295258805155745 12.242266269400712 21.910566672682762 8.4928647864144295 0.20411076210439283 0.3608762699877851
leaf_count=24 40 44 60 12 30
internal_value=0 -0.0770284 -0.109792 0.214095 0.0122679
internal_weight=0 34.5938 30.7643 12.4464 8.85374
internal_count=210 158 134 52 90
shrinkage=0.1


Tree=38
num_leaves=6
num_cat=0
split_feature=0 0 0 0 0
split_gain=2.57984 0.47674 0.057 0.0151356 0.00302707
threshold=0.25000000000000006 0.15000000000000005 1.0000000180025095e-35 0.45000000000000007 0.35000000000000003
decision_type=2 2 2 2 2
left_child=1 2 -1 4 -2
right_child=3 -3 -4 -5 -6
leaf_value=0.039997907561333208 -0.019367519186161898 0.0022344192542049679 0.027023981908489064 0.0003051329541425632 -0.028091153146912282
leaf_weight=4.710934568196536 0.40639193367679283 9.0955317993648368 12.043695747852325 0.19208586309105055 18.739252798259258
leaf_count=24 30 60 44 12 40
internal_value=0 0.20666 0.306719 -0.276258 -0.27906
internal_weight=0 25.8502 16.7546 19.3377 19.1456
internal_count=210 128 68 82 70
shrinkage=0.1


Tree=39
num_leaves=6
num_cat=0
split_feature=0 0 0 0 0
split_gain=0.699963 0.0875439 0.140748 0.00755262 0.00135323
threshold=0.35000000000000003 1.0000000180025095e-35 0.15000000000000005 0.45000000000000007 0.25000000000000006
decision_type=2 2 2 2 2
left_child=1 -1 -3 -2 -4
right_child=3 2 4 -5 -6
leaf_value=0.0038767149825350471 0.022875708579918136 -0.013266240270666578 0.0013814608582038775 0.0040696546204923604 0.0070027745385454823
leaf_weight=6.6131983399391165 10.498624026775357 21.229739755392075 8.5369520273525268 0.21798542235046703 0.45086568314582182
leaf_count=24 40 44 60 12 30
internal_value=0 -0.0654482 -0.088256 0.224932 0.0166345
internal_weight=0 36.8308 30.2176 10.7166 8.98782
internal_count=210 158 134 52 90
shrinkage=0.1


Tree=40
num_leaves=6
num_cat=0
split_feature=0 0 0 0 0
split_gain=8.26204 1.42033 0.0497378 0.0462132 0.0385917
threshold=0.25000000000000006 0.15000000000000005 1.0000000180025095e-35 0.45000000000000007 0.35000000000000003
decision_type=2 2 2 2 2
left_child=1 2 -1 4 -2
right_child=3 -3 -4 -5 -6
leaf_value=0.05911209065487414 -0.011969887044132706 0.003380583904902288 0.048368632507416694 0.006991372302513549 -0.046957562210921226
leaf_weight=6.8163977563381204 0.32001114822924748 8.7207351687829959 11.715710040181875 0.1631120853126039 21.219063878059387
leaf_count=24 30 60 44 12 40
internal_value=0 0.366599 0.523202 -0.460362 -0.464377
internal_weight=0 27.2528 18.5321 21.7022 21.5391
internal_count=210 128 68 82 70
shrinkage=0.1


Tree=41
num_leaves=6
num_cat=0
split_feature=0 0 0 0 0
split_gain=1.77614 0.0485586 0.0901526 0.000766523 0.000568655
threshold=1.0000000180025095e-35 0.35000000000000003 0.15000000000000005 0.45000000000000007 0.25000000000000006
decision_type=2 2 2 2 2
left_child=-1 2 -2 -3 -4
right_child=1 3 4 -5 -6
leaf_value=-0.031309177457588162 0.015428524216160781 0.018804399547788543 0.0023826041978079176 0.013176869625220064 0.0055934531503590576
leaf_weight=12.908472202718256 13.210505485534668 9.1976900193840265 8.7338412043172848 0.24858283018693408 0.58876338344998735
leaf_count=24 44 40 60 12 30
internal_value=0 0.126379 0.101149 0.186563 0.0258538
internal_weight=0 31.9794 22.5331 9.44627 9.3226
internal_count=210 186 134 52 90
shrinkage=0.1


Tree=42
num_leaves=6
num_cat=0
split_feature=0 0 0 0 0
split_gain=0.295498 0.0589634 0.0590087 0.00495762 0.000967654
threshold=0.35000000000000003 1.0000000180025095e-35 0.15000000000000005 0.45000000000000007 0.25000000000000006
decision_type=2 2 2 2 2
left_child=1 -1 -3 -2 -4
right_child=3 2 4 -5 -6
leaf_value=0.0047124914422435856 0.015705412585573324 -0.0092096319505863503 0.00016579570071048746 0.0015264868352563442 0.0043468165027758391
leaf_weight=6.0514020361006251 9.5690578222274745 19.892942003905773 8.7348978684749454 0.25311910966411311 0.59100083517842072
leaf_count=24 40 44 60 12 30
internal_value=0 -0.0427194 -0.0613267 0.1534 0.00430755
internal_weight=0 35.2702 29.2188 9.82218 9.3259
internal_count=210 158 134 52 90
shrinkage=0.1


Tree=43
num_leaves=6
num_cat=0
split_feature=0 0 0 0 0
split_gain=0.403995 0.0747788 0.0884703 0.00506028 0.001267
threshold=0.35000000000000003 1.0000000180025095e-35 0.15000000000000005 0.45000000000000007 0.25000000000000006
decision_type=2 2 2 2 2
left_child=1 -1 -3 -2 -4
right_child=3 2 4 -5 -6
leaf_value=0.0047784977630346871 0.018182469413482866 -0.010701032786955536 0.00081722605626607296 0.0034843017367129012 0.0057896500603870516
leaf_weight=6.5290280282497397 9.7255240762606228 20.473050221800804 8.6384584552142769 0.24001339916139919 0.54475172294769525
leaf_count=24 40 44 60 12 30
internal_value=0 -0.0491002 -0.0704301 0.178285 0.0111219
internal_weight=0 36.1853 29.6563 9.96554 9.18321
internal_count=210 158 134 52 90
shrinkage=0.1


Tree=44
num_leaves=6
num_cat=0
split_feature=0 0 0 0 0
split_gain=4.41464 0.153252 0.197889 0.00446606 0.00223177
threshold=1.0000000180025095e-35 0.35000000000000003 0.15000000000000005 0.45000000000000007 0.25000000000000006
decision_type=2 2 2 2 2
left_child=-1 2 -2 -3 -4
right_child=1 3 4 -5 -6
leaf_value=-0.048602334308157982 0.021536270553938204 0.029659042694053301 0.0024459342050198482 0.015008603994557577 0.009670380959633634
leaf_weight=13.439629681408404 15.429602421820164 9.8684881720691884 8.4490367169491929 0.21255822153762061 0.45039699051994903
leaf_count=24 44 40 60 12 30
internal_value=0 0.189827 0.146869 0.293501 0.0281156
internal_weight=0 34.4101 24.329 10.081 8.89943
internal_count=210 186 134 52 90
shrinkage=0.1


Tree=45
num_leaves=6
num_cat=0
split_feature=0 0 0 0 0
split_gain=0.488917 0.282172 0.131244 0.00834349 0.0061507
threshold=0.25000000000000006 1.0000000180025095e-35 0.15000000000000005 0.45000000000000007 0.35000000000000003
decision_type=2 2 2 2 2
left_child=1 -1 -3 4 -2
right_child=3 2 -4 -5 -6
leaf_value=0.018815148595816639 0.0058305596885214299 -0.013802523357030506 0.00088310953137107928 -0.001801653485962581 0.018057251838829381
leaf_weight=3.9747609943151465 0.42680752149316958 21.066158175468445 8.5575055885128695 0.22547142021358088 11.427040543407202
leaf_count=24 30 44 60 12 40
internal_value=0 -0.0620336 -0.0956023 0.172546 0.17617
internal_weight=0 33.5984 29.6237 12.0793 11.8538
internal_count=210 128 104 82 70
shrinkage=0.1


Tree=46
num_leaves=6
num_cat=0
split_feature=0 0 0 0 0
split_gain=4.42918 0.837355 0.0316745 0.0236185 0.0151422
threshold=0.25000000000000006 0.15000000000000005 1.0000000180025095e-35 0.45000000000000007 0.35000000000000003
decision_type=2 2 2 2 2
left_child=1 2 -1 4 -2
right_child=3 -3 -4 -5 -6
leaf_value=0.048164053882502944 -0.013947309752539744 0.002609833229534936 0.038128808298415778 0.0013741138389086421 -0.035357063124032993
leaf_weight=4.1722005959600219 0.33589376218151912 8.8220280576497334 12.778062596917152 0.18006130447611113 19.988906070590019
leaf_count=24 30 60 44 12 40
internal_value=0 0.27595 0.405989 -0.346838 -0.350032
internal_weight=0 25.7723 16.9503 20.5049 20.3248
internal_count=210 128 68 82 70
shrinkage=0.1


Tree=47
num_leaves=6
num_cat=0
split_feature=0 0 0 0 0
split_gain=0.364353 0.0583046 0.0779264 0.00507677 0.0013365
threshold=0.35000000000000003 1.0000000180025095e-35 0.15000000000000005 0.45000000000000007 0.25000000000000006
decision_type=2 2 2 2 2
left_child=1 -1 -3 -2 -4
right_child=3 2 4 -5 -6
leaf_value=0.0041555095755864786 0.017116485037441027 -0.01012162793514427 0.00068605216623249818 0.0024950269349380506 0.0057500858675458236
leaf_weight=6.0457355789840213 9.8427917389199102 20.088088557124138 8.6450672538485378 0.24333948502317149 0.55460023635532796
leaf_count=24 40 44 60 12 30
internal_value=0 -0.0478529 -0.066309 0.167637 0.00991336
internal_weight=0 35.3335 29.2878 10.0861 9.19967
internal_count=210 158 134 52 90
shrinkage=0.1


Tree=48
num_leaves=6
num_cat=0
split_feature=0 0 0 0 0
split_gain=0.579817 0.0821533 0.114145 0.00783719 0.00611888
threshold=0.25000000000000006 1.0000000180025095e-35 0.15000000000000005 0.35000000000000003 0.45000000000000007
decision_type=2 2 2 2 2
left_child=1 -1 -3 -2 -5
right_child=3 2 -4 4 -6
leaf_value=0.0040170471235418887 0.0076405557467909896 -0.01236423674913217 0.0013709275806243204 0.021078494753944757 0.0043683593524320719
leaf_weight=6.5215293690562239 0.47900757216848161 20.902996920049191 8.5152391793672013 10.244587790220974 0.2239250363782056
leaf_count=24 30 44 60 40 12
internal_value=0 -0.0613745 -0.0838853 0.201487 0.207211
internal_weight=0 35.9398 29.4182 10.9475 10.4685
internal_count=210 128 104 82 52
shrinkage=0.1


Tree=49
num_leaves=6
num_cat=0
split_feature=0 0 0 0 0
split_gain=2.93163 1.3372 0.0120977 0.00876363 0.002242
threshold=1.0000000180025095e-35 0.35000000000000003 0.45000000000000007 0.15000000000000005 0.25000000000000006
decision_type=2 2 2 2 2
left_child=-1 3 -3 -2 -5
right_child=1 2 -4 4 -6
leaf_value=-0.041503654719790228 -0.00045830437634331576 0.041523655928843356 0.013600224543951017 0.0032073913779599381 0.012516071055259786
leaf_weight=12.697847276926039 16.635495379567146 12.114737104624506 0.15716735483147282 8.1377133738715202 0.26723385334480632
leaf_count=24 44 40 12 60 30
internal_value=0 0.141242 0.41166 0.00871447 0.0350336
internal_weight=0 37.3123 12.2719 25.0404 8.40495
internal_count=210 186 52 134 90
shrinkage=0.1


Tree=50
num_leaves=6
num_cat=0
split_feature=0 0 0 0 0
split_gain=1.91655 0.3629 0.0474164 0.0127051 0.00199502
threshold=0.25000000000000006 0.15000000000000005 1.0000000180025095e-35 0.45000000000000007 0.35000000000000003
decision_type=2 2 2 2 2
left_child=1 2 -1 4 -2
right_child=3 -3 -4 -5 -6
leaf_value=0.036050860076645534 -0.017473025082760187 0.0021587871824576606 0.023847218440293069 0.0012790537040046797 -0.024391212282497524
leaf_weight=4.3824175782501706 0.42651233891957119 9.0764381117187458 11.641052540391684 0.197232770267873 18.366883456707001
leaf_count=24 30 60 44 12 40
internal_value=0 0.181352 0.271849 -0.239692 -0.242342
internal_weight=0 25.0999 16.0235 18.9906 18.7934
internal_count=210 128 68 82 70
shrinkage=0.1


Tree=51
num_leaves=6
num_cat=0
split_feature=0 0 0 0 0
split_gain=0.72823 0.391279 0.206413 0.00719547 0.00428302
threshold=0.25000000000000006 1.0000000180025095e-35 0.15000000000000005 0.45000000000000007 0.35000000000000003
decision_type=2 2 2 2 2
left_child=1 -1 -3 4 -2
right_child=3 2 -4 -5 -6
leaf_value=0.018908432043631893 0.0095500003834968188 -0.016652301416103861 0.0018305753013414029 0.0010621242442808649 0.021068157474253113
leaf_weight=4.8742627426981917 0.33158160443417278 22.138920292258263 8.31030984176323 0.1881376188248404 12.242183523252606
leaf_count=24 30 44 60 12 40
internal_value=0 -0.0739697 -0.116079 0.20474 0.207644
internal_weight=0 35.3235 30.4492 12.7619 12.5738
internal_count=210 128 104 82 70
shrinkage=0.1


Tree=52
num_leaves=6
num_cat=0
split_feature=0 0 0 0 0
split_gain=3.82239 0.652697 0.0547335 0.0308819 0.0154831
threshold=0.25000000000000006 0.15000000000000005 1.0000000180025095e-35 0.45000000000000007 0.35000000000000003
decision_type=2 2 2 2 2
left_child=1 2 -1 4 -2
right_child=3 -3 -4 -5 -6
leaf_value=0.029120017357471686 -0.013962832222614952 0.0030404354502803557 0.040726076988309552 0.0081492953275238509 -0.034040070274951581
leaf_weight=6.5236415714025506 0.3919674773933427 8.9149899543263036 10.774250395596027 0.17847524397075076 19.14944614470005
leaf_count=24 30 60 44 12 40
internal_value=0 0.250208 0.36349 -0.332592 -0.336374
internal_weight=0 26.2129 17.2979 19.7199 19.5414
internal_count=210 128 68 82 70
shrinkage=0.1


Tree=53
num_leaves=6
num_cat=0
split_feature=0 0 0 0 0
split_gain=0.534319 0.0881444 0.108253 0.00615388 0.00357971
threshold=0.25000000000000006 1.0000000180025095e-35 0.15000000000000005 0.35000000000000003 0.45000000000000007
decision_type=2 2 2 2 2
left_child=1 -1 -3 -2 -5
right_child=3 2 -4 4 -6
leaf_value=0.003875469454706917 0.0093824256997894241 -0.011765337712412137 0.0016003820648709478 0.021047349797889227 0.0081857816757867959
leaf_weight=7.9272819310426703 0.49998059542849377 21.429804906249046 8.4488191872369516 9.5680503426119667 0.22140885610133487
leaf_count=24 30 44 60 40 12
internal_value=0 -0.0549876 -0.0798589 0.202038 0.207565
internal_weight=0 37.8059 29.8786 10.2894 9.78946
internal_count=210 128 104 82 52
shrinkage=0.1


Tree=54
num_leaves=6
num_cat=0
split_feature=0 0 0 0 0
split_gain=1.80686 0.794895 0.00864229 0.00639221 0.00204721
threshold=1.0000000180025095e-35 0.35000000000000003 0.45000000000000007 0.15000000000000005 0.25000000000000006
decision_type=2 2 2 2 2
left_child=-1 3 -3 -2 -5
right_child=1 2 -4 4 -6
leaf_value=-0.032436710274314717 0.0002951930805332866 0.03462152530931116 0.013508716118648635 0.0033844901845881091 0.011095866218247402
leaf_weight=12.584892153739927 14.944870371371508 10.653609257191416 0.19747559004463333 8.3631799118593317 0.35904917528387242
leaf_count=24 44 40 12 60 30
internal_value=0 0.11826 0.342373 0.015507 0.0370193
internal_weight=0 34.5182 10.8511 23.6671 8.72223
internal_count=210 186 52 134 90
shrinkage=0.1


Tree=55
num_leaves=6
num_cat=0
split_feature=0 0 0 0 0
split_gain=3.09524 0.536037 0.0628983 0.0182679 0.0107207
threshold=0.25000000000000006 0.15000000000000005 1.0000000180025095e-35 0.45000000000000007 0.35000000000000003
decision_type=2 2 2 2 2
left_child=1 2 -1 4 -2
right_child=3 -3 -4 -5 -6
leaf_value=0.042425744509003271 -0.013562978364486564 0.0026001949152842548 0.029029520024114092 0.0012302861604998187 -0.030695733024709321
leaf_weight=4.9003148190677175 0.37238785414957121 8.8864499784540403 12.308073859661818 0.18472366640344159 19.008507452905178
leaf_count=24 30 60 44 12 40
internal_value=0 0.225448 0.328443 -0.300682 -0.303665
internal_weight=0 26.0948 17.2084 19.5656 19.3809
internal_count=210 128 68 82 70
shrinkage=0.1


Tree=56
num_leaves=6
num_cat=0
split_feature=0 0 0 0 0
split_gain=0.585561 0.0940527 0.119789 0.0061526 0.004974
threshold=0.25000000000000006 1.0000000180025095e-35 0.15000000000000005 0.35000000000000003 0.45000000000000007
decision_type=2 2 2 2 2
left_child=1 -1 -3 -2 -5
right_child=3 2 -4 4 -6
leaf_value=0.0042489794036581728 0.0096347369423119399 -0.01243156045280455 0.0016472038665038755 0.02158458969778326 0.0064221505692052417
leaf_weight=7.2825525254011145 0.47730298712849334 21.272162057459354 8.4418413881212491 9.894937312230466 0.2211916767992087
leaf_count=24 30 44 60 40 12
internal_value=0 -0.0593562 -0.0843174 0.207296 0.212531
internal_weight=0 36.9966 29.714 10.5934 10.1161
internal_count=210 128 104 82 52
shrinkage=0.1


Tree=57
num_leaves=6
num_cat=0
split_feature=0 0 0 0 0
split_gain=2.35183 0.832343 0.0379272 0.0121299 0.0023119
threshold=0.35000000000000003 1.0000000180025095e-35 0.15000000000000005 0.45000000000000007 0.25000000000000006
decision_type=2 2 2 2 2
left_child=1 -1 -3 -2 -4
right_child=3 2 4 -5 -6
leaf_value=-0.03351303609211434 0.039464794346729955 -0.0045724682889048199 0.0033969839003632971 0.012670396260410688 0.012567714766944635
leaf_weight=12.396546870470045 11.520314197987314 15.924144711345434 8.202758359955622 0.17146954382769841 0.28442317456938404
leaf_count=24 40 44 60 12 30
internal_value=0 -0.124109 -0.0169485 0.390718 0.0370431
internal_weight=0 36.8079 24.4113 11.6918 8.48718
internal_count=210 158 134 52 90
shrinkage=0.1


Tree=58
num_leaves=6
num_cat=0
split_feature=0 0 0 0 0
split_gain=1.89063 0.314178 0.0430993 0.011966 0.00383708
threshold=0.25000000000000006 0.15000000000000005 1.0000000180025095e-35 0.45000000000000007 0.35000000000000003
decision_type=2 2 2 2 2
left_child=1 2 -1 4 -2
right_child=3 -3 -4 -5 -6
leaf_value=0.033396183607768276 -0.014959873992649232 0.0024150839929793087 0.022298564635911275 0.00060542029197805671 -0.024661450604467727
leaf_weight=4.9492858685553083 0.41705113393255194 8.9958645459264535 11.94700538367033 0.1926910555921485 18.1372847892344
leaf_count=24 30 60 44 12 40
internal_value=0 0.175116 0.255493 -0.241859 -0.244434
internal_weight=0 25.8922 16.8963 18.747 18.5543
internal_count=210 128 68 82 70
shrinkage=0.1


Tree=59
num_leaves=6
num_cat=0
split_feature=0 0 0 0 0
split_gain=1.23518 0.136313 0.159483 0.00915319 0.00662552
threshold=0.25000000000000006 0.15000000000000005 1.0000000180025095e-35 0.45000000000000007 0.35000000000000003
decision_type=2 2 2 2 2
left_child=1 2 -1 4 -2
right_child=3 -3 -4 -5 -6
leaf_value=0.0013326019737258422 0.012724356774082049 0.0021693508302353648 -0.016442906578381457 0.0042340622685221362 0.027544702850666566
leaf_weight=6.5132645964622524 0.30926048301625542 8.1916023949161154 22.427890427410603 0.17628301214426834 12.258189281448722
leaf_count=24 30 60 44 12 40
internal_value=0 -0.0921907 -0.124425 0.268626 0.2718
internal_weight=0 37.1328 28.9412 12.7437 12.5674
internal_count=210 128 68 82 70
shrinkage=0.1


Tree=60
num_leaves=6
num_cat=0
split_feature=0 0 0 0 0
split_gain=3.12518 0.52616 0.0922801 0.0273545 0.0129712
threshold=0.25000000000000006 0.15000000000000005 1.0000000180025095e-35 0.45000000000000007 0.35000000000000003
decision_type=2 2 2 2 2
left_child=1 2 -1 4 -2
right_child=3 -3 -4 -5 -6
leaf_value=0.023585520697189458 -0.013078529375714599 0.0030029921139094586 0.038739718787139783 0.0079518242259477914 -0.031177437555912665
leaf_weight=6.4898684099316606 0.40452027530410006 8.9304926230106521 10.551291737705469 0.18394893361255427 18.757519155740738
leaf_count=24 30 60 44 12 40
internal_value=0 0.226647 0.329685 -0.304269 -0.307954
internal_weight=0 25.9717 17.0412 19.346 19.162
internal_count=210 128 68 82 70
shrinkage=0.1


Tree=61
num_leaves=6
num_cat=0
split_feature=0 0 0 0 0
split_gain=0.656666 0.0979645 0.131177 0.00586998 0.00542916
threshold=0.25000000000000006 1.0000000180025095e-35 0.15000000000000005 0.35000000000000003 0.45000000000000007
decision_type=2 2 2 2 2
left_child=1 -1 -3 -2 -5
right_child=3 2 -4 4 -6
leaf_value=0.0040183469082541515 0.01077364109358879 -0.012947211621145134 0.0017940199146100858 0.022724283342717561 0.006734710894647159
leaf_weight=7.4373409971594802 0.45483579544815889 21.494642600417137 8.393944064620884 9.9888553973287326 0.21696556033566672
leaf_count=24 30 44 60 40 12
internal_value=0 -0.0625171 -0.0880727 0.21889 0.223844
internal_weight=0 37.3259 29.8886 10.6607 10.2058
internal_count=210 128 104 82 52
shrinkage=0.1


Tree=62
num_leaves=6
num_cat=0
split_feature=0 0 0 0 0
split_gain=2.13444 1.42379 0.0343938 0.000679363 5.54234e-05
threshold=1.0000000180025095e-35 0.15000000000000005 0.25000000000000006 0.45000000000000007 0.35000000000000003
decision_type=2 2 2 2 2
left_child=-1 -2 -3 4 -4
right_child=1 2 3 -5 -6
leaf_value=-0.035549486906544518 0.040367982468890409 0.003421300036993165 -0.0059574511116297557 0.0019984697970561994 -0.0045119454288884671
leaf_weight=12.547573775053023 12.062097959220408 8.529283570125699 0.26994738169014176 0.16069817775860509 15.238857299089432
leaf_count=24 44 60 30 12 40
internal_value=0 0.123014 -0.0168863 -0.0447008 -0.0453711
internal_weight=0 36.2609 24.1988 15.6695 15.5088
internal_count=210 186 142 82 70
shrinkage=0.1


Tree=63
num_leaves=6
num_cat=0
split_feature=0 0 0 0 0
split_gain=0.287799 0.301962 0.0355186 0.00179557 0.000125194
threshold=1.0000000180025095e-35 0.15000000000000005 0.25000000000000006 0.45000000000000007 0.35000000000000003
decision_type=2 2 2 2 2
left_child=-1 -2 -3 4 -4
right_child=1 2 3 -5 -6
leaf_value=0.023912519159412463 -0.01133549170130794 0.0010589377656678998 0.0081654701165814313 0.0009853478960569781 0.0097933661430804012
leaf_weight=4.5260019451379767 20.173268675804138 8.5472656367346644 0.49374608974903533 0.24012372829020101 10.938683409243822
leaf_count=24 44 60 30 12 40
internal_value=0 -0.0267937 0.0595682 0.0954331 0.0972306
internal_weight=0 40.3931 20.2198 11.6726 11.4324
internal_count=210 186 142 82 70
shrinkage=0.1


Tree=64
num_leaves=6
num_cat=0
split_feature=0 0 0 0 0
split_gain=0.350263 0.480534 0.0512293 0.00163592 0.000118552
threshold=1.0000000180025095e-35 0.15000000000000005 0.25000000000000006 0.45000000000000007 0.35000000000000003
decision_type=2 2 2 2 2
left_child=-1 -2 -3 4 -4
right_child=1 2 3 -5 -6
leaf_value=0.024068320461591963 -0.013779279679436927 0.0017161534916748788 0.010339113153735688 0.0031731936219491635 0.012077170414403428
leaf_weight=5.3558365777134886 20.923102878034115 8.3886357981245965 0.40618439996614775 0.21280206693336445 11.602745587006211
leaf_count=24 44 60 30 12 40
internal_value=0 -0.0310366 0.0773394 0.118644 0.120184
internal_weight=0 41.5335 20.6104 12.2217 12.0089
internal_count=210 186 142 82 70
shrinkage=0.1


Tree=65
num_leaves=6
num_cat=0
split_feature=0 0 0 0 0
split_gain=2.59829 1.31359 0.0110362 0.000765645 0.00022994
threshold=1.0000000180025095e-35 0.15000000000000005 0.25000000000000006 0.35000000000000003 0.45000000000000007
decision_type=2 2 2 2 2
left_child=-1 -2 -3 -4 -5
right_child=1 2 3 4 -6
leaf_value=-0.038849926919110198 0.040809255524690127 0.0031929470193045313 -0.0064166368512273628 -0.0012155753442306503 0.0025976560991946987
leaf_weight=12.736290290951727 11.945217594504355 8.5520847660955042 0.28391709260176767 15.277662564069031 0.15978925465606231
leaf_count=24 44 60 30 40 12
internal_value=0 0.136616 0.00301914 -0.0127075 -0.0117611
internal_weight=0 36.2187 24.2735 15.7214 15.4375
internal_count=210 186 142 82 52
shrinkage=0.1


Tree=66
num_leaves=6
num_cat=0
split_feature=0 0 0 0 0
split_gain=0.235362 0.318419 0.101705 0.00318199 0.000862888
threshold=0.25000000000000006 1.0000000180025095e-35 0.15000000000000005 0.45000000000000007 0.35000000000000003
decision_type=2 2 2 2 2
left_child=1 -1 -3 4 -2
right_child=3 2 -4 -5 -6
leaf_value=0.021105301069262686 0.0083053672261654016 -0.011900950635003288 0.0011048723118369092 0.00073545919782499276 0.012645230368807121
leaf_weight=4.2982394788414231 0.47816654318011842 20.388273298740387 8.5274982457049209 0.23612120980396945 10.9414615444839
leaf_count=24 30 44 60 12 40
internal_value=0 -0.0429043 -0.0806543 0.122259 0.124635
internal_weight=0 33.214 28.9158 11.6557 11.4196
internal_count=210 128 104 82 70
shrinkage=0.1


Tree=67
num_leaves=6
num_cat=0
split_feature=0 0 0 0 0
split_gain=0.609333 0.358922 0.181844 0.00637822 0.00276031
threshold=0.25000000000000006 1.0000000180025095e-35 0.15000000000000005 0.45000000000000007 0.35000000000000003
decision_type=2 2 2 2 2
left_child=1 -1 -3 4 -2
right_child=3 2 -4 -5 -6
leaf_value=0.019236381321394939 0.010564635488874574 -0.015639421000336846 0.0017473304977350006 0.0012052635643319011 0.019491676035195572
leaf_weight=4.5812171138823023 0.35673775372560607 21.678910613059998 8.3254763889126497 0.19945697253570041 11.921140696853399
leaf_count=24 30 44 60 12 40
internal_value=0 -0.0683441 -0.10815 0.189441 0.192323
internal_weight=0 34.5856 30.0044 12.4773 12.2779
internal_count=210 128 104 82 70
shrinkage=0.1


Tree=68
num_leaves=6
num_cat=0
split_feature=0 0 0 0 0
split_gain=2.64177 0.355521 0.0241882 0.0165225 0.012797
threshold=0.25000000000000006 0.15000000000000005 1.0000000180025095e-35 0.45000000000000007 0.35000000000000003
decision_type=2 2 2 2 2
left_child=1 2 -1 4 -2
right_child=3 -3 -4 -5 -6
leaf_value=0.032160458704593581 -0.01071738678137656 0.0027574950499967255 0.024586921479885074 0.0019180500603488287 -0.029619230810005587
leaf_weight=6.2260540649294862 0.36532690422610054 8.7797470800578612 13.068669870495796 0.17165217734873195 18.304833427071571
leaf_count=24 30 60 44 12 40
internal_value=0 0.194398 0.270308 -0.289654 -0.292494
internal_weight=0 28.0745 19.2947 18.8418 18.6702
internal_count=210 128 68 82 70
shrinkage=0.1


Tree=69
num_leaves=6
num_cat=0
split_feature=0 0 0 0 0
split_gain=2.95413 0.209088 0.0752861 0.00339709 0.00338104
threshold=1.0000000180025095e-35 0.35000000000000003 0.15000000000000005 0.45000000000000007 0.25000000000000006
decision_type=2 2 2 2 2
left_child=-1 2 -2 -3 -4
right_child=1 3 4 -5 -6
leaf_value=-0.040292540666006467 0.014946087304466582 0.02802868174655709 0.0028086153467633043 0.015317683203263833 0.011726175379956216
leaf_weight=13.090377725660799 14.629137586802244 9.8707754760980571 8.3988811559975129 0.21483144117519337 0.44783570675645101
leaf_count=24 44 40 60 12 30
internal_value=0 0.157158 0.105423 0.277579 0.0326004
internal_weight=0 33.5615 23.4759 10.0856 8.84672
internal_count=210 186 134 52 90
shrinkage=0.1


Tree=70
num_leaves=6
num_cat=0
split_feature=0 0 0 0 0
split_gain=0.483228 0.328536 0.153836 0.00571833 0.00231278
threshold=0.25000000000000006 1.0000000180025095e-35 0.15000000000000005 0.45000000000000007 0.35000000000000003
decision_type=2 2 2 2 2
left_child=1 -1 -3 4 -2
right_child=3 2 -4 -5 -6
leaf_value=0.01946119711377443 0.0098677821798309074 -0.014434688542445132 0.0015609341061522629 0.00087234459519278009 0.01764878790503047
leaf_weight=4.3732930459082118 0.3950568846194028 21.217612005770206 8.3900140789337474 0.21328921755775887 11.557702876627445
leaf_count=24 30 44 60 12 40
internal_value=0 -0.0612296 -0.0990195 0.17102 0.173916
internal_weight=0 33.9809 29.6076 12.166 11.9528
internal_count=210 128 104 82 70
shrinkage=0.1


Tree=71
num_leaves=6
num_cat=0
split_feature=0 0 0 0 0
split_gain=4.13683 0.696393 0.0744026 0.0241352 0.0215425
threshold=0.25000000000000006 0.15000000000000005 1.0000000180025095e-35 0.45000000000000007 0.35000000000000003
decision_type=2 2 2 2 2
left_child=1 2 -1 4 -2
right_child=3 -3 -4 -5 -6
leaf_value=0.047579732388111189 -0.009313998600223989 0.0028044068890968263 0.033236872435308151 0.0029398602353322405 -0.03495890210620467
leaf_weight=5.05437906831503 0.33313217479736223 8.7137536703376117 12.71547319740057 0.17339879553764961 19.593077540397644
leaf_count=24 30 60 44 12 40
internal_value=0 0.259612 0.373165 -0.342069 -0.345302
internal_weight=0 26.4836 17.7699 20.0996 19.9262
internal_count=210 128 68 82 70
shrinkage=0.1


Tree=72
num_leaves=6
num_cat=0
split_feature=0 0 0 0 0
split_gain=0.463129 0.0790235 0.0979995 0.00378915 0.00225574
threshold=0.25000000000000006 1.0000000180025095e-35 0.15000000000000005 0.35000000000000003 0.45000000000000007
decision_type=2 2 2 2 2
left_child=1 -1 -3 -2 -5
right_child=3 2 -4 4 -6
leaf_value=0.0036559803736232995 0.010660965349777583 -0.011064450686301491 0.001687357737645345 0.019685166695737825 0.0094862557028111503
leaf_weight=8.1364579126238805 0.51698357530403605 21.353324115276337 8.396523760166021 9.384263461455701 0.22199123958125788
leaf_count=24 30 44 60 40 12
internal_value=0 -0.0507698 -0.0746541 0.190007 0.194495
internal_weight=0 37.8863 29.7498 10.1232 9.60625
internal_count=210 128 104 82 52
shrinkage=0.1


Tree=73
num_leaves=6
num_cat=0
split_feature=0 0 0 0 0
split_gain=1.93973 0.429119 0.00488523 0.00316342 0.00296993
threshold=1.0000000180025095e-35 0.35000000000000003 0.45000000000000007 0.15000000000000005 0.25000000000000006
decision_type=2 2 2 2 2
left_child=-1 3 -3 -2 -5
right_child=1 2 -4 4 -6
leaf_value=-0.033183222839189279 0.0059933058522654613 0.029900179891437419 0.014586724879961667 0.0031761469925411494 0.011824139543459098
leaf_weight=12.757675938308237 14.369391947984695 10.119060678407546 0.21270261146128253 8.3835248299874348 0.41685989219695407
leaf_count=24 44 40 12 60 30
internal_value=0 0.126365 0.295849 0.0507888 0.0358579
internal_weight=0 33.5015 10.3318 23.1698 8.80038
internal_count=210 186 52 134 90
shrinkage=0.1


Tree=74
num_leaves=6
num_cat=0
split_feature=0 0 0 0 0
split_gain=7.85631 1.38947 0.0364322 0.0316542 0.000873916
threshold=0.15000000000000005 0.35000000000000003 0.45000000000000007 1.0000000180025095e-35 0.25000000000000006
decision_type=2 2 2 2 2
left_child=3 4 -3 -1 -2
right_child=1 2 -4 -5 -6
leaf_value=0.05900700274566887 0.0029205865171958367 -0.045004168176837611 0.0035760260806781117 0.049137454526886788 -0.0031345746906237953
leaf_weight=4.2048803698271522 8.3807293782010674 21.671006023883823 0.15547911846078832 14.304862447082996 0.245328977005557
leaf_count=24 60 40 12 44 30
internal_value=0 -0.312296 -0.446581 0.513795 0.0274838
internal_weight=0 30.4525 21.8265 18.5097 8.62606
internal_count=210 142 52 68 90
shrinkage=0.1


Tree=75
num_leaves=6
num_cat=0
split_feature=0 0 0 0 0
split_gain=0.265336 0.0668924 0.0662057 0.00235253 0.00224308
threshold=0.25000000000000006 1.0000000180025095e-35 0.15000000000000005 0.35000000000000003 0.45000000000000007
decision_type=2 2 2 2 2
left_child=1 -1 -3 -2 -5
right_child=3 2 -4 4 -6
leaf_value=0.0049285315717058258 0.0081532622655782969 -0.0093085894459837611 0.0012042039412539431 0.014892702818946025 0.0051900914510418002
leaf_weight=6.6747385188937178 0.59309558419044783 20.168046675622463 8.5215771282091755 9.2980381445959193 0.24453578935936168
leaf_count=24 30 44 60 40 12
internal_value=0 -0.0408823 -0.0618601 0.142643 0.146441
internal_weight=0 35.3644 28.6896 10.1357 9.54257
internal_count=210 128 104 82 52
shrinkage=0.1


Tree=76
num_leaves=6
num_cat=0
split_feature=0 0 0 0 0
split_gain=0.373302 0.0722011 0.0838071 0.00299147 0.00163603
threshold=0.25000000000000006 1.0000000180025095e-35 0.15000000000000005 0.35000000000000003 0.45000000000000007
decision_type=2 2 2 2 2
left_child=1 -1 -3 -2 -5
right_child=3 2 -4 4 -6
leaf_value=0.0037881493729717761 0.010019012241212899 -0.010211709947998734 0.0015895042476027554 0.017805161895308355 0.009252240111964783
leaf_weight=8.130523316562174 0.55124122370034179 21.143098533153534 8.4117745948024112 9.2160605108365399 0.22920854482799849
leaf_count=24 30 44 60 40 12
internal_value=0 -0.0455712 -0.068529 0.171797 0.175976
internal_weight=0 37.6854 29.5549 9.99651 9.44527
internal_count=210 128 104 82 52
shrinkage=0.1


Tree=77
num_leaves=6
num_cat=0
split_feature=0 0 0 0 0
split_gain=2.12294 0.175553 0.0416639 0.00278416 0.00235578
threshold=1.0000000180025095e-35 0.35000000000000003 0.15000000000000005 0.25000000000000006 0.45000000000000007
decision_type=2 2 2 2 2
left_child=-1 2 -2 -4 -3
right_child=1 4 3 -5 -6
leaf_value=-0.034339803943147611 0.01213849193503759 0.024908884817871933 0.0029643510652989364 0.010736448467237002 0.014642693332438348
leaf_weight=12.912698104977606 13.943982243537903 9.6576337851583922 8.438539724564178 0.48754065891262222 0.22881526476703665
leaf_count=24 44 40 60 30 12
internal_value=0 0.135368 0.0872355 0.0338886 0.246713
internal_weight=0 32.7565 22.8701 8.92608 9.88645
internal_count=210 186 134 90 52
shrinkage=0.1


Tree=78
num_leaves=6
num_cat=0
split_feature=0 0 0 0 0
split_gain=0.470472 0.313782 0.0160854 0.000335651 0.000288171
threshold=1.0000000180025095e-35 0.15000000000000005 0.25000000000000006 0.35000000000000003 0.45000000000000007
decision_type=2 2 2 2 2
left_child=-1 -2 -3 -4 -5
right_child=1 2 3 4 -6
leaf_value=0.027934414889373538 -0.012435268296071351 0.001706693595584949 0.010090105114280042 0.007364422915540101 0.0037478364766277612
leaf_weight=5.3340855613350859 20.374181590974331 8.391166121000424 0.44601351558230717 11.499964049085973 0.22462237626314241
leaf_count=24 44 60 30 40 12
internal_value=0 -0.0363994 0.0507514 0.0739756 0.0729514
internal_weight=0 40.9359 20.5618 12.1706 11.7246
internal_count=210 186 142 82 52
shrinkage=0.1


Tree=79
num_leaves=6
num_cat=0
split_feature=0 0 0 0 0
split_gain=2.60859 0.833965 0.00952223 0.0034194 0.000150323
threshold=1.0000000180025095e-35 0.35000000000000003 0.45000000000000007 0.25000000000000006 0.15000000000000005
decision_type=2 2 2 2 2
left_child=-1 3 -3 4 -2
right_child=1 2 -4 -5 -6
leaf_value=-0.038725768935374938 0.0035807160707079129 0.0369447319795526 0.014187324848126216 0.013672269750197967 0.003051878423624756
leaf_weight=12.77364060282707 15.584762126207355 11.00782982818782 0.18698574858717695 0.32842073368374158 8.2047967296093702
leaf_count=24 44 40 12 30 60
internal_value=0 0.140082 0.365646 0.0353823 0.0339832
internal_weight=0 35.3128 11.1948 24.118 23.7896
internal_count=210 186 52 134 104
shrinkage=0.1


Tree=80
num_leaves=6
num_cat=0
split_feature=0 0 0 0 0
split_gain=2.84 0.515354 0.0475526 0.0182059 0.0112293
threshold=0.25000000000000006 0.15000000000000005 1.0000000180025095e-35 0.45000000000000007 0.35000000000000003
decision_type=2 2 2 2 2
left_child=1 2 -1 4 -2
right_child=3 -3 -4 -5 -6
leaf_value=0.041504933024507536 -0.011860479040272855 0.0026370732369584331 0.029349159413076462 0.0019556447524862425 -0.029263051880303478
leaf_weight=4.3886239081621179 0.37817479576916113 8.8236596620408836 12.06654679402709 0.19284011842682855 18.981374554336071
leaf_count=24 30 60 44 12 40
internal_value=0 0.221356 0.325911 -0.286186 -0.289231
internal_weight=0 25.2788 16.4552 19.5524 19.3595
internal_count=210 128 68 82 70
shrinkage=0.1


Tree=81
num_leaves=6
num_cat=0
split_feature=0 0 0 0 0
split_gain=0.568674 0.070196 0.0930069 0.00589347 0.00464659
threshold=0.25000000000000006 0.15000000000000005 1.0000000180025095e-35 0.45000000000000007 0.35000000000000003
decision_type=2 2 2 2 2
left_child=1 2 -1 4 -2
right_child=3 -3 -4 -5 -6
leaf_value=0.0020636971265577181 0.0100285258797825 0.0016545669385990326 -0.012049493863015737 0.0035763602733860328 0.020224843766908276
leaf_weight=6.0471976809203651 0.46654650464187847 8.4003274724818748 20.494872491806746 0.22862607333809212 10.634343134239316
leaf_count=24 30 60 44 12 40
internal_value=0 -0.0631251 -0.0883402 0.19469 0.197963
internal_weight=0 34.9424 26.5421 11.3295 11.1009
internal_count=210 128 68 82 70
shrinkage=0.1


Tree=82
num_leaves=6
num_cat=0
split_feature=0 0 0 0 0
split_gain=1.02394 0.41686 0.257194 0.00689519 0.00278567
threshold=0.25000000000000006 1.0000000180025095e-35 0.15000000000000005 0.45000000000000007 0.35000000000000003
decision_type=2 2 2 2 2
left_child=1 -1 -3 4 -2
right_child=3 2 -4 -5 -6
leaf_value=0.016094412669241734 0.013866655341425511 -0.018449725733236402 0.0022992331598155071 0.0032079378960797734 0.024264935474218874
leaf_weight=5.7935446724295607 0.26289745734538428 23.213128641247749 8.0443076118826884 0.16056691249832589 12.873547352850437
leaf_count=24 30 44 60 12 40
internal_value=0 -0.0854327 -0.131098 0.238051 0.240568
internal_weight=0 37.051 31.2574 13.297 13.1364
internal_count=210 128 104 82 70
shrinkage=0.1


Tree=83
num_leaves=6
num_cat=0
split_feature=0 0 0 0 0
split_gain=4.16354 0.764027 0.0362659 0.0352659 0.0220728
threshold=0.25000000000000006 0.15000000000000005 0.45000000000000007 1.0000000180025095e-35 0.35000000000000003
decision_type=2 2 2 2 2
left_child=1 3 4 -1 -2
right_child=2 -3 -4 -5 -6
leaf_value=0.045253446374563397 -0.011821307514144678 0.0031281407801027079 0.0095918903278669181 0.035803995413663706 -0.03520056757729282
leaf_weight=6.5290745049715051 0.41247650235891953 8.8500594347715396 0.18652829295024176 9.9963962249457836 19.260240454226732
leaf_count=24 30 60 12 44 40
internal_value=0 0.268392 -0.342943 0.395374 -0.347104
internal_weight=0 25.3755 19.8592 16.5255 19.6727
internal_count=210 128 82 68 70
shrinkage=0.1


Tree=84
num_leaves=6
num_cat=0
split_feature=0 0 0 0 0
split_gain=0.961527 0.454851 0.0110657 0.00411382 0.0023118
threshold=1.0000000180025095e-35 0.35000000000000003 0.15000000000000005 0.45000000000000007 0.25000000000000006
decision_type=2 2 2 2 2
left_child=-1 2 -2 -3 -4
right_child=1 3 4 -5 -6
leaf_value=-0.023596876772706065 -0.00066709204543366181 0.027009304762094701 0.0035002286451421907 0.01350931081233759 0.010853708650477811
leaf_weight=12.48030763119459 13.565845053642988 9.8490606062114203 8.4339511988218856 0.23101899074390608 0.45035717310383999
leaf_count=24 44 40 60 12 30
internal_value=0 0.09053 0.0112958 0.266999 0.0387299
internal_weight=0 32.5302 22.4502 10.0801 8.88431
internal_count=210 186 134 52 90
shrinkage=0.1


Tree=85
num_leaves=6
num_cat=0
split_feature=0 0 0 0 0
split_gain=2.45624 0.761969 0.0416882 0.0169156 0.0127237
threshold=0.25000000000000006 1.0000000180025095e-35 0.15000000000000005 0.35000000000000003 0.45000000000000007
decision_type=2 2 2 2 2
left_child=1 -1 -3 -2 -5
right_child=3 2 -4 4 -6
leaf_value=-0.033176975392731567 0.014217347431011744 -0.0055797122267343983 0.0032182921795426162 0.039960077755503864 0.012460811341514175
leaf_weight=12.333538167178629 0.26927754585630914 16.069784037768841 8.1006219445262122 11.682372389361261 0.17071455065161067
leaf_count=24 30 44 60 40 12
internal_value=0 -0.129516 -0.0263109 0.39001 0.39564
internal_weight=0 36.5039 24.1704 12.1224 11.8531
internal_count=210 128 104 82 52
shrinkage=0.1


Tree=86
num_leaves=6
num_cat=0
split_feature=0 0 0 0 0
split_gain=1.77703 0.277247 0.0382029 0.0117044 0.00542518
threshold=0.25000000000000006 0.15000000000000005 1.0000000180025095e-35 0.45000000000000007 0.35000000000000003
decision_type=2 2 2 2 2
left_child=1 2 -1 4 -2
right_child=3 -3 -4 -5 -6
leaf_value=0.031740804638917812 -0.01258587220561961 0.0026335914306213951 0.021355110180192503 0.00057242112921043991 -0.024090424828110378
leaf_weight=5.0308573283255109 0.41945219889749447 8.8880938681541029 11.96622334048152 0.19870349625125427 17.99327452853322
leaf_count=24 30 60 44 12 40
internal_value=0 0.169453 0.244291 -0.235678 -0.238283
internal_weight=0 25.8852 16.9971 18.6114 18.4127
internal_count=210 128 68 82 70
shrinkage=0.1


Tree=87
num_leaves=6
num_cat=0
split_feature=0 0 0 0 0
split_gain=0.944577 0.419588 0.249273 0.00568045 0.00193322
threshold=0.25000000000000006 1.0000000180025095e-35 0.15000000000000005 0.45000000000000007 0.35000000000000003
decision_type=2 2 2 2 2
left_child=1 -1 -3 4 -2
right_child=3 2 -4 -5 -6
leaf_value=0.0151818483020778 0.01494497383794696 -0.018105883795290181 0.002336204596727039 0.0046106369484885954 0.023566631573802638
leaf_weight=6.4469161704182616 0.26553609175607107 23.164653651416302 8.0340846800245362 0.1631186665035792 12.647145772352815
leaf_count=24 30 44 60 12 40
internal_value=0 -0.0804266 -0.128418 0.231551 0.233893
internal_weight=0 37.6457 31.1987 13.0758 12.9127
internal_count=210 128 104 82 70
shrinkage=0.1


Tree=88
num_leaves=6
num_cat=0
split_feature=0 0 0 0 0
split_gain=4.77188 0.8928 0.118811 0.0396216 0.0279379
threshold=0.25000000000000006 0.15000000000000005 1.0000000180025095e-35 0.45000000000000007 0.35000000000000003
decision_type=2 2 2 2 2
left_child=1 2 -1 4 -2
right_child=3 -3 -4 -5 -6
leaf_value=0.052865599133165089 -0.010872444774704318 0.0031350804260816163 0.035584414936980856 0.0091586634832822693 -0.037355533170950833
leaf_weight=6.6440138369798669 0.40664167108480498 8.8232961489120516 9.916178323328495 0.18924288172274728 19.517186090350151
leaf_count=24 30 60 44 12 40
internal_value=0 0.288283 0.425177 -0.363825 -0.36815
internal_weight=0 25.3835 16.5602 20.1131 19.9238
internal_count=210 128 68 82 70
shrinkage=0.1


Tree=89
num_leaves=6
num_cat=0
split_feature=0 0 0 0 0
split_gain=0.846086 0.342991 0.018177 0.00956001 0.00395126
threshold=0.25000000000000006 1.0000000180025095e-35 0.15000000000000005 0.35000000000000003 0.45000000000000007
decision_type=2 2 2 2 2
left_child=1 -1 -3 -2 -5
right_child=3 2 -4 4 -6
leaf_value=-0.020873927312666234 0.010860392834819144 -0.0023478062052783195 0.0035811869641568872 0.025875430520291551 0.012905398469482146
leaf_weight=12.415581189095972 0.46277885837480154 13.319305974990129 8.4521399805089459 9.7402172032743675 0.24068832304328761
leaf_count=24 30 44 60 40 12
internal_value=0 -0.0761003 -0.000460445 0.249112 0.255627
internal_weight=0 34.187 21.7714 10.4437 9.98091
internal_count=210 128 104 82 52
shrinkage=0.1


Tree=90
num_leaves=6
num_cat=0
split_feature=0 0 0 0 0
split_gain=2.01768 0.333816 0.0866313 0.0162089 0.0126551
threshold=0.25000000000000006 1.0000000180025095e-35 0.15000000000000005 0.35000000000000003 0.45000000000000007
decision_type=2 2 2 2 2
left_child=1 -1 -3 -2 -5
right_child=3 2 -4 4 -6
leaf_value=-0.025240155892763114 0.013358643817905408 -0.009269104809976907 0.0034772992781584655 0.037372541680335186 0.01153501075521942
leaf_weight=12.14455324411392 0.29950872831977626 15.258776038885117 8.1962665863102302 11.057288382202385 0.19287444045767263
leaf_count=24 30 44 60 40 12
internal_value=0 -0.117829 -0.0481493 0.363183 0.369296
internal_weight=0 35.5996 23.455 11.5497 11.2502
internal_count=210 128 104 82 52
shrinkage=0.1


Tree=91
num_leaves=6
num_cat=0
split_feature=0 0 0 0 0
split_gain=2.75979 0.447247 0.150831 0.0254812 0.014137
threshold=0.25000000000000006 0.15000000000000005 1.0000000180025095e-35 0.45000000000000007 0.35000000000000003
decision_type=2 2 2 2 2
left_child=1 2 -1 4 -2
right_child=3 -3 -4 -5 -6
leaf_value=0.018779885705222824 -0.010832646063965827 0.0030335189283998711 0.038146709994174549 0.0068634491119054343 -0.029601084367604637
leaf_weight=6.5044389665126809 0.41022808616981521 8.840639764559457 10.534006182104349 0.19804059714078803 18.503510411828756
leaf_count=24 30 60 44 12 40
internal_value=0 0.212839 0.307534 -0.288204 -0.29194
internal_weight=0 25.8791 17.0384 19.1118 18.9137
internal_count=210 128 68 82 70
shrinkage=0.1


Tree=92
num_leaves=6
num_cat=0
split_feature=0 0 0 0 0
split_gain=0.70729 0.0895758 0.141187 0.00636767 0.0047531
threshold=0.25000000000000006 1.0000000180025095e-35 0.15000000000000005 0.45000000000000007 0.35000000000000003
decision_type=2 2 2 2 2
left_child=1 -1 -3 4 -2
right_child=3 2 -4 -5 -6
leaf_value=0.0036277344958271542 0.012126047084487862 -0.013426578367220039 0.0019419123257992804 0.0054769089314627194 0.022857739063179176
leaf_weight=6.7797648608684531 0.42967363074421433 21.305753607302904 8.30888527876232 0.22605330124497489 10.450933955609798
leaf_count=24 30 44 60 12 40
internal_value=0 -0.0674096 -0.0911469 0.220888 0.224339
internal_weight=0 36.3944 29.6146 11.1067 10.8806
internal_count=210 128 104 82 70
shrinkage=0.1


Tree=93
num_leaves=6
num_cat=0
split_feature=0 0 0 0 0
split_gain=8.67113 1.55843 0.121942 0.0536207 0.00171865
threshold=0.35000000000000003 0.15000000000000005 1.0000000180025095e-35 0.45000000000000007 0.25000000000000006
decision_type=2 2 2 2 2
left_child=1 2 -1 -2 -3
right_child=3 4 -4 -5 -6
leaf_value=0.064351652713681831 -0.048008200865598816 0.0030606779785360828 0.047576500920322791 0.0078627565607480576 -0.0045807335207177866
leaf_weight=6.9261179566383371 21.298260673880581 8.5260610820259899 11.57553368806839 0.17317182384431262 0.30485845799557942
leaf_count=24 40 60 44 12 30
internal_value=0 0.373594 0.538563 -0.475576 0.0279688
internal_weight=0 27.3326 18.5017 21.4714 8.83092
internal_count=210 158 68 52 90
shrinkage=0.1


Tree=94
num_leaves=6
num_cat=0
split_feature=0 0 0 0 0
split_gain=1.36913 0.0601007 0.0379833 0.00240982 0.000701598
threshold=1.0000000180025095e-35 0.35000000000000003 0.15000000000000005 0.25000000000000006 0.45000000000000007
decision_type=2 2 2 2 2
left_child=-1 2 -2 -4 -3
right_child=1 4 3 -5 -6
leaf_value=-0.027600234915091778 0.011820192362299005 0.018019164129041667 0.002964290638572504 0.0096174769737288543 0.012830456948538444
leaf_weight=12.784577921032904 12.950066700577736 9.1848294567316771 8.5172615635674429 0.58158157765865404 0.26820698287338096
leaf_count=24 44 40 60 30 12
internal_value=0 0.112011 0.0834115 0.0338955 0.178719
internal_weight=0 31.5019 22.0489 9.09884 9.45304
internal_count=210 186 134 90 52
shrinkage=0.1


Tree=95
num_leaves=6
num_cat=0
split_feature=0 0 0 0 0
split_gain=0.302697 0.0690232 0.0765565 0.00265002 0.00218849
threshold=0.25000000000000006 1.0000000180025095e-35 0.15000000000000005 0.45000000000000007 0.35000000000000003
decision_type=2 2 2 2 2
left_child=1 -1 -3 4 -2
right_child=3 2 -4 -5 -6
leaf_value=0.0047632840168742342 0.0094172972128351712 -0.0098373433355573164 0.0014874535634192376 0.0052823279066728122 0.015780153186642977
leaf_weight=6.7042958140373221 0.57356090249958924 20.284502543509007 8.4583717152709159 0.26502347178757268 9.3933440428227186
leaf_count=24 30 44 60 12 40
internal_value=0 -0.0437354 -0.0650471 0.151516 0.15414
internal_weight=0 35.4472 28.7429 10.2319 9.9669
internal_count=210 128 104 82 70
shrinkage=0.1


Tree=96
num_leaves=6
num_cat=0
split_feature=0 0 0 0 0
split_gain=4.57266 0.177792 0.189678 0.00471957 0.00108236
threshold=1.0000000180025095e-35 0.15000000000000005 0.35000000000000003 0.25000000000000006 0.45000000000000007
decision_type=2 2 2 2 2
left_child=-1 -2 3 -3 -4
right_child=1 2 4 -5 -6
leaf_value=-0.049001592879442023 0.027958572829190145 0.0021883224969387834 0.023226013147328764 0.012035584410643875 0.016531517596733228
leaf_weight=13.550750546157358 14.975222222506998 8.3590731354197469 9.3305523190647346 0.51680185960140157 0.24792818259447888
leaf_count=24 44 60 40 30 12
internal_value=0 0.198629 0.132935 0.0276168 0.230527
internal_weight=0 33.4296 18.4544 8.87587 9.57848
internal_count=210 186 142 90 52
shrinkage=0.1


Tree=97
num_leaves=6
num_cat=0
split_feature=0 0 0 0 0
split_gain=0.363383 0.192625 0.00972091 0.000538294 0.000141379
threshold=1.0000000180025095e-35 0.15000000000000005 0.25000000000000006 0.35000000000000003 0.45000000000000007
decision_type=2 2 2 2 2
left_child=-1 -2 -3 -4 -5
right_child=1 2 3 4 -6
leaf_value=0.026913785985513201 -0.010074582202307327 0.0012708230279126185 0.0088026492023040356 0.0056298969198710471 0.0034025902486831613
leaf_weight=4.5064851939678183 19.700111512094736 8.5051043597050011 0.54060659278184076 10.767604747787116 0.29273566091433245
leaf_count=24 44 60 30 40 12
internal_value=0 -0.0304693 0.0383884 0.0572154 0.0557095
internal_weight=0 39.8062 20.1061 11.6009 11.0603
internal_count=210 186 142 82 52
shrinkage=0.1


Tree=98
num_leaves=6
num_cat=0
split_feature=0 0 0 0 0
split_gain=0.490705 0.0639521 0.0464607 0.00492374 0.0034969
threshold=0.25000000000000006 0.15000000000000005 1.0000000180025095e-35 0.45000000000000007 0.35000000000000003
decision_type=2 2 2 2 2
left_child=1 2 -1 4 -2
right_child=3 -3 -4 -5 -6
leaf_value=-0.00069197042843516449 0.0098931594811733619 0.0014970032604433052 -0.010857145197813993 0.004636242921719414 0.018464403573933152
leaf_weight=5.820272512733939 0.49788934865500323 8.4321030246792343 19.766115821897984 0.27883579814806658 10.820264063775539
leaf_count=24 30 60 44 12 40
internal_value=0 -0.0605577 -0.0854482 0.177639 0.180874
internal_weight=0 34.0185 25.5864 11.597 11.3182
internal_count=210 128 68 82 70
shrinkage=0.1


Tree=99
num_leaves=6
num_cat=0
split_feature=0 0 0 0 0
split_gain=0.499246 0.398135 0.176661 0.00464533 0.00124172
threshold=0.25000000000000006 1.0000000180025095e-35 0.15000000000000005 0.45000000000000007 0.35000000000000003
decision_type=2 2 2 2 2
left_child=1 -1 -3 4 -2
right_child=3 2 -4 -5 -6
leaf_value=0.020075126774049906 0.011784401619952645 -0.015302282320185562 0.00189360074952033 0.003672917691487896 0.017687729285390943
leaf_weight=4.9620562791824332 0.36743080220184771 21.487297620624304 8.2752197686349991 0.24759988626465279 11.775481751188636
leaf_count=24 30 44 60 12 40
internal_value=0 -0.0614898 -0.105211 0.172326 0.175091
internal_weight=0 34.7246 29.7625 12.3905 12.1429
internal_count=210 128 104 82 70
shrinkage=0.1


end of trees

feature importances:
geographical=500

parameters:
[boosting: gbdt]
[objective: lambdarank]
[metric: ndcg]
[tree_learner: serial]
[device_type: cpu]
[data: ]
[valid: ]
[num_iterations: 100]
[learning_rate: 0.1]
[num_leaves: 16]
[num_threads: -1]
[max_depth: -1]
[min_data_in_leaf: 5]
[min_sum_hessian_in_leaf: 0.001]
[bagging_fraction: 1]
[pos_bagging_fraction: 1]
[neg_bagging_fraction: 1]
[bagging_freq: 0]
[bagging_seed: 3]
[feature_fraction: 1]
[feature_fraction_bynode: 1]
[feature_fraction_seed: 2]
[early_stopping_round: 0]
[first_metric_only: 0]
[max_delta_step: 0]
[lambda_l1: 0]
[lambda_l2: 0]
[min_gain_to_split: 0]
[drop_rate: 0.1]
[max_drop: 50]
[skip_drop: 0.5]
[xgboost_dart_mode: 0]
[uniform_drop: 0]
[drop_seed: 4]
[top_rate: 0.2]
[other_rate: 0.1]
[min_data_per_group: 100]
[max_cat_threshold: 32]
[cat_l2: 10]
[cat_smooth: 10]
[max_cat_to_onehot: 4]
[top_k: 20]
[monotone_constraints: ]
[feature_contri: ]
[forcedsplits_filename: ]
[forcedbins_filename: ]
[refit_decay_rate: 0.9]
[cegb_tradeoff: 1]
[cegb_penalty_split: 0]
[cegb_penalty_feature_lazy: ]
[cegb_penalty_feature_coupled: ]
[verbosity: -1]
[max_bin: 255]
[max_bin_by_feature: ]
[min_data_in_bin: 3]
[bin_construct_sample_cnt: 200000]
[histogram_pool_size: -1]
[data_random_seed: 1]
[output_model: LightGBM_model.txt]
[snapshot_freq: -1]
[input_model: ]
[output_result: LightGBM_predict_result.txt]
[initscore_filename: ]
[valid_data_initscores: ]
[pre_partition: 0]
[enable_bundle: 1]
[max_conflict_rate: 0]
[is_enable_sparse: 1]
[sparse_threshold: 0.8]
[use_missing: 1]
[zero_as_missing: 0]
[two_round: 0]
[save_binary: 0]
[header: 0]
[label_column: ]
[weight_column: ]
[group_column: ]
[ignore_column: ]
[categorical_feature: ]
[predict_raw_score: 0]
[predict_leaf_index: 0]
[predict_contrib: 0]
[num_iteration_predict: -1]
[pred_early_stop: 0]
[pred_early_stop_freq: 10]
[pred_early_stop_margin: 10]
[convert_model_language: ]
[convert_model: gbdt_prediction.cpp]
[num_class: 1]
[is_unbalance: 0]
[scale_pos_weight: 1]
[sigmoid: 1]
[boost_from_average: 1]
[reg_sqrt: 0]
[alpha: 0.9]
[fair_c: 1]
[poisson_max_delta_step: 0.7]
[tweedie_variance_power: 1.5]
[max_position: 20]
[lambdamart_norm: 1]
[label_gain: ]
[metric_freq: 1]
[is_provide_training_metric: 0]
[eval_at: 1]
[multi_error_top_k: 1]
[num_machines: 1]
[local_listen_port: 12400]
[time_out: 120]
[machine_list_filename: ]
[machines: ]
[gpu_platform_id: -1]
[gpu_device_id: -1]
[gpu_use_dp: 0]

end of parameters

pandas_categorical:null
