tree
version=v3
num_class=1
num_tree_per_iteration=1
label_index=0
max_feature_idx=0
objective=lambdarank
feature_names=geographical
feature_infos=[0:0.5]
tree_sizes=742 752 752 755 752 755 755 757 758 758 762 761 762 760 760 763 765 760 764 763 761 759 761 762 761 760 763 762 764 765 765 762 758 760 764 761 760 762 761 763 763 762 760 760 760 763 763 762 762 759 760 762 761 754 760 758 755 757 756 750 756 751 759 760 758 758 757 752 757 756 758 759 755 752 758 762 756 764 759 763 757 757 751 759 757 751 750 758 754 763 757 760 759 758 753 758 757 758 756 756

Tree=0
num_leaves=6
num_cat=0
split_feature=0 0 0 0 0
split_gain=0.493413 0.292037 0.623539 0.221139 0.0332816
threshold=0.15000000000000005 0.35000000000000003 0.25000000000000006 0.45000000000000007 1.0000000180025095e-35
decision_type=2 2 2 2 2
left_child=4 2 -2 -3 -1
right_child=1 3 -4 -5 -6
leaf_value=0.01748890769635578 -0.007239918276456799 0.021409482677015142 -0.080359182436093135 -0.044786970924201253 0.035788064164363691
leaf_weight=1.6155640836805112 4.7585827349685115 3.036706681363285 1.5449113221839068 0.605238752439618 2.5829167868942022
leaf_count=22 60 46 32 14 36
internal_value=0 -0.121354 -0.251606 0.104086 0.287466
internal_weight=0 9.94544 6.30349 3.64195 4.19848
internal_count=210 152 92 60 58
shrinkage=0.1


Tree=1
num_leaves=6
num_cat=0
split_feature=0 0 0 0 0
split_gain=0.671968 0.121583 0.0722229 0.0463246 0.0412059
threshold=0.15000000000000005 0.45000000000000007 0.35000000000000003 0.25000000000000006 1.0000000180025095e-35
decision_type=2 2 2 2 2
left_child=4 2 3 -2 -1
right_child=1 -3 -4 -5 -6
leaf_value=0.020052582039520539 -0.012899229585762274 -0.048120077718948301 -0.0047743479775003558 -0.030405560548336288 0.0098675544065221239
leaf_weight=4.9993383735418346 10.278039755299689 0.85934387892484565 13.24134610965848 1.7721699411049492 19.334426812827587
leaf_count=22 60 14 46 32 36
internal_value=0 -0.11129 -0.0987213 -0.154738 0.119601
internal_weight=0 26.1509 25.2916 12.0502 24.3338
internal_count=210 152 138 92 58
shrinkage=0.1


Tree=2
num_leaves=6
num_cat=0
split_feature=0 0 0 0 0
split_gain=0.215384 0.135851 0.339905 0.0652501 0.0360447
threshold=1.0000000180025095e-35 0.15000000000000005 0.35000000000000003 0.45000000000000007 0.25000000000000006
decision_type=2 2 2 2 2
left_child=-1 -2 4 -4 -3
right_child=1 2 3 -5 -6
leaf_value=-0.016898970134422649 0.0088164721243793442 -0.012280928597012707 0.011488510722218428 -0.021028579651117554 -0.027928270895803547
leaf_weight=6.5343037918210021 19.233910694718361 9.9067536480724794 10.842451339587567 0.65434519201517183 1.729133575223387
leaf_count=22 36 60 46 14 32
internal_value=0 0.0260637 -0.0255708 0.0963779 -0.146062
internal_weight=0 42.3666 23.1327 11.4968 11.6359
internal_count=210 188 152 60 92
shrinkage=0.1


Tree=3
num_leaves=6
num_cat=0
split_feature=0 0 0 0 0
split_gain=0.532127 0.113545 0.0323038 0.0100208 0.0232369
threshold=0.15000000000000005 1.0000000180025095e-35 0.45000000000000007 0.35000000000000003 0.25000000000000006
decision_type=2 2 2 2 2
left_child=1 -1 3 4 -2
right_child=2 -3 -4 -5 -6
leaf_value=0.024795069919111647 -0.0099263341666808447 0.0073894952274868881 -0.033479899205178777 -0.0077151089099559908 -0.022943464751809545
leaf_weight=4.7118370831012752 9.5696441410109419 18.320729866623878 0.57958072796463866 13.102738643065095 1.6007339712232358
leaf_count=22 60 36 14 46 32
internal_value=0 0.109502 -0.101482 -0.0959114 -0.117917
internal_weight=0 23.0326 24.8527 24.2731 11.1704
internal_count=210 58 152 138 92
shrinkage=0.1


Tree=4
num_leaves=6
num_cat=0
split_feature=0 0 0 0 0
split_gain=0.173377 0.0837935 0.237559 0.0222968 0.0206061
threshold=1.0000000180025095e-35 0.15000000000000005 0.35000000000000003 0.25000000000000006 0.45000000000000007
decision_type=2 2 2 2 2
left_child=-1 -2 3 -3 -4
right_child=1 2 4 -5 -6
leaf_value=-0.015485608601564406 0.0073684492278746462 -0.010262099819152588 0.0094510858113952215 -0.022964742187764897 -0.010385855870269814
leaf_weight=6.2681359201669684 18.442333020269871 9.4990236032754165 10.740285020321606 1.6170655325986452 0.55049761757254678
leaf_count=22 36 60 46 32 14
internal_value=0 0.023762 -0.0173275 -0.1211 0.0848391
internal_weight=0 40.8492 22.4069 11.1161 11.2908
internal_count=210 188 152 92 60
shrinkage=0.1


Tree=5
num_leaves=6
num_cat=0
split_feature=0 0 0 0 0
split_gain=0.255401 0.0801738 0.181415 0.0329246 0.00566928
threshold=1.0000000180025095e-35 0.35000000000000003 0.15000000000000005 0.45000000000000007 0.25000000000000006
decision_type=2 2 2 2 2
left_child=-1 2 -2 -3 -4
right_child=1 3 4 -5 -6
leaf_value=-0.018156580433355586 0.0063922450005374073 0.010699453757722688 -0.0092018031700541927 -0.016090094488031888 -0.015813958295056177
leaf_weight=6.6541748642921439 17.248567387461662 11.948484985157844 9.3228427246212959 0.47708167508244592 1.5062029529362924
leaf_count=22 36 46 60 14 32
internal_value=0 0.029829 0.000231884 0.0967086 -0.101215
internal_weight=0 40.5032 28.0776 12.4256 10.829
internal_count=210 188 128 60 92
shrinkage=0.1


Tree=6
num_leaves=6
num_cat=0
split_feature=0 0 0 0 0
split_gain=0.278603 0.0780127 0.0189049 0.0131716 0.010159
threshold=0.15000000000000005 1.0000000180025095e-35 0.45000000000000007 0.35000000000000003 0.25000000000000006
decision_type=2 2 2 2 2
left_child=1 -1 3 4 -2
right_child=2 -3 -4 -5 -6
leaf_value=0.021172169051091875 -0.0083760516672337013 0.005424138363748777 -0.026889318881191906 -0.0048616641043780027 -0.017283957017888901
leaf_weight=3.8085820972919491 9.2488376991823333 18.072507113218307 0.489023856818675 12.827365668490529 1.4859514241106815
leaf_count=22 60 36 14 46 32
internal_value=0 0.0816521 -0.0742848 -0.0702458 -0.0960912
internal_weight=0 21.8811 24.0512 23.5622 10.7348
internal_count=210 58 152 138 92
shrinkage=0.1


Tree=7
num_leaves=6
num_cat=0
split_feature=0 0 0 0 0
split_gain=0.826938 0.291899 0.0343629 0.000272329 9.32255e-07
threshold=1.0000000180025095e-35 0.15000000000000005 0.25000000000000006 0.45000000000000007 0.35000000000000003
decision_type=2 2 2 2 2
left_child=-1 -2 -3 4 -4
right_child=1 2 3 -5 -6
leaf_value=0.038037248998548358 0.0053290862808637787 -0.0068686764141813201 -0.014787344819331761 -0.012190745312722816 -0.014703679983739955
leaf_weight=5.0896432399749747 17.104711852967739 9.1060659782961011 1.4805701463483245 0.44120715651661241 13.257194396108389
leaf_count=22 36 60 32 14 46
internal_value=0 -0.0467739 -0.117253 -0.146388 -0.147121
internal_weight=0 41.3897 24.285 15.179 14.7378
internal_count=210 188 152 92 78
shrinkage=0.1


Tree=8
num_leaves=6
num_cat=0
split_feature=0 0 0 0 0
split_gain=0.213088 0.0459557 0.147288 0.00865174 0.00416834
threshold=1.0000000180025095e-35 0.35000000000000003 0.15000000000000005 0.25000000000000006 0.45000000000000007
decision_type=2 2 2 2 2
left_child=-1 2 -2 -4 -3
right_child=1 4 3 -5 -6
leaf_value=-0.016828697539454606 0.0061750294959609219 0.0087803533753181423 -0.0074884181861484926 -0.01563826133318074 -0.00088231495942452023
leaf_weight=6.4638990908861151 18.069456376135349 10.220972724258896 9.1304299654439092 1.5193356247618801 0.46683697402477342
leaf_count=22 36 46 60 32 14
internal_value=0 0.027604 0.00677149 -0.0865111 0.0835829
internal_weight=0 39.407 28.7192 10.6498 10.6878
internal_count=210 188 128 92 60
shrinkage=0.1


Tree=9
num_leaves=6
num_cat=0
split_feature=0 0 0 0 0
split_gain=0.114123 0.0363816 0.126148 0.015747 0.00330776
threshold=1.0000000180025095e-35 0.35000000000000003 0.15000000000000005 0.45000000000000007 0.25000000000000006
decision_type=2 2 2 2 2
left_child=-1 2 -2 -3 -4
right_child=1 3 4 -5 -6
leaf_value=-0.012889324594428554 0.0052667371683312635 0.0075503507116032962 -0.0078488559198141485 -0.011392258632140259 -0.012945871421296808
leaf_weight=5.9633793011307707 17.438589811325073 10.741931450553235 9.1378962625749409 0.45754361897707058 1.4793392070569105
leaf_count=22 36 46 60 14 32
internal_value=0 0.0195805 0.000346132 0.0677647 -0.0855904
internal_weight=0 39.2553 28.0558 11.1995 10.6172
internal_count=210 188 128 60 92
shrinkage=0.1


Tree=10
num_leaves=6
num_cat=0
split_feature=0 0 0 0 0
split_gain=0.192641 0.0631611 0.0948183 0.0146449 0.000805229
threshold=1.0000000180025095e-35 0.35000000000000003 0.15000000000000005 0.45000000000000007 0.25000000000000006
decision_type=2 2 2 2 2
left_child=-1 2 -2 -3 -4
right_child=1 3 4 -5 -6
leaf_value=-0.016065493036618039 0.0046448902612401411 0.0093866430871826188 -0.0071295594383413491 -0.0097434148984031771 -0.009677971934974253
leaf_weight=6.4128412660211316 16.7677316442132 11.462437172420319 9.0478763966821134 0.41465458367019969 1.4367689169012017
leaf_count=22 36 46 60 14 32
internal_value=0 0.0263294 -0.000193784 0.0871877 -0.0747878
internal_weight=0 39.1295 27.2524 11.8771 10.4846
internal_count=210 188 128 60 92
shrinkage=0.1


Tree=11
num_leaves=6
num_cat=0
split_feature=0 0 0 0 0
split_gain=0.3372 0.131177 0.00540583 0.00164327 0.000728794
threshold=1.0000000180025095e-35 0.15000000000000005 0.45000000000000007 0.25000000000000006 0.35000000000000003
decision_type=2 2 2 2 2
left_child=-1 -2 3 -3 -5
right_child=1 2 -4 4 -6
leaf_value=0.027649760003718021 0.003896701220162343 -0.0063127421413756053 -0.018839726278877762 -0.010183760734582777 -0.0078004132526290522
leaf_weight=4.0159162301570168 17.291697852313519 9.0066402335651254 0.41823098715394641 1.4270516508258868 12.710993655025959
leaf_count=22 36 60 14 32 46
internal_value=0 -0.0271791 -0.0757206 -0.0736845 -0.0804098
internal_weight=0 40.8546 23.5629 23.1447 14.138
internal_count=210 188 152 138 78
shrinkage=0.1


Tree=12
num_leaves=6
num_cat=0
split_feature=0 0 0 0 0
split_gain=0.127231 0.0419993 0.0877026 0.00516519 0.00154509
threshold=1.0000000180025095e-35 0.35000000000000003 0.15000000000000005 0.45000000000000007 0.25000000000000006
decision_type=2 2 2 2 2
left_child=-1 2 -2 -3 -4
right_child=1 3 4 -5 -6
leaf_value=-0.013501031531240791 0.0044112849707086798 0.0076183912410817531 -0.0067415067940528196 -0.0037367695511059868 -0.010262121200632471
leaf_weight=6.040750863030552 17.008349165320396 10.975918231531974 9.0022859633900225 0.41576378699392158 1.4469314166344709
leaf_count=22 36 46 60 14 32
internal_value=0 0.020993 -0.000185334 0.0720396 -0.0722902
internal_weight=0 38.8492 27.4576 11.3917 10.4492
internal_count=210 188 128 60 92
shrinkage=0.1


Tree=13
num_leaves=6
num_cat=0
split_feature=0 0 0 0 0
split_gain=0.810706 0.192028 0.0396079 0.000660225 0.000128657
threshold=1.0000000180025095e-35 0.15000000000000005 0.35000000000000003 0.25000000000000006 0.45000000000000007
decision_type=2 2 2 2 2
left_child=-1 -2 3 -3 -4
right_child=1 2 4 -5 -6
leaf_value=0.039523193357094477 0.0036565418596514925 -0.0053560748930809379 -0.013969380325661527 -0.007682943692751164 -0.012118671552593283
leaf_weight=4.6545007564127436 16.735392205417156 8.9069018168374878 13.021781845018266 1.4128290819935507 0.38678588718175966
leaf_count=22 36 60 46 32 14
internal_value=0 -0.0454631 -0.103317 -0.0567464 -0.13916
internal_weight=0 40.4637 23.7283 10.3197 13.4086
internal_count=210 188 152 92 60
shrinkage=0.1


Tree=14
num_leaves=6
num_cat=0
split_feature=0 0 0 0 0
split_gain=0.114973 0.0291732 0.0810589 0.00245034 0.00163335
threshold=1.0000000180025095e-35 0.35000000000000003 0.15000000000000005 0.45000000000000007 0.25000000000000006
decision_type=2 2 2 2 2
left_child=-1 2 -2 -3 -4
right_child=1 3 4 -5 -6
leaf_value=-0.012896865851449547 0.0044796464623846821 0.006721509668113643 -0.0061782537606762545 -0.0010831960003578052 -0.0097865215776860096
leaf_weight=5.9829726740717879 17.322241716086864 10.359540352597829 8.9567399048246443 0.4185164328664549 1.4588700304739184
leaf_count=22 36 46 60 14 32
internal_value=0 0.0200337 0.0028781 0.0641845 -0.0668365
internal_weight=0 38.5159 27.7379 10.7781 10.4156
internal_count=210 188 128 60 92
shrinkage=0.1


Tree=15
num_leaves=6
num_cat=0
split_feature=0 0 0 0 0
split_gain=0.0973113 0.030418 0.0694482 0.00560763 0.000454557
threshold=1.0000000180025095e-35 0.35000000000000003 0.15000000000000005 0.45000000000000007 0.25000000000000006
decision_type=2 2 2 2 2
left_child=-1 2 -2 -3 -4
right_child=1 3 4 -5 -6
leaf_value=-0.011971003935724785 0.0039790860843140095 0.0067016579887980918 -0.0061348862582550458 -0.0052391770354008951 -0.0080512595083157643
leaf_weight=5.8886523507535449 17.014335960149765 10.648043193854388 8.9426840445958078 0.40837058052420688 1.4365687854588038
leaf_count=22 36 46 60 14 32
internal_value=0 0.0183337 0.000464696 0.0626062 -0.0640013
internal_weight=0 38.45 27.3936 11.0564 10.3793
internal_count=210 188 128 60 92
shrinkage=0.1


Tree=16
num_leaves=6
num_cat=0
split_feature=0 0 0 0 0
split_gain=0.151483 0.0494454 0.0549016 0.00624055 2.40337e-06
threshold=1.0000000180025095e-35 0.35000000000000003 0.15000000000000005 0.45000000000000007 0.25000000000000006
decision_type=2 2 2 2 2
left_child=-1 2 -2 -3 -4
right_child=1 3 4 -5 -6
leaf_value=-0.014466749069344215 0.0035597924214561109 0.0082526913954567016 -0.0057178372931428805 -0.0047431711112819724 -0.0058583594887483695
leaf_weight=6.2280580289661875 16.565640479326248 11.153705498203632 8.8923383881337941 0.38215881027281362 1.4101179819554097
leaf_count=22 36 46 60 14 32
internal_value=0 0.0234611 -5.04988e-05 0.0782217 -0.0573707
internal_weight=0 38.404 26.8681 11.5359 10.3025
internal_count=210 188 128 60 92
shrinkage=0.1


Tree=17
num_leaves=6
num_cat=0
split_feature=0 0 0 0 0
split_gain=0.573704 0.12643 0.0223906 6.07588e-05 3.80719e-05
threshold=1.0000000180025095e-35 0.15000000000000005 0.35000000000000003 0.45000000000000007 0.25000000000000006
decision_type=2 2 2 2 2
left_child=-1 -2 4 -4 -3
right_child=1 2 3 -5 -6
leaf_value=0.035004680616493207 0.0029320964940494688 -0.0048607466777478231 -0.011136152150805864 -0.012428752310865676 -0.0054222406164475224
leaf_weight=4.2355538289993993 16.786090672016144 8.8483534632250649 12.772668286226688 0.37430431041866619 1.3984238053672022
leaf_count=22 36 60 46 14 32
internal_value=0 -0.0369002 -0.0844169 -0.11173 -0.0493738
internal_weight=0 40.1798 23.3937 13.147 10.2468
internal_count=210 188 152 60 92
shrinkage=0.1


Tree=18
num_leaves=6
num_cat=0
split_feature=0 0 0 0 0
split_gain=0.0918264 0.0276499 0.056234 0.00222373 0.000231165
threshold=1.0000000180025095e-35 0.35000000000000003 0.15000000000000005 0.45000000000000007 0.25000000000000006
decision_type=2 2 2 2 2
left_child=-1 2 -2 -3 -4
right_child=1 3 4 -5 -6
leaf_value=-0.011656676208692577 0.0036259363483401898 0.0063079857045016787 -0.0055485773294514885 -0.0013246763409195204 -0.0069172205139448276
leaf_weight=5.8594983536750069 16.947407439351082 10.553760510869321 8.8820032831281424 0.39603118784725744 1.433204124215991
leaf_count=22 36 46 60 14 32
internal_value=0 0.0178744 0.000826755 0.0603193 -0.0573874
internal_weight=0 38.2124 27.2626 10.9498 10.3152
internal_count=210 188 128 60 92
shrinkage=0.1


Tree=19
num_leaves=6
num_cat=0
split_feature=0 0 0 0 0
split_gain=0.120867 0.0388417 0.0462864 0.00365286 5.80479e-06
threshold=1.0000000180025095e-35 0.35000000000000003 0.15000000000000005 0.45000000000000007 0.25000000000000006
decision_type=2 2 2 2 2
left_child=-1 2 -2 -3 -4
right_child=1 3 4 -5 -6
leaf_value=-0.013128297570908685 0.0032739453928352677 0.0073349674560608249 -0.0052977055625452203 -0.0026589691184672943 -0.0050793333951588485
leaf_weight=6.0531262382864943 16.61883506923914 10.922719463706013 8.8499575825408101 0.3783990843221553 1.4114207075908787
leaf_count=22 36 46 60 14 32
internal_value=0 0.0208131 0.000132295 0.0700034 -0.0526767
internal_weight=0 38.1813 26.8802 11.3011 10.2614
internal_count=210 188 128 60 92
shrinkage=0.1


Tree=20
num_leaves=6
num_cat=0
split_feature=0 0 0 0 0
split_gain=0.992029 0.212169 0.0286702 0.00173451 8.58349e-05
threshold=1.0000000180025095e-35 0.35000000000000003 0.15000000000000005 0.45000000000000007 0.25000000000000006
decision_type=2 2 2 2 2
left_child=-1 2 -2 -3 -4
right_child=1 3 4 -5 -6
leaf_value=0.043776586667327311 0.0026752722800290358 -0.015544837794072059 -0.0041995223944617252 -0.0084477731396506838 -0.0033538109693140119
leaf_weight=4.6378982942551366 16.392680689692497 13.018684357404705 8.7777626537717879 0.35372220631688911 1.3901718407869346
leaf_count=22 36 46 60 14 32
internal_value=0 -0.050843 0.000877276 -0.153571 -0.040839
internal_weight=0 39.933 26.5606 13.3724 10.1679
internal_count=210 188 128 60 92
shrinkage=0.1


Tree=21
num_leaves=6
num_cat=0
split_feature=0 0 0 0 0
split_gain=0.094821 0.0229624 0.0486005 0.0011949 7.1913e-05
threshold=1.0000000180025095e-35 0.35000000000000003 0.15000000000000005 0.45000000000000007 0.25000000000000006
decision_type=2 2 2 2 2
left_child=-1 2 -2 -3 -4
right_child=1 3 4 -5 -6
leaf_value=-0.011808875997703651 0.0035703944489585398 0.0059677991632833228 -0.0050322346918977049 0.00033606051355859577 -0.0057948243437387567
leaf_weight=5.8870923034846774 17.023738950490952 10.28937409073114 8.8362343274056911 0.39106156025081951 1.437802811618895
leaf_count=22 36 46 60 14 32
internal_value=0 0.0183052 0.00292465 0.0576159 -0.0513896
internal_weight=0 37.9782 27.2978 10.6804 10.274
internal_count=210 188 128 60 92
shrinkage=0.1


Tree=22
num_leaves=6
num_cat=0
split_feature=0 0 0 0 0
split_gain=0.0830187 0.0246761 0.0424321 0.00251737 7.16802e-06
threshold=1.0000000180025095e-35 0.35000000000000003 0.15000000000000005 0.45000000000000007 0.25000000000000006
decision_type=2 2 2 2 2
left_child=-1 2 -2 -3 -4
right_child=1 3 4 -5 -6
leaf_value=-0.01111628201768035 0.0031818962731028351 0.0060213260650984583 -0.0050133928570538569 -0.0022050978571950017 -0.0047717337323555835
leaf_weight=5.824266303330659 16.81416217982769 10.489574647508558 8.8293248256668448 0.38566139712929798 1.4255993496626622
leaf_count=22 36 46 60 14 32
internal_value=0 0.0170629 0.000898983 0.057296 -0.049798
internal_weight=0 37.9443 27.0691 10.8752 10.2549
internal_count=210 188 128 60 92
shrinkage=0.1


Tree=23
num_leaves=6
num_cat=0
split_feature=0 0 0 0 0
split_gain=0.103291 0.0334487 0.0359703 0.00309229 0.000199516
threshold=1.0000000180025095e-35 0.35000000000000003 0.15000000000000005 0.45000000000000007 0.25000000000000006
decision_type=2 2 2 2 2
left_child=-1 2 -2 -3 -4
right_child=1 3 4 -5 -6
leaf_value=-0.012228524504572048 0.0028867985908930791 0.006834472684169042 -0.0048354414717316913 -0.0024313339401277499 -0.0035547300704791718
leaf_weight=5.9682787880301467 16.556218080222607 10.78232923429459 8.8057725774124265 0.37262249365449029 1.4113592281937606
leaf_count=22 36 46 60 14 32
internal_value=0 0.0192424 7.38301e-05 0.0652496 -0.0465853
internal_weight=0 37.9283 26.7733 11.155 10.2171
internal_count=210 188 128 60 92
shrinkage=0.1


Tree=24
num_leaves=6
num_cat=0
split_feature=0 0 0 0 0
split_gain=1.66027 0.378671 0.0186841 0.00782576 0.000826109
threshold=1.0000000180025095e-35 0.35000000000000003 0.15000000000000005 0.45000000000000007 0.25000000000000006
decision_type=2 2 2 2 2
left_child=-1 2 -2 -3 -4
right_child=1 3 4 -5 -6
leaf_value=0.053603438263524789 0.0023130877253884708 -0.020746023063513693 -0.0035487020429437344 -0.0052281695247964749 -0.00091831494192907775
leaf_weight=5.118223736062645 15.904457926750183 13.362996913492676 8.7078463039360923 0.33308530226349908 1.3837110954336829
leaf_count=22 36 46 60 14 32
internal_value=0 -0.0691206 0.00177572 -0.203686 -0.0318803
internal_weight=0 39.6921 25.996 13.6961 10.0916
internal_count=210 188 128 60 92
shrinkage=0.1


Tree=25
num_leaves=6
num_cat=0
split_feature=0 0 0 0 0
split_gain=0.107932 0.0206168 0.0407864 0.000797896 8.10214e-06
threshold=1.0000000180025095e-35 0.35000000000000003 0.15000000000000005 0.45000000000000007 0.25000000000000006
decision_type=2 2 2 2 2
left_child=-1 2 -2 -3 -4
right_child=1 3 4 -5 -6
leaf_value=-0.01248228276864401 0.0035264293396094076 0.0059168165824144232 -0.0044982576088413604 0.0012721061727746009 -0.0042425791923259562
leaf_weight=5.9798518046736708 17.029526643455029 10.098437095992264 8.7875279458239675 0.38391346577555013 1.4429102442227311
leaf_count=22 36 46 60 14 32
internal_value=0 0.0197768 0.00528364 0.0574671 -0.044622
internal_weight=0 37.7423 27.26 10.4824 10.2304
internal_count=210 188 128 60 92
shrinkage=0.1


Tree=26
num_leaves=6
num_cat=0
split_feature=0 0 0 0 0
split_gain=0.0784314 0.0206929 0.0356947 0.00188443 0.000103749
threshold=1.0000000180025095e-35 0.35000000000000003 0.15000000000000005 0.45000000000000007 0.25000000000000006
decision_type=2 2 2 2 2
left_child=-1 2 -2 -3 -4
right_child=1 3 4 -5 -6
leaf_value=-0.010811801504926917 0.0030299349213748863 0.0056593851706334009 -0.0045893267406094569 -0.0014761401446358559 -0.0036727460548068741
leaf_weight=5.8131841830909243 16.824196875095367 10.261536068283018 8.7934021283872426 0.38395592570304954 1.436694283969701
leaf_count=22 36 46 60 14 32
internal_value=0 0.0166715 0.00197522 0.0540202 -0.044606
internal_weight=0 37.6998 27.0543 10.6455 10.2301
internal_count=210 188 128 60 92
shrinkage=0.1


Tree=27
num_leaves=6
num_cat=0
split_feature=0 0 0 0 0
split_gain=0.0725094 0.0229412 0.0316419 0.00236829 0.000278645
threshold=1.0000000180025095e-35 0.35000000000000003 0.15000000000000005 0.45000000000000007 0.25000000000000006
decision_type=2 2 2 2 2
left_child=-1 2 -2 -3 -4
right_child=1 3 4 -5 -6
leaf_value=-0.010424827751059816 0.0027225011444438397 0.0057754840318009005 -0.0045564335482402704 -0.0022669070633835131 -0.0030511070264521087
leaf_weight=5.784128386527299 16.664632007479668 10.420884328894314 8.7862554681487381 0.37948775198310686 1.4297741064801819
leaf_count=22 36 46 60 14 32
internal_value=0 0.0160023 0.000362006 0.054929 -0.0434576
internal_weight=0 37.681 26.8807 10.8004 10.216
internal_count=210 188 128 60 92
shrinkage=0.1


Tree=28
num_leaves=6
num_cat=0
split_feature=0 0 0 0 0
split_gain=0.0871622 0.029796 0.0273718 0.00255968 0.000621556
threshold=1.0000000180025095e-35 0.35000000000000003 0.15000000000000005 0.45000000000000007 0.25000000000000006
decision_type=2 2 2 2 2
left_child=-1 2 -2 -3 -4
right_child=1 3 4 -5 -6
leaf_value=-0.011306366240151508 0.002481707565047786 0.0064263695087522932 -0.0044271930633382056 -0.0020403432905077286 -0.0021721249272817953
leaf_weight=5.8957859985530368 16.465797886252403 10.652231220155951 8.7684999452903867 0.36945740319788528 1.420218791812659
leaf_count=22 36 46 60 14 32
internal_value=0 0.0176928 -0.000390718 0.0614256 -0.0411286
internal_weight=0 37.6762 26.6545 11.0217 10.1887
internal_count=210 188 128 60 92
shrinkage=0.1


Tree=29
num_leaves=6
num_cat=0
split_feature=0 0 0 0 0
split_gain=0.180926 0.0610998 0.019421 0.00245073 0.00190666
threshold=1.0000000180025095e-35 0.35000000000000003 0.15000000000000005 0.45000000000000007 0.25000000000000006
decision_type=2 2 2 2 2
left_child=-1 2 -2 -3 -4
right_child=1 3 4 -5 -6
leaf_value=-0.015397677487918935 0.0021432379813537787 0.0089370223134729743 -0.0040077629864657353 0.00030976844320669978 -3.0288297418800988e-05
leaf_weight=6.5076444130390874 15.946469433605671 11.290986500680443 8.7193084210157377 0.33915906865149814 1.3985052676871426
leaf_count=22 36 46 60 14 32
internal_value=0 0.0265829 -0.000310847 0.0868543 -0.0345799
internal_weight=0 37.6944 26.0643 11.6301 10.1178
internal_count=210 188 128 60 92
shrinkage=0.1


Tree=30
num_leaves=6
num_cat=0
split_feature=0 0 0 0 0
split_gain=0.544756 0.0945861 0.0156642 0.000988166 0.000130698
threshold=1.0000000180025095e-35 0.35000000000000003 0.15000000000000005 0.25000000000000006 0.45000000000000007
decision_type=2 2 2 2 2
left_child=-1 2 -2 -4 -3
right_child=1 4 3 -5 -6
leaf_value=0.035165111758431282 0.0017504860284905041 -0.010613985929557895 -0.00364030412178778 -0.00078003590308318863 -0.0086510613055447647
leaf_weight=4.0012228582054368 16.541005596518517 12.606650681234893 8.7196136899292469 1.4020780758000917 0.34858520701527673
leaf_count=22 36 46 60 32 14
internal_value=0 -0.0355151 -0.00145556 -0.0324409 -0.105612
internal_weight=0 39.6179 26.6627 10.1217 12.9552
internal_count=210 188 128 92 60
shrinkage=0.1


Tree=31
num_leaves=6
num_cat=0
split_feature=0 0 0 0 0
split_gain=0.0829859 0.0266379 0.0247647 0.000877123 0.00062182
threshold=1.0000000180025095e-35 0.35000000000000003 0.15000000000000005 0.45000000000000007 0.25000000000000006
decision_type=2 2 2 2 2
left_child=-1 2 -2 -3 -4
right_child=1 3 4 -5 -6
leaf_value=-0.011073920271056779 0.0024115622465446193 0.0060441490036192355 -0.0041779215429700346 0.001070751255736252 -0.0019288416382857083
leaf_weight=5.855622347444295 16.499758921563625 10.579675599001344 8.7422514907084405 0.36691080871969534 1.4304327685385949
leaf_count=22 36 46 60 14 32
internal_value=0 0.0172372 0.000189963 0.0587745 -0.0386167
internal_weight=0 37.619 26.6724 10.9466 10.1727
internal_count=210 188 128 60 92
shrinkage=0.1


Tree=32
num_leaves=6
num_cat=0
split_feature=0 0 0 0 0
split_gain=0.142288 0.0462878 0.0191182 0.0016781 0.00131615
threshold=1.0000000180025095e-35 0.35000000000000003 0.15000000000000005 0.25000000000000006 0.45000000000000007
decision_type=2 2 2 2 2
left_child=-1 2 -2 -4 -3
right_child=1 4 3 -5 -6
leaf_value=-0.013967081470542845 0.0021498842080248572 0.0078371930502043989 -0.0039133718938981349 -0.00019830234888057973 0.0015757252221701946
leaf_weight=6.254383645951747 16.125537909567356 11.037735261954364 8.7092999671585858 1.4131383444182581 0.3462322764098652
leaf_count=22 36 46 60 32 14
internal_value=0 0.0232131 0.00011623 -0.0339473 0.0764676
internal_weight=0 37.6319 26.248 10.1224 11.384
internal_count=210 188 128 92 60
shrinkage=0.1


Tree=33
num_leaves=6
num_cat=0
split_feature=0 0 0 0 0
split_gain=0.773368 0.149081 0.0129706 0.00187615 0.00152159
threshold=1.0000000180025095e-35 0.35000000000000003 0.15000000000000005 0.45000000000000007 0.25000000000000006
decision_type=2 2 2 2 2
left_child=-1 2 -2 -3 -4
right_child=1 3 4 -5 -6
leaf_value=0.040551755200889494 0.0017050085358836905 -0.013279892455150617 -0.003348458725281318 -0.0057540421937871495 0.00019562364979156519
leaf_weight=4.2466886546462765 16.346365377306938 12.749904179014262 8.6853376987855881 0.3400859599933036 1.4077528831548995
leaf_count=22 36 46 60 14 32
internal_value=0 -0.0435652 -0.000354172 -0.130844 -0.0285414
internal_weight=0 39.5294 26.4395 13.09 10.0931
internal_count=210 188 128 60 92
shrinkage=0.1


Tree=34
num_leaves=6
num_cat=0
split_feature=0 0 0 0 0
split_gain=0.0727355 0.0204746 0.0236449 0.000671605 0.000348658
threshold=1.0000000180025095e-35 0.35000000000000003 0.15000000000000005 0.25000000000000006 0.45000000000000007
decision_type=2 2 2 2 2
left_child=-1 2 -2 -4 -3
right_child=1 4 3 -5 -6
leaf_value=-0.010445570331785862 0.0024530669105074614 0.0054026597087025556 -0.0039991696192724132 -0.0016727064305889112 0.0022828512490440755
leaf_weight=5.7771174013614646 16.615563541650772 10.376303206197914 8.7270205914974213 1.446531432215125 0.37102343142032707
leaf_count=22 36 46 60 32 14
internal_value=0 0.0160764 0.00128359 -0.0366838 0.0529496
internal_weight=0 37.5364 26.7891 10.1736 10.7473
internal_count=210 188 128 92 60
shrinkage=0.1


Tree=35
num_leaves=6
num_cat=0
split_feature=0 0 0 0 0
split_gain=0.083888 0.0258007 0.0204673 0.00126709 0.00079666
threshold=1.0000000180025095e-35 0.35000000000000003 0.15000000000000005 0.25000000000000006 0.45000000000000007
decision_type=2 2 2 2 2
left_child=-1 2 -2 -4 -3
right_child=1 4 3 -5 -6
leaf_value=-0.011121826422809041 0.0022361689222559441 0.0059822994741972413 -0.0039279511345180181 -0.00072396766763849619 0.0012227200534105553
leaf_weight=5.8653725422918788 16.438626810908318 10.582059128209945 8.715658143395558 1.4379568081349141 0.36375916190445506
leaf_count=22 36 46 60 32 14
internal_value=0 0.017378 0.000557995 -0.034742 0.0582413
internal_weight=0 37.5381 26.5922 10.1536 10.9458
internal_count=210 188 128 92 60
shrinkage=0.1


Tree=36
num_leaves=6
num_cat=0
split_feature=0 0 0 0 0
split_gain=0.14935 0.0471822 0.0155129 0.0026618 0.00108499
threshold=1.0000000180025095e-35 0.35000000000000003 0.15000000000000005 0.25000000000000006 0.45000000000000007
decision_type=2 2 2 2 2
left_child=-1 2 -2 -4 -3
right_child=1 4 3 -5 -6
leaf_value=-0.014241985885865236 0.0019825795029581894 0.0079278671206345613 -0.0036762671024444535 0.00099082912244395096 0.0022118082582805142
leaf_weight=6.3048115093260995 16.043368011713028 11.067517351359125 8.6833317819982767 1.4221745054237551 0.3423443082720049
leaf_count=22 36 46 60 32 14
internal_value=0 0.0239074 0.000494911 -0.0301945 0.0775636
internal_weight=0 37.5587 26.1489 10.1055 11.4099
internal_count=210 188 128 92 60
shrinkage=0.1


Tree=37
num_leaves=6
num_cat=0
split_feature=0 0 0 0 0
split_gain=0.736818 0.141583 0.0107805 0.00232167 0.00194157
threshold=1.0000000180025095e-35 0.35000000000000003 0.15000000000000005 0.25000000000000006 0.45000000000000007
decision_type=2 2 2 2 2
left_child=-1 2 -2 -4 -3
right_child=1 4 3 -5 -6
leaf_value=0.039866254194954674 0.0015618508868351093 -0.01295659724948605 -0.0032096199586952902 0.0011516716640678499 -0.0052977058794946713
leaf_weight=4.1910845674574366 16.340391054749489 12.705430618487295 8.6678824075497687 1.4206408653408296 0.33984842803329307
leaf_count=22 36 46 60 32 14
internal_value=0 -0.0423271 -0.000250953 -0.0259547 -0.127571
internal_weight=0 39.4742 26.4289 10.0885 13.0453
internal_count=210 188 128 92 60
shrinkage=0.1


Tree=38
num_leaves=6
num_cat=0
split_feature=0 0 0 0 0
split_gain=0.072389 0.0199107 0.0201241 0.00130072 0.000237455
threshold=1.0000000180025095e-35 0.35000000000000003 0.15000000000000005 0.25000000000000006 0.45000000000000007
decision_type=2 2 2 2 2
left_child=-1 2 -2 -4 -3
right_child=1 4 3 -5 -6
leaf_value=-0.01041900267979122 0.0022944646811368496 0.0053274456669707201 -0.0038213611143066866 -0.00059551254789975451 0.0027479610973021626
leaf_weight=5.7776476684957734 16.552615962922573 10.388137196190652 8.706514298915863 1.4594862977974123 0.36956999637186611
leaf_count=22 36 46 60 32 14
internal_value=0 0.0160628 0.00143702 -0.0335824 0.0523883
internal_weight=0 37.4763 26.7186 10.166 10.7577
internal_count=210 188 128 92 60
shrinkage=0.1


Tree=39
num_leaves=6
num_cat=0
split_feature=0 0 0 0 0
split_gain=0.0874327 0.026124 0.0173513 0.00211655 0.000572783
threshold=1.0000000180025095e-35 0.35000000000000003 0.15000000000000005 0.25000000000000006 0.45000000000000007
decision_type=2 2 2 2 2
left_child=-1 2 -2 -4 -3
right_child=1 4 3 -5 -6
leaf_value=-0.011322780816364909 0.0020964902177871797 0.0060183389009299017 -0.0037567683901021743 0.0003671456360606546 0.0019733670616779316
leaf_weight=5.8932044357061377 16.367505051195621 10.606317208148536 8.6954912138171494 1.4524176088161773 0.36202218011021686
leaf_count=22 36 46 60 32 14
internal_value=0 0.0178017 0.000822396 -0.0316653 0.0588483
internal_weight=0 37.4838 26.5154 10.1479 10.9683
internal_count=210 188 128 92 60
shrinkage=0.1


Tree=40
num_leaves=6
num_cat=0
split_feature=0 0 0 0 0
split_gain=0.172023 0.0532102 0.0123597 0.00421495 0.000769198
threshold=1.0000000180025095e-35 0.35000000000000003 0.15000000000000005 0.25000000000000006 0.45000000000000007
decision_type=2 2 2 2 2
left_child=-1 2 -2 -4 -3
right_child=1 4 3 -5 -6
leaf_value=-0.015080535066279349 0.0018242186381151979 0.0083910348219312474 -0.0034821360743445638 0.0023678220795855746 0.0035392358181432189
leaf_weight=6.4537813179194918 15.893786422908306 11.189939827658232 8.6594975467305613 1.4358764258213348 0.33659174758941013
leaf_count=22 36 46 60 32 14
internal_value=0 0.0259429 0.000861933 -0.0265009 0.0824936
internal_weight=0 37.5157 25.9892 10.0954 11.5265
internal_count=210 188 128 92 60
shrinkage=0.1


Tree=41
num_leaves=6
num_cat=0
split_feature=0 0 0 0 0
split_gain=0.620772 0.116034 0.00944919 0.00331192 0.00151256
threshold=1.0000000180025095e-35 0.35000000000000003 0.15000000000000005 0.25000000000000006 0.45000000000000007
decision_type=2 2 2 2 2
left_child=-1 2 -2 -4 -3
right_child=1 4 3 -5 -6
leaf_value=0.037252137618018259 0.0014434816643988169 -0.011765615588156218 -0.0031830283628423331 0.0019931955010666332 -0.0050423254804378304
leaf_weight=4.0562873445451251 16.398703023791313 12.608621289953586 8.6612867373041809 1.4418769977055497 0.34374115429818708
leaf_count=22 36 46 60 32 14
internal_value=0 -0.0382989 -0.00038637 -0.024443 -0.115872
internal_weight=0 39.4542 26.5019 10.1032 12.9524
internal_count=210 188 128 92 60
shrinkage=0.1


Tree=42
num_leaves=6
num_cat=0
split_feature=0 0 0 0 0
split_gain=0.0768264 0.0212025 0.0172048 0.00240338 0.000134218
threshold=1.0000000180025095e-35 0.35000000000000003 0.15000000000000005 0.25000000000000006 0.45000000000000007
decision_type=2 2 2 2 2
left_child=-1 2 -2 -4 -3
right_child=1 4 3 -5 -6
leaf_value=-0.010696901480290434 0.0021412035811632217 0.0054558882309427613 -0.0037251187144491586 0.0006360102671209496 0.0035139335201731787
leaf_weight=5.8122063986957064 16.449337415397167 10.464365253224965 8.6913402008358389 1.4786207643337554 0.36843561660498458
leaf_count=22 36 46 60 32 14
internal_value=0 0.0166006 0.0014221 -0.0309105 0.0538984
internal_weight=0 37.4521 26.6193 10.17 10.8328
internal_count=210 188 128 92 60
shrinkage=0.1


Tree=43
num_leaves=6
num_cat=0
split_feature=0 0 0 0 0
split_gain=0.110058 0.0323057 0.0142397 0.00389059 0.000381653
threshold=1.0000000180025095e-35 0.35000000000000003 0.15000000000000005 0.25000000000000006 0.45000000000000007
decision_type=2 2 2 2 2
left_child=-1 2 -2 -4 -3
right_child=1 4 3 -5 -6
leaf_value=-0.012515417025209197 0.0019524657228074318 0.0066440681284351518 -0.0036316671235655526 0.0019297746934065299 0.0033195244184862694
leaf_weight=6.0496361069381228 16.192411996424198 10.77398997545242 8.6758579229936004 1.4711860041134066 0.35673986375331962
leaf_count=22 36 46 60 32 14
internal_value=0 0.0202064 0.00111861 -0.0282533 0.0653752
internal_weight=0 37.4702 26.3395 10.147 11.1307
internal_count=210 188 128 92 60
shrinkage=0.1


Tree=44
num_leaves=6
num_cat=0
split_feature=0 0 0 0 0
split_gain=1.43108 0.315148 0.0109938 0.00755769 0.00568721
threshold=1.0000000180025095e-35 0.35000000000000003 0.45000000000000007 0.15000000000000005 0.25000000000000006
decision_type=2 2 2 2 2
left_child=-1 3 -3 -2 -5
right_child=1 2 -4 4 -6
leaf_value=0.051757641719051006 0.0015283779096441875 -0.019167646945563596 -0.00072921359851103873 -0.0029496622721494263 0.0037995595845762942
leaf_weight=4.7652145065367213 15.859902508556843 13.081219232641157 0.33156681247055608 8.6263150840532017 1.4597883406095213
leaf_count=22 36 46 14 60 32
internal_value=0 -0.0626636 -0.187118 0.00167338 -0.0197283
internal_weight=0 39.3588 13.4128 25.946 10.0861
internal_count=210 188 60 128 92
shrinkage=0.1


Tree=45
num_leaves=6
num_cat=0
split_feature=0 0 0 0 0
split_gain=0.0752592 0.0148457 0.0191885 0.00293401 3.45657e-06
threshold=1.0000000180025095e-35 0.35000000000000003 0.15000000000000005 0.25000000000000006 0.45000000000000007
decision_type=2 2 2 2 2
left_child=-1 2 -2 -4 -3
right_child=1 4 3 -5 -6
leaf_value=-0.010602296207260784 0.0024919421152359532 0.0048453131004042999 -0.0037216164094825387 0.0010378804045982997 0.0045385089999603161
leaf_weight=5.7960868999361983 16.655096657574177 10.113128160126504 8.6956492469180375 1.5218945601955063 0.38105313852429462
leaf_count=22 36 46 60 32 14
internal_value=0 0.0164456 0.00398964 -0.0301269 0.0483417
internal_weight=0 37.3668 26.8726 10.2175 10.4942
internal_count=210 188 128 92 60
shrinkage=0.1


Tree=46
num_leaves=6
num_cat=0
split_feature=0 0 0 0 0
split_gain=0.0662485 0.0159489 0.0171659 0.00392495 0.000130054
threshold=1.0000000180025095e-35 0.35000000000000003 0.15000000000000005 0.25000000000000006 0.45000000000000007
decision_type=2 2 2 2 2
left_child=-1 2 -2 -4 -3
right_child=1 4 3 -5 -6
leaf_value=-0.0099966457330320554 0.0022287339127311525 0.0048862295274823154 -0.0038040095028236869 0.001695569271001022 0.0030079981559427722
leaf_weight=5.7457196414470664 16.528927944600582 10.225364295765754 8.7014824813231826 1.5251569994725294 0.38244857732206655
leaf_count=22 36 46 60 32 14
internal_value=0 0.0153728 0.00236365 -0.0298383 0.0481851
internal_weight=0 37.3634 26.7556 10.2266 10.6078
internal_count=210 188 128 92 60
shrinkage=0.1


Tree=47
num_leaves=6
num_cat=0
split_feature=0 0 0 0 0
split_gain=0.0679917 0.0186977 0.0155204 0.00513454 0.000243074
threshold=1.0000000180025095e-35 0.35000000000000003 0.15000000000000005 0.25000000000000006 0.45000000000000007
decision_type=2 2 2 2 2
left_child=-1 2 -2 -4 -3
right_child=1 4 3 -5 -6
leaf_value=-0.010103978862414393 0.0020461874255896513 0.0051731437422534755 -0.0038559630911007012 0.0024260786589665358 0.0026025796934660453
leaf_weight=5.7693354375660411 16.399733234196901 10.359364092350003 8.7029200387187302 1.5297627621330327 0.3814026331529029
leaf_count=22 36 46 60 32 14
internal_value=0 0.0155976 0.00139308 -0.0291681 0.0508186
internal_weight=0 37.3732 26.6324 10.2327 10.7408
internal_count=210 188 128 92 60
shrinkage=0.1


Tree=48
num_leaves=6
num_cat=0
split_feature=0 0 0 0 0
split_gain=0.0869441 0.0268746 0.0188335 0.000761699 0.000301468
threshold=1.0000000180025095e-35 0.25000000000000006 0.15000000000000005 0.35000000000000003 0.45000000000000007
decision_type=2 2 2 2 2
left_child=-1 2 -2 -3 -5
right_child=1 3 -4 4 -6
leaf_value=-0.011264384932173438 0.0018982673010461454 0.0034812387283474754 -0.0038697366922851549 0.0059594055084905258 0.0030765702834529935
leaf_weight=5.916161321103572 16.210108820348978 1.5339293996803434 8.6984972481150198 10.577594211325048 0.37562658265233118
leaf_count=22 36 32 60 46 14
internal_value=0 0.0178207 -0.00116015 0.0556827 0.0586054
internal_weight=0 37.3958 24.9086 12.4872 10.9532
internal_count=210 188 96 92 60
shrinkage=0.1


Tree=49
num_leaves=6
num_cat=0
split_feature=0 0 0 0 0
split_gain=0.186803 0.0621598 0.0159368 0.000925402 0.000241192
threshold=1.0000000180025095e-35 0.25000000000000006 0.15000000000000005 0.35000000000000003 0.45000000000000007
decision_type=2 2 2 2 2
left_child=-1 2 -2 -3 -5
right_child=1 3 -4 4 -6
leaf_value=-0.015528475501693534 0.0016442595446920652 0.0059679529915186488 -0.0036993813033794711 0.008666333626509962 0.0059967513740378543
leaf_weight=6.5880356170237055 15.668043963611126 1.528260802384463 8.669356039725244 11.238662207499145 0.34894301835447628
leaf_count=22 36 32 60 46 14
internal_value=0 0.0273146 -0.00259227 0.0828089 0.0858594
internal_weight=0 37.4533 24.3374 13.1159 11.5876
internal_count=210 188 96 92 60
shrinkage=0.1


Tree=50
num_leaves=6
num_cat=0
split_feature=0 0 0 0 0
split_gain=0.591316 0.109451 0.00825631 0.0115479 0.00306961
threshold=1.0000000180025095e-35 0.35000000000000003 0.15000000000000005 0.25000000000000006 0.45000000000000007
decision_type=2 2 2 2 2
left_child=-1 2 -2 -4 -3
right_child=1 4 3 -5 -6
leaf_value=0.036787869156959384 0.0013599285618988944 -0.011541533292596559 -0.0036810840289525438 0.0056655315208967881 -0.0022982836607335572
leaf_weight=3.9696651827543965 16.313035540282726 12.492135290056464 8.6992182636167854 1.5587404267862446 0.36992026492953378
leaf_count=22 36 46 60 32 14
internal_value=0 -0.0370338 -0.000378946 -0.0226083 -0.112757
internal_weight=0 39.433 26.571 10.258 12.8621
internal_count=210 188 128 92 60
shrinkage=0.1


Tree=51
num_leaves=6
num_cat=0
split_feature=0 0 0 0 0
split_gain=0.0752974 0.0247695 0.0231801 3.28278e-05 5.11579e-06
threshold=1.0000000180025095e-35 0.25000000000000006 0.15000000000000005 0.45000000000000007 0.35000000000000003
decision_type=2 2 2 2 2
left_child=-1 2 -2 4 -3
right_child=1 3 -4 -5 -6
leaf_value=-0.010575254204915291 0.0020635789143684104 0.0050989922005350366 -0.004322072180230555 0.0061901769329305986 0.0052901226940570778
leaf_weight=5.8261459302157155 16.267767030745745 1.6178865251131309 8.7381465178914386 0.39564410038292486 10.417789709754288
leaf_count=22 36 32 60 14 46
internal_value=0 0.0164577 -0.00167843 0.0529389 0.0526443
internal_weight=0 37.4372 25.0059 12.4313 12.0357
internal_count=210 188 96 92 78
shrinkage=0.1


Tree=52
num_leaves=6
num_cat=0
split_feature=0 0 0 0 0
split_gain=0.117667 0.0431543 0.0236193 6.18932e-05 6.45705e-05
threshold=1.0000000180025095e-35 0.25000000000000006 0.15000000000000005 0.35000000000000003 0.45000000000000007
decision_type=2 2 2 2 2
left_child=-1 2 -2 -3 -5
right_child=1 3 -4 4 -6
leaf_value=-0.012841948897273385 0.0019491594899179296 0.0073898271702481149 -0.0045157322119329726 0.0066860880495060952 0.0079913242843278592
leaf_weight=6.1320677381008855 15.958882842212915 1.6414592294022412 8.7496091751381755 10.751072864979504 0.39286440238356662
leaf_count=22 36 32 60 46 14
internal_value=0 0.0210028 -0.00340146 0.0681654 0.067321
internal_weight=0 37.4939 24.7085 12.7854 11.1439
internal_count=210 188 96 92 60
shrinkage=0.1


Tree=53
num_leaves=6
num_cat=0
split_feature=0 0 0 0 0
split_gain=1.20156 0.25617 0.0246526 0.0184536 0.0223134
threshold=1.0000000180025095e-35 0.35000000000000003 0.45000000000000007 0.25000000000000006 0.15000000000000005
decision_type=2 2 2 2 2
left_child=-1 3 -3 4 -2
right_child=1 2 -4 -5 -6
leaf_value=0.04890691587512893 0.0016666311195152686 -0.017734252175958917 0.0072595939012764787 0.010226990625898406 -0.0046188946238997176
leaf_weight=4.5086192134767762 15.82842525839806 12.775338375009593 0.40721523016691286 1.6897452892735589 8.7810940917115659
leaf_count=22 36 46 14 32 60
internal_value=0 -0.0558492 -0.169622 0.00117958 -0.00576151
internal_weight=0 39.4818 13.1826 26.2993 24.6095
internal_count=210 188 60 128 96
shrinkage=0.1


Tree=54
num_leaves=6
num_cat=0
split_feature=0 0 0 0 0
split_gain=0.0613063 0.0365872 0.0519735 0.0279767 0.00418226
threshold=0.25000000000000006 1.0000000180025095e-35 0.15000000000000005 0.45000000000000007 0.35000000000000003
decision_type=2 2 2 2 2
left_child=1 -1 -3 4 -2
right_child=3 2 -4 -5 -6
leaf_value=-0.009595912449405386 0.0093140210349898118 0.0026157571213302855 -0.0068712078896554828 0.028831938608557435 0.0041566770198315575
leaf_weight=5.7189183216542032 1.8675244855694426 16.333435196429491 8.9328992515802401 0.51273693330586034 9.9493968277238309
leaf_count=22 32 36 60 14 46
internal_value=0 -0.0237319 -0.00738354 0.0596398 0.0497173
internal_weight=0 30.9853 25.2663 12.3297 11.8169
internal_count=210 118 96 92 78
shrinkage=0.1


Tree=55
num_leaves=6
num_cat=0
split_feature=0 0 0 0 0
split_gain=0.0685364 0.0350928 0.0636907 0.0308403 0.000831367
threshold=0.25000000000000006 0.15000000000000005 1.0000000180025095e-35 0.35000000000000003 0.45000000000000007
decision_type=2 2 2 2 2
left_child=1 2 -1 -2 -5
right_child=3 -3 -4 4 -6
leaf_value=-0.0094437772997607514 0.017331852594003858 -0.0077886943191968388 0.002830066701028585 0.0038351983563052784 0.0083259528511786512
leaf_weight=5.7193916030228165 2.0884431065060172 8.9930694377981144 16.211191304028034 10.01301550446078 0.42994511872530061
leaf_count=22 32 60 36 46 14
internal_value=0 -0.025281 -0.00370893 0.0623858 0.0402009
internal_weight=0 30.9237 21.9306 12.5314 10.443
internal_count=210 118 58 92 60
shrinkage=0.1


Tree=56
num_leaves=6
num_cat=0
split_feature=0 0 0 0 0
split_gain=0.0639423 0.108899 0.336767 0.0395295 1.55584e-05
threshold=1.0000000180025095e-35 0.25000000000000006 0.35000000000000003 0.15000000000000005 0.45000000000000007
decision_type=2 2 2 2 2
left_child=-1 3 -3 -2 -4
right_child=1 2 4 -5 -6
leaf_value=-0.0097944930557729015 0.0029811853962248662 -0.030638607202001816 0.0039042799437713667 0.011913228051282108 0.0045204435631239284
leaf_weight=5.776549380272626 15.996292866766455 3.8498072940856192 10.090969538316129 7.1780941737815729 0.42714701127261001
leaf_count=22 36 32 46 60 14
internal_value=0 0.0150705 -0.0533298 0.0574782 0.039293
internal_weight=0 37.5423 14.3679 23.1744 10.5181
internal_count=210 188 92 96 60
shrinkage=0.1


Tree=57
num_leaves=6
num_cat=0
split_feature=0 0 0 0 0
split_gain=0.0851218 0.0478637 0.037146 0.00911843 0.00061892
threshold=1.0000000180025095e-35 0.25000000000000006 0.15000000000000005 0.35000000000000003 0.45000000000000007
decision_type=2 2 2 2 2
left_child=-1 2 -2 -3 -5
right_child=1 3 -4 4 -6
leaf_value=-0.011104782708924751 0.0020860875361491406 0.013330120193867865 -0.0059960330851055368 0.0058128713095927107 0.00183745303247752
leaf_weight=5.9565201811492434 15.965714000165462 1.8095626663416595 8.8328267910983413 10.482379757799206 0.40682274289429271
leaf_count=22 36 32 60 46 14
internal_value=0 0.0176402 -0.00792629 0.0675671 0.0566435
internal_weight=0 37.4973 24.7985 12.6988 10.8892
internal_count=210 188 96 92 60
shrinkage=0.1


Tree=58
num_leaves=6
num_cat=0
split_feature=0 0 0 0 0
split_gain=0.219738 0.114547 0.0558726 0.032622 9.26963e-05
threshold=0.25000000000000006 1.0000000180025095e-35 0.15000000000000005 0.35000000000000003 0.45000000000000007
decision_type=2 2 2 2 2
left_child=1 -1 -3 -2 -5
right_child=3 2 -4 4 -6
leaf_value=-0.016104074727752209 0.022097893573758021 0.0022619652656659332 -0.0076930478100501465 0.0085537506439920044 0.0069406706708773722
leaf_weight=6.8159764055162695 2.0832028198055896 15.217927701771259 8.9557550495956093 11.182387270033358 0.36796934902668083
leaf_count=22 32 36 60 46 14
internal_value=0 -0.0465444 -0.0142612 0.105798 0.0850236
internal_weight=0 30.9897 24.1737 13.6336 11.5504
internal_count=210 118 96 92 60
shrinkage=0.1


Tree=59
num_leaves=6
num_cat=0
split_feature=0 0 0 0 0
split_gain=0.597116 0.346938 0.0622216 0.0297632 0.00170272
threshold=0.25000000000000006 1.0000000180025095e-35 0.35000000000000003 0.15000000000000005 0.45000000000000007
decision_type=2 2 2 2 2
left_child=1 -1 -2 -3 -4
right_child=2 3 4 -5 -6
leaf_value=0.036781643244259053 -0.027057091450786077 0.0020795463805854428 -0.012179317038790024 0.0098696088496045067 -0.0055283675209664013
leaf_weight=3.8735277876257923 3.4886634829454133 16.1234086714685 12.232304564677177 7.0486340934876344 0.39743003807962018
leaf_count=22 32 36 46 60 14
internal_value=0 0.0907991 -0.152355 0.0444918 -0.1197
internal_weight=0 27.0456 16.1184 23.172 12.6297
internal_count=210 118 92 96 60
shrinkage=0.1


Tree=60
num_leaves=6
num_cat=0
split_feature=0 0 0 0 0
split_gain=0.0797483 0.0385779 0.0502578 0.0248476 0.000406371
threshold=0.25000000000000006 1.0000000180025095e-35 0.15000000000000005 0.35000000000000003 0.45000000000000007
decision_type=2 2 2 2 2
left_child=1 -1 -3 -2 -5
right_child=3 2 -4 4 -6
leaf_value=-0.010069217257679987 0.017005217513776979 0.0023172511247353 -0.0070490375127062813 0.0049035743733486618 0.0016989999176769571
leaf_weight=5.8337876256555345 1.9689404037781033 16.003430292010307 8.9231393416412192 10.273294460028408 0.41156785562634551
leaf_count=22 32 36 60 46 14
internal_value=0 -0.027489 -0.0103567 0.0668237 0.0478014
internal_weight=0 30.7604 24.9266 12.6538 10.6849
internal_count=210 118 96 92 60
shrinkage=0.1


Tree=61
num_leaves=6
num_cat=0
split_feature=0 0 0 0 0
split_gain=0.113588 0.164425 0.493411 0.094201 0.00062101
threshold=1.0000000180025095e-35 0.25000000000000006 0.35000000000000003 0.15000000000000005 0.45000000000000007
decision_type=2 2 2 2 2
left_child=-1 3 -3 -2 -4
right_child=1 2 4 -5 -6
leaf_value=-0.012579083138538684 0.0029760272454078373 -0.034120867621401388 0.0056669543242370635 0.016728504089406803 0.0016381365361193231
leaf_weight=6.1746868230402461 15.378310706466438 4.4253804059699151 10.41470857709646 7.3666591309010974 0.39719001390039999
leaf_count=22 36 32 46 60 14
internal_value=0 0.0204495 -0.0599369 0.0743019 0.0551895
internal_weight=0 37.9822 15.2373 22.745 10.8119
internal_count=210 188 92 96 60
shrinkage=0.1


Tree=62
num_leaves=6
num_cat=0
split_feature=0 0 0 0 0
split_gain=1.32328 0.271781 0.0258978 0.0200407 0.00737171
threshold=1.0000000180025095e-35 0.35000000000000003 0.25000000000000006 0.15000000000000005 0.45000000000000007
decision_type=2 2 2 2 2
left_child=-1 2 3 -2 -3
right_child=1 4 -4 -5 -6
leaf_value=0.051461467127017706 0.0013423741353993917 -0.017983474897149253 0.012050019542706927 -0.0046319352062620528 -0.0037759645163760618
leaf_weight=4.4850992020219556 15.72491712868214 12.804678553249683 1.6784132733009745 8.7331335453782231 0.37592306081205679
leaf_count=22 36 46 32 60 14
internal_value=0 -0.0587047 0.000337584 -0.00790847 -0.175783
internal_weight=0 39.3171 26.1365 24.4581 13.1806
internal_count=210 188 128 96 60
shrinkage=0.1


Tree=63
num_leaves=6
num_cat=0
split_feature=0 0 0 0 0
split_gain=0.0514209 0.0295402 0.0410537 0.0126848 0.00028746
threshold=0.25000000000000006 1.0000000180025095e-35 0.15000000000000005 0.35000000000000003 0.45000000000000007
decision_type=2 2 2 2 2
left_child=1 -1 -3 -2 -5
right_child=3 2 -4 4 -6
leaf_value=-0.0086928275969060491 0.013103154189410557 0.0022768003725484472 -0.0061832602311557641 0.0042297469004002946 0.0015674851209341969
leaf_weight=5.6794082894921329 1.8525457717478246 16.262352373450994 8.8615157345775533 9.977012731600551 0.42276593856513578
leaf_count=22 32 36 60 46 14
internal_value=0 -0.0217954 -0.00707173 0.0547954 0.0412152
internal_weight=0 30.8033 25.1239 12.2523 10.3998
internal_count=210 118 96 92 60
shrinkage=0.1


Tree=64
num_leaves=6
num_cat=0
split_feature=0 0 0 0 0
split_gain=0.0762551 0.0500875 0.0411916 0.0527018 4.39934e-05
threshold=0.25000000000000006 0.35000000000000003 0.15000000000000005 1.0000000180025095e-35 0.45000000000000007
decision_type=2 2 2 2 2
left_child=2 -2 3 -1 -3
right_child=1 4 -4 -5 -6
leaf_value=-0.0085976993332991664 0.020325783144646198 0.00371206961568913 -0.0083452623081506621 0.0026087534759037367 0.0026696654213655864
leaf_weight=5.6793457940220859 2.18694378994405 9.9265186972916108 9.0503271566703933 16.073007024824619 0.42208503000438286
leaf_count=22 32 46 60 36 14
internal_value=0 0.0657539 -0.0267594 -0.00317152 0.0366955
internal_weight=0 12.5355 30.8027 21.7524 10.3486
internal_count=210 92 118 58 60
shrinkage=0.1


Tree=65
num_leaves=6
num_cat=0
split_feature=0 0 0 0 0
split_gain=0.0523063 0.0584872 0.252436 0.0214622 0.000167387
threshold=1.0000000180025095e-35 0.25000000000000006 0.35000000000000003 0.15000000000000005 0.45000000000000007
decision_type=2 2 2 2 2
left_child=-1 3 -3 -2 -4
right_child=1 2 4 -5 -6
leaf_value=-0.0088921654766564422 0.0024413575864645366 -0.027029419020118052 0.0040934015860590789 0.0090569555526052534 0.0020643978032556035
leaf_weight=5.7301771752536288 16.04284426569939 3.4900073665194187 10.084261486772446 7.0627238999586543 0.42367228120565487
leaf_count=22 36 32 46 60 14
internal_value=0 0.0137329 -0.0372764 0.0446356 0.0401159
internal_weight=0 37.1035 13.9979 23.1056 10.5079
internal_count=210 188 92 96 60
shrinkage=0.1


Tree=66
num_leaves=6
num_cat=0
split_feature=0 0 0 0 0
split_gain=0.0889257 0.035089 0.0498465 0.0296374 0.000739554
threshold=0.25000000000000006 1.0000000180025095e-35 0.15000000000000005 0.35000000000000003 0.45000000000000007
decision_type=2 2 2 2 2
left_child=1 -1 -3 -2 -5
right_child=3 2 -4 4 -6
leaf_value=-0.009875257781816478 0.01821531343285563 0.0020935756602056335 -0.0072407979856158565 0.005117754291709721 0.00077540712067254898
leaf_weight=5.8548816982656744 2.0002923458814594 15.880741339176893 8.9422644216101617 10.271681315731255 0.40778282284736711
leaf_count=22 32 36 60 46 14
internal_value=0 -0.0291155 -0.0126905 0.0704431 0.0495195
internal_weight=0 30.6779 24.823 12.6798 10.6795
internal_count=210 118 96 92 60
shrinkage=0.1


Tree=67
num_leaves=6
num_cat=0
split_feature=0 0 0 0 0
split_gain=0.120337 0.0963222 0.424808 0.0685353 0.000838323
threshold=1.0000000180025095e-35 0.25000000000000006 0.35000000000000003 0.15000000000000005 0.45000000000000007
decision_type=2 2 2 2 2
left_child=-1 3 -3 -2 -4
right_child=1 2 4 -5 -6
leaf_value=-0.012826653100213886 0.0024868574205493942 -0.031613127164491626 0.0063669907999370171 0.014296632134978955 0.0016497350834095651
leaf_weight=6.2691418323665848 15.3534307256341 4.078466467559335 10.55402319319546 7.2269923831336191 0.39067730586975891
leaf_count=22 36 32 46 60 14
internal_value=0 0.0213842 -0.0406647 0.0626664 0.0619861
internal_weight=0 37.6036 15.0232 22.5804 10.9447
internal_count=210 188 92 96 60
shrinkage=0.1


Tree=68
num_leaves=6
num_cat=0
split_feature=0 0 0 0 0
split_gain=1.15363 0.226249 0.0356697 0.0221628 0.00495532
threshold=1.0000000180025095e-35 0.35000000000000003 0.25000000000000006 0.15000000000000005 0.45000000000000007
decision_type=2 2 2 2 2
left_child=-1 2 3 -2 -3
right_child=1 4 -4 -5 -6
leaf_value=0.049182586905767878 0.0012253542059208014 -0.016489345209130809 0.013811902847010489 -0.0050462659172995951 -0.0048464230749251016
leaf_weight=4.2989128343760958 15.7621841467917 12.654244618490335 1.7370657674036909 8.7695626197382808 0.37642468512058336
leaf_count=22 36 46 32 60 14
internal_value=0 -0.0538001 -0.000360543 -0.0101661 -0.16153
internal_weight=0 39.2995 26.2688 24.5317 13.0307
internal_count=210 188 128 96 60
shrinkage=0.1


Tree=69
num_leaves=6
num_cat=0
split_feature=0 0 0 0 0
split_gain=0.0630636 0.0277433 0.0275013 0.0452747 0.000234047
threshold=0.25000000000000006 0.35000000000000003 0.15000000000000005 1.0000000180025095e-35 0.45000000000000007
decision_type=2 2 2 2 2
left_child=2 -2 3 -1 -3
right_child=1 4 -4 -5 -6
leaf_value=-0.0082055504389325108 0.016853892287796126 0.0040548680456500598 -0.0070979043248790745 0.0021923464756150725 0.0016438850637699324
leaf_weight=5.6582201775163439 1.987650630529967 9.9546997160650772 8.9389961399137992 16.11173677444458 0.41960992664098817
leaf_count=22 32 46 60 36 14
internal_value=0 0.0603096 -0.0242778 -0.00510166 0.0395735
internal_weight=0 12.362 30.709 21.77 10.3743
internal_count=210 92 118 58 60
shrinkage=0.1


Tree=70
num_leaves=6
num_cat=0
split_feature=0 0 0 0 0
split_gain=0.144587 0.439929 0.152949 0.0525277 0.000396472
threshold=0.25000000000000006 0.35000000000000003 0.15000000000000005 1.0000000180025095e-35 0.45000000000000007
decision_type=2 2 2 2 2
left_child=2 -2 3 -1 -3
right_child=1 4 -4 -5 -6
leaf_value=-0.0084012901188316655 -0.034332154731051438 0.0034581218113867115 0.016522156275196979 0.0028164181320584295 0.00032020850504510279
leaf_weight=5.6847287844866559 4.4480890701524887 9.8259907113388163 7.3907605386339119 15.710137113928795 0.4198573939502247
leaf_count=22 32 46 60 36 14
internal_value=0 -0.0807126 0.0412006 -0.00164186 0.0332954
internal_weight=0 14.6939 28.7856 21.3949 10.2458
internal_count=210 92 118 58 60
shrinkage=0.1


Tree=71
num_leaves=6
num_cat=0
split_feature=0 0 0 0 0
split_gain=0.0607655 0.0302615 0.0259622 0.00435168 0.00111892
threshold=0.25000000000000006 1.0000000180025095e-35 0.15000000000000005 0.35000000000000003 0.45000000000000007
decision_type=2 2 2 2 2
left_child=1 -1 -3 -2 -5
right_child=3 2 -4 4 -6
leaf_value=-0.0089207568221605794 0.010590707765396898 0.0015209138329534435 -0.0052445373407756513 0.0053616437289332628 3.4462884692929778e-05
leaf_weight=5.765903219580653 1.7099412933457614 15.999331571161747 8.7875770872924477 10.270308358594773 0.41002057399600816
leaf_count=22 32 36 60 46 14
internal_value=0 -0.023955 -0.00877607 0.05907 0.0515713
internal_weight=0 30.5528 24.7869 12.3903 10.6803
internal_count=210 118 96 92 60
shrinkage=0.1


Tree=72
num_leaves=6
num_cat=0
split_feature=0 0 0 0 0
split_gain=0.09459 0.0442069 0.0331154 0.0118302 0.000691043
threshold=0.25000000000000006 1.0000000180025095e-35 0.15000000000000005 0.35000000000000003 0.45000000000000007
decision_type=2 2 2 2 2
left_child=1 -1 -3 -2 -5
right_child=3 2 -4 4 -6
leaf_value=-0.010714938746481842 0.014711500794600114 0.001611017782886732 -0.0060348540241218123 0.006162774470953777 0.0019165367549566163
leaf_weight=5.9895696975290802 1.8234715936705441 15.770606935024261 8.839911189628765 10.470994025934486 0.39782373141497446
leaf_count=22 32 36 60 46 14
internal_value=0 -0.0301041 -0.0113532 0.0725786 0.0600735
internal_weight=0 30.6001 24.6105 12.6923 10.8688
internal_count=210 118 96 92 60
shrinkage=0.1


Tree=73
num_leaves=6
num_cat=0
split_feature=0 0 0 0 0
split_gain=2.4638 0.603756 0.135452 0.0513118 0.0292255
threshold=1.0000000180025095e-35 0.35000000000000003 0.25000000000000006 0.15000000000000005 0.45000000000000007
decision_type=2 2 2 2 2
left_child=-1 2 3 -2 -3
right_child=1 4 -4 -5 -6
leaf_value=0.064842169329271768 0.0018164355605884816 -0.026421570967479671 0.024381374638730691 -0.0077467326167439789 0.0026142073461020315
leaf_weight=5.1818196680396786 14.965041078627113 13.14191327616572 2.1594087821431449 8.9758596373721957 0.35604479629546482
leaf_count=22 36 46 32 60 14
internal_value=0 -0.0848523 0.00394585 -0.0176896 -0.256557
internal_weight=0 39.5983 26.1003 23.9409 13.498
internal_count=210 188 128 96 60
shrinkage=0.1


Tree=74
num_leaves=6
num_cat=0
split_feature=0 0 0 0 0
split_gain=0.0461889 0.0530563 0.217698 0.0150651 7.37181e-05
threshold=1.0000000180025095e-35 0.25000000000000006 0.35000000000000003 0.15000000000000005 0.45000000000000007
decision_type=2 2 2 2 2
left_child=-1 3 -3 -2 -4
right_child=1 2 4 -5 -6
leaf_value=-0.0083928773573400482 0.0025179761657636562 -0.025671787690135936 0.0036754564838208763 0.0080593019827200924 0.002337783236070195
leaf_weight=5.6812591012567273 16.256876237690452 3.3791538965888295 9.7564912843517941 7.0268489099107674 0.43014097679406482
leaf_count=22 36 32 46 60 14
internal_value=0 0.0129397 -0.0367718 0.0419031 0.0361897
internal_weight=0 36.8495 13.5658 23.2837 10.1866
internal_count=210 188 92 96 60
shrinkage=0.1


Tree=75
num_leaves=6
num_cat=0
split_feature=0 0 0 0 0
split_gain=0.0721636 0.0511315 0.0395921 0.043773 0.000448589
threshold=0.25000000000000006 0.35000000000000003 0.15000000000000005 1.0000000180025095e-35 0.45000000000000007
decision_type=2 2 2 2 2
left_child=2 -2 3 -1 -3
right_child=1 4 -4 -5 -6
leaf_value=-0.0078589801487152829 0.020404493810778999 0.0036271106712019996 -0.0081524366618734179 0.0023812712994384943 0.00029712222022161046
leaf_weight=5.6377089414745596 2.1679525990039084 9.7460603015497309 9.0401116306893545 16.081414517015219 0.42206037603318769
leaf_count=22 32 46 60 36 14
internal_value=0 0.0646165 -0.0259146 -0.00276827 0.0348889
internal_weight=0 12.3361 30.7592 21.7191 10.1681
internal_count=210 92 118 58 60
shrinkage=0.1


Tree=76
num_leaves=6
num_cat=0
split_feature=0 0 0 0 0
split_gain=0.0394688 0.249628 0.0659201 0.0258045 0.00051768
threshold=0.25000000000000006 0.35000000000000003 1.0000000180025095e-35 0.15000000000000005 0.45000000000000007
decision_type=2 2 2 2 2
left_child=2 -2 -1 -4 -3
right_child=1 4 3 -5 -6
leaf_value=-0.0075975516199641262 -0.0272700662443323 0.0036564732609948463 0.0022537639180586159 0.0095015031865543272 9.5579729252330534e-05
leaf_weight=5.6280482932925251 3.5455407113768134 9.8355519403703493 16.069898996502165 7.0751583119854322 0.42594730574637729
leaf_count=22 32 46 36 60 14
internal_value=0 -0.0439508 0.0210902 0.0446931 0.0350866
internal_weight=0 13.807 28.7731 23.1451 10.2615
internal_count=210 92 118 96 60
shrinkage=0.1


Tree=77
num_leaves=6
num_cat=0
split_feature=0 0 0 0 0
split_gain=0.0651456 0.0299488 0.0267387 0.0367417 0.000923704
threshold=0.25000000000000006 0.35000000000000003 0.15000000000000005 1.0000000180025095e-35 0.45000000000000007
decision_type=2 2 2 2 2
left_child=2 -2 3 -1 -3
right_child=1 4 -4 -5 -6
leaf_value=-0.0075219474575330143 0.017381996179698347 0.0041696572137515783 -0.0070746069375990138 0.0018694386137525613 -0.00063229218770962834
leaf_weight=5.6306883096694973 1.9862144985236201 9.9319216199219209 8.9409646969288605 16.012520618736744 0.41742399428039861
leaf_count=22 32 46 60 36 14
internal_value=0 0.0613455 -0.0247426 -0.00573821 0.0397598
internal_weight=0 12.3356 30.5842 21.6432 10.3493
internal_count=210 92 118 58 60
shrinkage=0.1


Tree=78
num_leaves=6
num_cat=0
split_feature=0 0 0 0 0
split_gain=0.135401 0.428613 0.149692 0.0437725 0.000918105
threshold=0.25000000000000006 0.35000000000000003 0.15000000000000005 1.0000000180025095e-35 0.45000000000000007
decision_type=2 2 2 2 2
left_child=2 -2 3 -1 -3
right_child=1 4 -4 -5 -6
leaf_value=-0.0077903103217939517 -0.033900272583808455 0.0036054676608943308 0.016277183903474528 0.0024710129933453642 -0.0011841172944352934
leaf_weight=5.6618401613086506 4.4063530941493783 9.8039577906019968 7.3709233640693119 15.642347976565361 0.41725103743374425
leaf_count=22 32 46 60 36 14
internal_value=0 -0.0782925 0.0399381 -0.00256055 0.0340995
internal_weight=0 14.6276 28.6751 21.3042 10.2212
internal_count=210 92 118 58 60
shrinkage=0.1


Tree=79
num_leaves=6
num_cat=0
split_feature=0 0 0 0 0
split_gain=0.0617679 0.0245142 0.0242679 0.00534125 0.00147751
threshold=0.25000000000000006 1.0000000180025095e-35 0.15000000000000005 0.35000000000000003 0.45000000000000007
decision_type=2 2 2 2 2
left_child=1 -1 -3 -2 -5
right_child=3 2 -4 4 -6
leaf_value=-0.0083069592152389161 0.011137224599777167 0.0012762177388687102 -0.0052686977115570088 0.0053652622621293148 -0.00077005003098847501
leaf_weight=5.7381694149225977 1.7193393607158185 15.927509926259518 8.7928919231053442 10.219925983343272 0.40819417499005872
leaf_count=22 32 36 60 46 14
internal_value=0 -0.0241859 -0.0105177 0.0596616 0.0512962
internal_weight=0 30.4586 24.7204 12.3475 10.6281
internal_count=210 118 96 92 60
shrinkage=0.1


Tree=80
num_leaves=6
num_cat=0
split_feature=0 0 0 0 0
split_gain=0.0927407 0.0347911 0.0323482 0.0145689 0.000858427
threshold=0.25000000000000006 1.0000000180025095e-35 0.15000000000000005 0.35000000000000003 0.45000000000000007
decision_type=2 2 2 2 2
left_child=1 -1 -3 -2 -5
right_child=3 2 -4 4 -6
leaf_value=-0.0098607382598230389 0.015422123751470271 0.0013970552300952093 -0.0061592203839883411 0.005979265028735403 0.0012470364321563658
leaf_weight=5.9252205369994071 1.8446820089593501 15.730224851518869 8.8545204680413008 10.376328203827141 0.39803347364068103
leaf_count=22 32 36 60 46 14
internal_value=0 -0.0298224 -0.0132444 0.0721038 0.0580444
internal_weight=0 30.51 24.5847 12.619 10.7744
internal_count=210 118 96 92 60
shrinkage=0.1


Tree=81
num_leaves=6
num_cat=0
split_feature=0 0 0 0 0
split_gain=0.223905 0.0749504 0.0624744 0.0572789 0.000145691
threshold=0.25000000000000006 1.0000000180025095e-35 0.15000000000000005 0.35000000000000003 0.45000000000000007
decision_type=2 2 2 2 2
left_child=1 -1 -3 -2 -5
right_child=3 2 -4 4 -6
leaf_value=-0.014153652054792394 0.025306099109021207 0.0018099545556580874 -0.0086920667554934525 0.0078978891566558272 0.0058744409934424133
leaf_weight=6.5975119806826141 2.2526424257084701 15.106118850409985 9.0627360821235925 10.843983615282921 0.36790683679282737
leaf_count=22 32 36 60 46 14
internal_value=0 -0.0470681 -0.0212805 0.10755 0.0783149
internal_weight=0 30.7664 24.1689 13.4645 11.2119
internal_count=210 118 96 92 60
shrinkage=0.1


Tree=82
num_leaves=6
num_cat=0
split_feature=0 0 0 0 0
split_gain=0.835233 0.335915 0.0248377 0.020607 0.00377192
threshold=1.0000000180025095e-35 0.25000000000000006 0.35000000000000003 0.15000000000000005 0.45000000000000007
decision_type=2 2 2 2 2
left_child=-1 3 -3 -2 -4
right_child=1 2 4 -5 -6
leaf_value=0.043718906089709006 0.001322139475453249 -0.023422706701042906 -0.01391090198942848 0.0078460663916935999 -0.003858955469799797
leaf_weight=3.9649995900690547 15.901734538376333 3.2322809873148772 12.349547145888208 6.9611798238474867 0.3849397189915188
leaf_count=22 36 32 46 60 14
internal_value=0 -0.0446425 -0.155941 0.0330851 -0.136071
internal_weight=0 38.8297 15.9668 22.8629 12.7345
internal_count=210 188 92 96 60
shrinkage=0.1


Tree=83
num_leaves=6
num_cat=0
split_feature=0 0 0 0 0
split_gain=0.105648 0.0852003 0.0521427 0.0437386 0.000174072
threshold=0.25000000000000006 0.35000000000000003 0.15000000000000005 1.0000000180025095e-35 0.45000000000000007
decision_type=2 2 2 2 2
left_child=2 -2 3 -1 -3
right_child=1 4 -4 -5 -6
leaf_value=-0.0080004211808722813 0.024640698012650099 0.0037994091610428649 -0.0094908338888698082 0.0022289415725077052 0.0016972235177984474
leaf_weight=5.6872163917869338 2.3990918267518255 9.889530018437652 9.1708699697628635 15.771365456283092 0.41024064738303506
leaf_count=22 32 46 60 36 14
internal_value=0 0.0766887 -0.0317948 -0.0048217 0.0371568
internal_weight=0 12.6989 30.6295 21.4586 10.2998
internal_count=210 92 118 58 60
shrinkage=0.1


Tree=84
num_leaves=6
num_cat=0
split_feature=0 0 0 0 0
split_gain=0.0524614 0.020827 0.192092 0.0124989 0.000239217
threshold=1.0000000180025095e-35 0.25000000000000006 0.35000000000000003 0.15000000000000005 0.45000000000000007
decision_type=2 2 2 2 2
left_child=-1 3 -3 -2 -4
right_child=1 2 4 -5 -6
leaf_value=-0.0088363526091773444 0.0017018189829670575 -0.023167956907541119 0.0048935737728445965 0.0067810734112249806 0.0024310648259070798
leaf_weight=5.8013820108026257 15.899649988859894 3.1947338576428566 10.211816560477017 6.9679774048272511 0.41034173686057407
leaf_count=22 36 32 46 60 14
internal_value=0 0.013974 -0.0166793 0.0324951 0.0479845
internal_weight=0 36.6845 13.8169 22.8676 10.6222
internal_count=210 188 92 96 60
shrinkage=0.1


Tree=85
num_leaves=6
num_cat=0
split_feature=0 0 0 0 0
split_gain=0.179708 0.108965 0.0536689 0.076492 0.000392569
threshold=0.25000000000000006 0.35000000000000003 0.15000000000000005 1.0000000180025095e-35 0.45000000000000007
decision_type=2 2 2 2 2
left_child=2 -2 3 -1 -3
right_child=1 4 -4 -5 -6
leaf_value=-0.010954336132317886 0.027969582541934969 0.0053432409703507615 -0.010549502490996319 0.002308647870526385 0.0021049236095861397
leaf_weight=6.0656178360804924 2.6285561500117156 10.211445440538226 9.2815746674314159 15.360084928572178 0.38859519548714239
leaf_count=22 32 46 60 36 14
internal_value=0 0.0974403 -0.0419769 -0.014461 0.0522452
internal_weight=0 13.2286 30.7073 21.4257 10.6
internal_count=210 92 118 58 60
shrinkage=0.1


Tree=86
num_leaves=6
num_cat=0
split_feature=0 0 0 0 0
split_gain=2.13363 0.60261 0.01929 0.0137664 0.00260285
threshold=1.0000000180025095e-35 0.25000000000000006 0.45000000000000007 0.15000000000000005 0.35000000000000003
decision_type=2 2 2 2 2
left_child=-1 3 4 -2 -3
right_child=1 2 -4 -5 -6
leaf_value=0.062395181102241438 0.0012279340168232036 -0.020237080762562091 0.0004494060791525193 0.0066170067244608931 -0.023490657954610663
leaf_weight=4.8670550379902116 15.298503320664169 3.0291456859558865 0.36247059889137651 6.8682017042301586 13.059447003994137
leaf_count=22 36 32 14 60 46
internal_value=0 -0.0786376 -0.223641 0.028977 -0.228781
internal_weight=0 38.6178 16.4511 22.1667 16.0886
internal_count=210 188 92 96 78
shrinkage=0.1


Tree=87
num_leaves=6
num_cat=0
split_feature=0 0 0 0 0
split_gain=0.0705971 0.300261 0.0830657 0.039111 0.00109641
threshold=0.25000000000000006 0.35000000000000003 0.15000000000000005 1.0000000180025095e-35 0.45000000000000007
decision_type=2 2 2 2 2
left_child=2 -2 3 -1 -3
right_child=1 4 -4 -5 -6
leaf_value=-0.0074367959799256176 -0.029638631081575093 0.0034151753525946691 0.012174272346113235 0.0022646295442622119 -0.0018148980147247461
leaf_weight=5.6177517082542225 3.8409575768746409 9.7057719291187805 7.1523838264401993 15.965368576347828 0.41809563338756639
leaf_count=22 32 46 60 36 14
internal_value=0 -0.058327 0.0283456 -0.00260501 0.0319918
internal_weight=0 13.9648 28.7355 21.5831 10.1239
internal_count=210 92 118 58 60
shrinkage=0.1


Tree=88
num_leaves=6
num_cat=0
split_feature=0 0 0 0 0
split_gain=0.0541406 0.017637 0.0315421 0.0175715 0.00138533
threshold=0.25000000000000006 0.15000000000000005 1.0000000180025095e-35 0.35000000000000003 0.45000000000000007
decision_type=2 2 2 2 2
left_child=1 2 -1 -2 -5
right_child=3 -3 -4 4 -6
leaf_value=-0.0071691608843671775 0.014643768563578536 -0.0060079957075872027 0.001543572995545 0.0042747187729696044 -0.001642753124565682
leaf_weight=5.6054731737822321 1.8412166847847373 8.854135909816252 16.058844652026892 9.8974423022009415 0.4120940491557129
leaf_count=22 32 60 36 46 14
internal_value=0 -0.0224763 -0.00710779 0.0564526 0.0403818
internal_weight=0 30.5185 21.6643 12.1508 10.3095
internal_count=210 118 58 92 60
shrinkage=0.1


Tree=89
num_leaves=6
num_cat=0
split_feature=0 0 0 0 0
split_gain=0.0823848 0.0631049 0.0400865 0.0341805 0.000459634
threshold=0.25000000000000006 0.35000000000000003 0.15000000000000005 1.0000000180025095e-35 0.45000000000000007
decision_type=2 2 2 2 2
left_child=2 -2 3 -1 -3
right_child=1 4 -4 -5 -6
leaf_value=-0.0071526780782618891 0.022230226136830039 0.0036978974944854998 -0.0083696976023599923 0.0019274706948059649 0.00028717087565523382
leaf_weight=5.6077842898666868 2.2001987164840076 9.8087447350844723 9.0608733324334043 15.899912010878325 0.41169378533959466
leaf_count=22 32 46 60 36 14
internal_value=0 0.0686767 -0.0279048 -0.00440031 0.0356051
internal_weight=0 12.4206 30.5686 21.5077 10.2204
internal_count=210 92 118 58 60
shrinkage=0.1


Tree=90
num_leaves=6
num_cat=0
split_feature=0 0 0 0 0
split_gain=0.0347768 0.0462723 0.222814 0.0234492 0.000500154
threshold=1.0000000180025095e-35 0.25000000000000006 0.35000000000000003 0.15000000000000005 0.45000000000000007
decision_type=2 2 2 2 2
left_child=-1 3 -3 -2 -4
right_child=1 2 4 -5 -6
leaf_value=-0.0073125930079156482 0.0017491748987982032 -0.025599760422107126 0.0039853017682069903 0.0086828912743663732 0.00043840848296683438
leaf_weight=5.6384829953312865 15.947506137192251 3.4180173412896666 9.947930134367196 7.0265061068348578 0.41411442682147104
leaf_count=22 36 32 46 60 14
internal_value=0 0.0112183 -0.0345959 0.0386982 0.0384355
internal_weight=0 36.7541 13.7801 22.974 10.362
internal_count=210 188 92 96 60
shrinkage=0.1


Tree=91
num_leaves=6
num_cat=0
split_feature=0 0 0 0 0
split_gain=0.0876512 0.0495872 0.0303131 0.0366669 0.000703432
threshold=0.25000000000000006 0.35000000000000003 0.15000000000000005 1.0000000180025095e-35 0.45000000000000007
decision_type=2 2 2 2 2
left_child=2 -2 3 -1 -3
right_child=1 4 -4 -5 -6
leaf_value=-0.0077354574075972947 0.021097383345873813 0.0043931373203916864 -0.0077635550445673985 0.0016278500514700458 0.00013794886653074122
leaf_weight=5.6878007287159571 2.0929858987219605 9.9999109208583814 8.9993492183275539 15.80089845508337 0.40419731847941953
leaf_count=22 32 46 60 36 14
internal_value=0 0.070531 -0.0289107 -0.00850505 0.0422782
internal_weight=0 12.4971 30.488 21.4887 10.4041
internal_count=210 92 118 58 60
shrinkage=0.1


Tree=92
num_leaves=6
num_cat=0
split_feature=0 0 0 0 0
split_gain=0.0511043 0.0554273 0.276114 0.0378584 0.000752079
threshold=1.0000000180025095e-35 0.25000000000000006 0.35000000000000003 0.15000000000000005 0.45000000000000007
decision_type=2 2 2 2 2
left_child=-1 3 -3 -2 -4
right_child=1 2 4 -5 -6
leaf_value=-0.0087201929682608394 0.0016888570246484957 -0.027406975439809245 0.0048009400368968199 0.010500235577998776 0.00038850501358611068
leaf_weight=5.8071886003017417 15.697253812104465 3.6112737306393656 10.138769025448708 7.0733513657469294 0.40158446785062635
leaf_count=22 36 32 46 60 14
internal_value=0 0.0137153 -0.0354323 0.0442598 0.0463283
internal_weight=0 36.9222 14.1516 22.7706 10.5404
internal_count=210 188 92 96 60
shrinkage=0.1


Tree=93
num_leaves=6
num_cat=0
split_feature=0 0 0 0 0
split_gain=0.124224 0.0421042 0.0341125 0.0254996 0.00101546
threshold=0.25000000000000006 1.0000000180025095e-35 0.15000000000000005 0.35000000000000003 0.45000000000000007
decision_type=2 2 2 2 2
left_child=1 -1 -3 -2 -5
right_child=3 2 -4 4 -6
leaf_value=-0.010904651660967837 0.018933401834976743 0.0012165593936259321 -0.0065547601388196031 0.0065870127345851667 0.0013351278868740225
leaf_weight=6.0938113415613797 1.9090494590345739 15.517661970108747 8.8810612133238465 10.495165089610962 0.38154179602861482
leaf_count=22 32 36 60 46 14
internal_value=0 -0.0346924 -0.0161218 0.0827374 0.0640278
internal_weight=0 30.4925 24.3987 12.7858 10.8767
internal_count=210 118 96 92 60
shrinkage=0.1


Tree=94
num_leaves=6
num_cat=0
split_feature=0 0 0 0 0
split_gain=1.90526 0.493944 0.294949 0.103798 0.0194065
threshold=1.0000000180025095e-35 0.35000000000000003 0.25000000000000006 0.15000000000000005 0.45000000000000007
decision_type=2 2 2 2 2
left_child=-1 2 3 -2 -3
right_child=1 4 -4 -5 -6
leaf_value=0.060375284172820488 0.0021625178544663389 -0.023852060478408571 0.030656010593885799 -0.011256737061930885 -0.0001588527454050006
leaf_weight=4.6803713999688616 14.922288767993454 12.50806266488507 2.9121155035682014 9.3919516489841044 0.35552626661956388
leaf_count=22 36 46 32 60 14
internal_value=0 -0.0704862 0.00581085 -0.0302099 -0.231972
internal_weight=0 40.0899 27.2264 24.3142 12.8636
internal_count=210 188 128 96 60
shrinkage=0.1


Tree=95
num_leaves=6
num_cat=0
split_feature=0 0 0 0 0
split_gain=0.0313588 0.0159231 0.14007 0.00549145 7.51183e-06
threshold=1.0000000180025095e-35 0.25000000000000006 0.35000000000000003 0.15000000000000005 0.45000000000000007
decision_type=2 2 2 2 2
left_child=-1 3 -3 -2 -4
right_child=1 2 4 -5 -6
leaf_value=-0.0069665351572190011 0.0016504460311348836 -0.020671921908316657 0.0038847092791695877 0.0050166088121269235 0.0034537507865302049
leaf_weight=5.5995677150785914 16.178831625729803 3.0065117045305643 9.8569609532132727 6.9189395357388994 0.42176546063274223
leaf_count=22 36 32 46 60 14
internal_value=0 0.0107219 -0.0168625 0.0265878 0.0386703
internal_weight=0 36.383 13.2852 23.0978 10.2787
internal_count=210 188 92 96 60
shrinkage=0.1


Tree=96
num_leaves=6
num_cat=0
split_feature=0 0 0 0 0
split_gain=0.0320302 0.225735 0.053947 0.0275371 0.000966427
threshold=0.25000000000000006 0.35000000000000003 1.0000000180025095e-35 0.15000000000000005 0.45000000000000007
decision_type=2 2 2 2 2
left_child=2 -2 -1 -4 -3
right_child=1 4 3 -5 -6
leaf_value=-0.0069006631569012078 -0.026001983072610771 0.0036966170488116181 0.001750766487457368 0.0092590966459554693 -0.0012399611598536062
leaf_weight=5.5965644940733936 3.473653408698735 9.8303083912469429 15.977009687572719 7.0356118008494368 0.41323806624859649
leaf_count=22 32 46 36 60 14
internal_value=0 -0.0397278 0.0190482 0.0404628 0.0349747
internal_weight=0 13.7172 28.6092 23.0126 10.2435
internal_count=210 92 118 96 60
shrinkage=0.1


Tree=97
num_leaves=6
num_cat=0
split_feature=0 0 0 0 0
split_gain=0.0741441 0.0455831 0.0283706 0.0296012 0.000990673
threshold=0.25000000000000006 0.35000000000000003 0.15000000000000005 1.0000000180025095e-35 0.45000000000000007
decision_type=2 2 2 2 2
left_child=2 -2 3 -1 -3
right_child=1 4 -4 -5 -6
leaf_value=-0.0069247459363732215 0.02020416654198923 0.0040359498975214136 -0.0073723622749717879 0.0015276256949629406 -0.0010035827631862894
leaf_weight=5.6049329210072765 2.0389437354169759 9.8780984813347441 8.967931631254034 15.889060288667679 0.40611363574862558
leaf_count=22 32 46 60 36 14
internal_value=0 0.06545 -0.0264773 -0.00676477 0.0383694
internal_weight=0 12.3232 30.4619 21.494 10.2842
internal_count=210 92 118 58 60
shrinkage=0.1


Tree=98
num_leaves=6
num_cat=0
split_feature=0 0 0 0 0
split_gain=0.0583762 0.303463 0.0881531 0.0333714 0.000942745
threshold=0.25000000000000006 0.35000000000000003 0.15000000000000005 1.0000000180025095e-35 0.45000000000000007
decision_type=2 2 2 2 2
left_child=2 -2 3 -1 -3
right_child=1 4 -4 -5 -6
leaf_value=-0.007209204659596704 -0.029305653070770411 0.0038740309719491718 0.012222626958447974 0.0017543655093294 -0.0010390108991670923
leaf_weight=5.6407983228564307 3.8259573425166282 9.8844806905835849 7.1410033837892106 15.752560526132584 0.40663232468068677
leaf_count=22 32 46 60 36 14
internal_value=0 -0.0525972 0.0260219 -0.00609064 0.036799
internal_weight=0 14.1171 28.5344 21.3934 10.2911
internal_count=210 92 118 58 60
shrinkage=0.1


Tree=99
num_leaves=6
num_cat=0
split_feature=0 0 0 0 0
split_gain=0.0721612 0.0194961 0.0182545 0.0284702 0.00119831
threshold=0.25000000000000006 0.35000000000000003 1.0000000180025095e-35 0.15000000000000005 0.45000000000000007
decision_type=2 2 2 2 2
left_child=2 -2 -1 -4 -3
right_child=1 4 3 -5 -6
leaf_value=-0.0077180339236442774 0.015967535444685512 0.0049993879017012815 0.0010991468686759787 -0.005984445405234717 -0.0005973911368822015
leaf_weight=5.7053447170183089 1.831541313789782 10.1176131805405 15.819962400943041 8.8469221845734864 0.39758772403001857
leaf_count=22 32 46 36 60 14
internal_value=0 0.064462 -0.0262047 -0.0144142 0.0478777
internal_weight=0 12.3467 30.3722 24.6669 10.5152
internal_count=210 92 118 96 60
shrinkage=0.1


end of trees

feature importances:
geographical=500

parameters:
[boosting: gbdt]
[objective: lambdarank]
[metric: ndcg]
[tree_learner: serial]
[device_type: cpu]
[data: ]
[valid: ]
[num_iterations: 100]
[learning_rate: 0.1]
[num_leaves: 16]
[num_threads: -1]
[max_depth: -1]
[min_data_in_leaf: 5]
[min_sum_hessian_in_leaf: 0.001]
[bagging_fraction: 1]
[pos_bagging_fraction: 1]
[neg_bagging_fraction: 1]
[bagging_freq: 0]
[bagging_seed: 3]
[feature_fraction: 1]
[feature_fraction_bynode: 1]
[feature_fraction_seed: 2]
[early_stopping_round: 0]
[first_metric_only: 0]
[max_delta_step: 0]
[lambda_l1: 0]
[lambda_l2: 0]
[min_gain_to_split: 0]
[drop_rate: 0.1]
[max_drop: 50]
[skip_drop: 0.5]
[xgboost_dart_mode: 0]
[uniform_drop: 0]
[drop_seed: 4]
[top_rate: 0.2]
[other_rate: 0.1]
[min_data_per_group: 100]
[max_cat_threshold: 32]
[cat_l2: 10]
[cat_smooth: 10]
[max_cat_to_onehot: 4]
[top_k: 20]
[monotone_constraints: ]
[feature_contri: ]
[forcedsplits_filename: ]
[forcedbins_filename: ]
[refit_decay_rate: 0.9]
[cegb_tradeoff: 1]
[cegb_penalty_split: 0]
[cegb_penalty_feature_lazy: ]
[cegb_penalty_feature_coupled: ]
[verbosity: -1]
[max_bin: 255]
[max_bin_by_feature: ]
[min_data_in_bin: 3]
[bin_construct_sample_cnt: 200000]
[histogram_pool_size: -1]
[data_random_seed: 1]
[output_model: LightGBM_model.txt]
[snapshot_freq: -1]
[input_model: ]
[output_result: LightGBM_predict_result.txt]
[initscore_filename: ]
[valid_data_initscores: ]
[pre_partition: 0]
[enable_bundle: 1]
[max_conflict_rate: 0]
[is_enable_sparse: 1]
[sparse_threshold: 0.8]
[use_missing: 1]
[zero_as_missing: 0]
[two_round: 0]
[save_binary: 0]
[header: 0]
[label_column: ]
[weight_column: ]
[group_column: ]
[ignore_column: ]
[categorical_feature: ]
[predict_raw_score: 0]
[predict_leaf_index: 0]
[predict_contrib: 0]
[num_iteration_predict: -1]
[pred_early_stop: 0]
[pred_early_stop_freq: 10]
[pred_early_stop_margin: 10]
[convert_model_language: ]
[convert_model: gbdt_prediction.cpp]
[num_class: 1]
[is_unbalance: 0]
[scale_pos_weight: 1]
[sigmoid: 1]
[boost_from_average: 1]
[reg_sqrt: 0]
[alpha: 0.9]
[fair_c: 1]
[poisson_max_delta_step: 0.7]
[tweedie_variance_power: 1.5]
[max_position: 20]
[lambdamart_norm: 1]
[label_gain: ]
[metric_freq: 1]
[is_provide_training_metric: 0]
[eval_at: 1]
[multi_error_top_k: 1]
[num_machines: 1]
[local_listen_port: 12400]
[time_out: 120]
[machine_list_filename: ]
[machines: ]
[gpu_platform_id: -1]
[gpu_device_id: -1]
[gpu_use_dp: 0]

end of parameters

pandas_categorical:null
