tree
version=v3
num_class=1
num_tree_per_iteration=1
label_index=0
max_feature_idx=0
objective=lambdarank
feature_names=geographical
feature_infos=[0:1]
tree_sizes=845 852 858 862 861 858 864 866 860 868 870 870 871 868 871 873 872 873 873 875 877 876 878 876 878 879 878 877 878 879 878 880 881 879 882 879 880 883 881 884 884 880 883 880 884 880 885 884 884 884 885 887 888 885 885 887 887 885 882 883 885 885 885 886 883 886 888 885 890 889 887 882 887 889 887 887 886 887 885 887 886 884 887 887 886 889 888 885 888 887 888 886 888 886 884 887 889 887 888 890

Tree=0
num_leaves=7
num_cat=0
split_feature=0 0 0 0 0 0
split_gain=2.44668 1.66787 0.238987 0.266127 0.0475052 0.02595
threshold=0.75000000000000011 0.15000000000000005 0.25000000000000006 0.45000000000000007 0.35000000000000003 1.0000000180025095e-35
decision_type=2 2 2 2 2 2
left_child=1 5 -3 4 -4 -1
right_child=-2 2 3 -5 -6 -7
leaf_value=0.002525345929367759 0.046753977310531963 -0.12031958841452445 -0.070965979462638218 -0.1281119286339632 -0.043975901660934465 0.018692365353116299
leaf_weight=1.7534724343568067 6.4025780055671939 0.9844961017370224 0.96543523296713907 0.55592080950736988 2.0094875041395426 2.2887541968375444
leaf_count=26 54 24 22 14 36 34
internal_value=0 -0.349803 -0.767509 -0.646027 -0.527348 0.116793
internal_weight=0 8.55757 4.51534 3.53084 2.97492 4.04223
internal_count=210 156 96 72 58 60
shrinkage=0.1


Tree=1
num_leaves=7
num_cat=0
split_feature=0 0 0 0 0 0
split_gain=0.304433 1.27635 0.224658 0.661546 0.0368251 0.00644294
threshold=0.15000000000000005 0.35000000000000003 0.75000000000000011 0.45000000000000007 1.0000000180025095e-35 0.25000000000000006
decision_type=2 2 2 2 2 2
left_child=4 5 3 -3 -1 -2
right_child=1 2 -4 -5 -6 -7
leaf_value=0.004534693123516096 -0.049052626527859224 0.00025552989713930355 0.010886962161844345 -0.098983880323796986 0.014726750761816286 -0.056320480177481237
leaf_weight=5.5017526969313595 2.4258274286985424 5.6346856225281963 14.648343857377768 0.76264117285609234 9.9676426649093628 2.4533377140760422
leaf_count=26 24 36 54 14 34 22
internal_value=0 -0.0662453 0.0405911 -0.11575 0.111019 -0.52707
internal_weight=0 25.9248 21.0457 6.39733 15.4694 4.87917
internal_count=210 150 104 50 60 46
shrinkage=0.1


Tree=2
num_leaves=7
num_cat=0
split_feature=0 0 0 0 0 0
split_gain=0.233571 0.543198 0.127482 0.300604 0.0123691 8.30493e-05
threshold=0.15000000000000005 0.35000000000000003 0.75000000000000011 0.45000000000000007 1.0000000180025095e-35 0.25000000000000006
decision_type=2 2 2 2 2 2
left_child=4 5 3 -3 -1 -2
right_child=1 2 -4 -5 -6 -7
leaf_value=0.0058490187201008532 -0.038226548556307839 -0.0046205896728477277 0.0055800451887836749 -0.083038092433634636 0.011876878658150672 -0.039118372337804554
leaf_weight=5.1699841767549488 2.3283192347735193 5.3857190497219571 15.050183024257421 0.53764120396226633 9.96682108938694 1.8932604417204855
leaf_count=26 24 36 54 14 34 22
internal_value=0 -0.0589853 0.00689002 -0.117383 0.0981806 -0.386265
internal_weight=0 25.1951 20.9735 5.92336 15.1368 4.22158
internal_count=210 150 104 50 60 46
shrinkage=0.1


Tree=3
num_leaves=7
num_cat=0
split_feature=0 0 0 0 0 0
split_gain=0.198767 0.340736 0.0509386 0.192772 0.00447985 1.63056e-05
threshold=0.15000000000000005 0.35000000000000003 0.75000000000000011 0.45000000000000007 1.0000000180025095e-35 0.25000000000000006
decision_type=2 2 2 2 2 2
left_child=4 5 3 -3 -1 -2
right_child=1 2 -4 -5 -6 -7
leaf_value=0.0066048483925654463 -0.032024470961066365 -0.0031315845674638855 0.0025822315660160244 -0.071978712930585095 0.01027392351783863 -0.032431729885509186
leaf_weight=4.9526755511760685 2.2658061599358943 5.1996884793043145 15.492194321006536 0.44120771996676911 10.142720438539982 1.7365565141662953
leaf_count=26 24 36 54 14 34 22
internal_value=0 -0.0544717 -0.00380275 -0.0851652 0.0907013 -0.322012
internal_weight=0 25.1355 21.1331 5.6409 15.0954 4.00236
internal_count=210 150 104 50 60 46
shrinkage=0.1


Tree=4
num_leaves=7
num_cat=0
split_feature=0 0 0 0 0 0
split_gain=0.18472 0.226383 0.0107519 0.138284 0.00111537 7.32737e-06
threshold=0.15000000000000005 0.35000000000000003 0.75000000000000011 0.45000000000000007 1.0000000180025095e-35 0.25000000000000006
decision_type=2 2 2 2 2 2
left_child=4 5 3 -3 -1 -2
right_child=1 2 -4 -5 -6 -7
leaf_value=0.0074251530053822054 -0.027439143047035226 -0.00069791037334151649 5.2579905804807957e-05 -0.06328221099451091 0.0092777078188886405 -0.027718349530508019
leaf_weight=4.6974051259458038 2.215946197044107 5.0210431385785368 16.227321963757277 0.37975642923265679 10.547045074403286 1.632307047955692
leaf_count=26 24 36 54 14 34 22
internal_value=0 -0.0520998 -0.0123371 -0.0509852 0.0870686 -0.275576
internal_weight=0 25.4764 21.6281 5.4008 15.2445 3.84825
internal_count=210 150 104 50 60 46
shrinkage=0.1


Tree=5
num_leaves=7
num_cat=0
split_feature=0 0 0 0 0 0
split_gain=0.183201 0.144465 0.020184 0.0911062 4.2658e-05 2.93743e-06
threshold=0.15000000000000005 0.35000000000000003 0.45000000000000007 0.75000000000000011 0.25000000000000006 1.0000000180025095e-35
decision_type=2 2 2 2 2 2
left_child=5 4 -3 -4 -2 -1
right_child=1 2 3 -5 -6 -7
leaf_value=0.0085978172624742253 -0.023160380072264009 0.0036805390362235329 -0.055891192808130707 -0.0026724596084098159 -0.023851356813335889 0.008499866405086336
leaf_weight=4.1527240835130188 2.16277709277347 4.763633067719641 0.32759615872055547 17.800427552312613 1.5223483205772939 11.652460157871246
leaf_count=26 24 36 14 54 22 34
internal_value=0 -0.0507017 -0.0211203 -0.0363419 -0.234458 0.085256
internal_weight=0 26.5768 22.8917 18.128 3.68513 15.8052
internal_count=210 150 104 68 46 60
shrinkage=0.1


Tree=6
num_leaves=7
num_cat=0
split_feature=0 0 0 0 0 0
split_gain=0.0592108 0.122412 0.00790186 0.00413562 0.129042 0.00111249
threshold=0.35000000000000003 0.15000000000000005 1.0000000180025095e-35 0.45000000000000007 0.75000000000000011 0.25000000000000006
decision_type=2 2 2 2 2 2
left_child=1 2 -1 -2 -5 -3
right_child=3 5 -4 4 -6 -7
leaf_value=-0.0036914027310931833 0.0074413803018964862 -0.021138247882533847 0.00088681183745857269 -0.060211728166505087 0.0059419948902633378 -0.017630046408104512
leaf_weight=4.7777158878743711 4.9251696597784731 2.1568766180425873 17.873265914618969 0.30430454481392999 9.5059478953480721 1.5560246380046012
leaf_count=26 36 24 34 14 54 22
internal_value=0 -0.0283766 -0.000788597 0.0507699 0.0388997 -0.19668
internal_weight=0 26.3639 22.651 14.7354 9.81025 3.7129
internal_count=210 106 60 104 68 46
shrinkage=0.1


Tree=7
num_leaves=7
num_cat=0
split_feature=0 0 0 0 0 0
split_gain=0.0353928 0.102089 0.00685928 0.0928573 0.00357688 0.00078282
threshold=0.35000000000000003 0.15000000000000005 0.45000000000000007 0.75000000000000011 1.0000000180025095e-35 0.25000000000000006
decision_type=2 2 2 2 2 2
left_child=1 4 -2 -4 -1 -3
right_child=2 5 3 -5 -6 -7
leaf_value=-0.0023040661735899306 0.0068658122762583155 -0.019050661163002001 -0.054084500958221385 0.0039215139834034496 0.00089655706625596087 -0.016064442131722992
leaf_weight=4.3338314518332544 4.9478586735203836 2.1319572697393587 0.28368208650499482 10.158149551600218 17.968950182199478 1.4923180267214777
leaf_count=26 36 24 14 54 34 22
internal_value=0 -0.0225493 0.0379888 0.0234562 0.00274618 -0.178211
internal_weight=0 25.9271 15.3897 10.4418 22.3028 3.62428
internal_count=210 106 104 68 60 46
shrinkage=0.1


Tree=8
num_leaves=7
num_cat=0
split_feature=0 0 0 0 0 0
split_gain=0.0204653 0.0866157 0.010227 0.0685211 0.00195463 0.000593247
threshold=0.35000000000000003 0.15000000000000005 0.45000000000000007 0.75000000000000011 1.0000000180025095e-35 0.25000000000000006
decision_type=2 2 2 2 2 2
left_child=1 4 -2 -4 -1 -3
right_child=2 5 3 -5 -6 -7
leaf_value=-0.0014147452664468793 0.0065782568802622097 -0.01732274468685284 -0.049028179759809304 0.0023491154733757125 0.0010234286437193869 -0.014688311021953532
leaf_weight=4.0208471789956155 4.9588249307125816 2.1110899811610571 0.2659940321464081 10.775887321680784 18.040970407426357 1.4364013038575651
leaf_count=26 36 24 14 54 34 22
internal_value=0 -0.01753 0.0280569 0.0111146 0.00579063 -0.16256
internal_weight=0 25.6093 16.0007 11.0419 22.0618 3.54749
internal_count=210 106 104 68 60 46
shrinkage=0.1


Tree=9
num_leaves=7
num_cat=0
split_feature=0 0 0 0 0 0
split_gain=0.0119465 0.0751296 0.0113477 0.0528684 0.00126048 0.000497903
threshold=0.35000000000000003 0.15000000000000005 0.45000000000000007 0.75000000000000011 1.0000000180025095e-35 0.25000000000000006
decision_type=2 2 2 2 2 2
left_child=1 4 -2 -4 -1 -3
right_child=2 5 3 -5 -6 -7
leaf_value=-0.00083377502626638407 0.0060831682221490725 -0.015967415578644232 -0.044955217491174745 0.0013882457505815064 0.0011601454966547336 -0.013526946929725817
leaf_weight=3.8444361332804027 4.9889500839635739 2.0950554884038857 0.25172463245689769 11.137743923813105 18.084344163537025 1.3910533927846702
leaf_count=26 36 24 14 54 34 22
internal_value=0 -0.0135725 0.0210608 0.00363985 0.00810582 -0.149936
internal_weight=0 25.4149 16.3784 11.3895 21.9288 3.48611
internal_count=210 106 104 68 60 46
shrinkage=0.1


Tree=10
num_leaves=7
num_cat=0
split_feature=0 0 0 0 0 0
split_gain=0.00742308 0.0663807 0.00957012 0.0427445 0.000863112 0.000463807
threshold=0.35000000000000003 0.15000000000000005 0.45000000000000007 0.75000000000000011 1.0000000180025095e-35 0.25000000000000006
decision_type=2 2 2 2 2 2
left_child=1 4 -2 -4 -1 -3
right_child=2 5 3 -5 -6 -7
leaf_value=-0.00041925598555152857 0.0052799322809145184 -0.014927031755363663 -0.041674048180840952 0.00094652969713634604 0.0012417691471590107 -0.012550795877754496
leaf_weight=3.7821912579238477 5.0438229246065029 2.0832448566798112 0.24035286088473995 11.216848205775023 18.09595962613821 1.3561074621975424
leaf_count=26 36 24 14 54 34 22
internal_value=0 -0.010756 0.016503 0.000524215 0.00954619 -0.139901
internal_weight=0 25.3175 16.501 11.4572 21.8782 3.43935
internal_count=210 106 104 68 60 46
shrinkage=0.1


Tree=11
num_leaves=7
num_cat=0
split_feature=0 0 0 0 0 0
split_gain=0.00501919 0.0593309 0.0067504 0.0356851 0.000592273 0.000458022
threshold=0.15000000000000005 0.35000000000000003 0.45000000000000007 0.75000000000000011 1.0000000180025095e-35 0.25000000000000006
decision_type=2 2 2 2 2 2
left_child=4 5 -3 -4 -1 -2
right_child=1 2 3 -5 -6 -7
leaf_value=-9.2780102415168376e-05 -0.014100473380692896 0.0043514369037407309 -0.038922964918598431 0.00078231423443128319 0.0012833401168477923 -0.011722223018988474
leaf_weight=3.7813873179256943 2.0741602291818735 5.1093159355223188 0.23104974906891484 11.14068266376853 18.089050725102425 1.3284298712387683
leaf_count=26 24 36 14 54 34 22
internal_value=0 -0.0114987 0.0133215 -0.000244138 0.0104541 -0.13172
internal_weight=0 19.8836 16.481 11.3717 21.8704 3.40259
internal_count=210 150 104 68 60 46
shrinkage=0.1


Tree=12
num_leaves=7
num_cat=0
split_feature=0 0 0 0 0 0
split_gain=0.00565852 0.0515264 0.00423575 0.0303832 0.000463651 0.000400574
threshold=0.15000000000000005 0.35000000000000003 0.45000000000000007 0.75000000000000011 0.25000000000000006 1.0000000180025095e-35
decision_type=2 2 2 2 2 2
left_child=5 4 -3 -4 -2 -1
right_child=1 2 3 -5 -6 -7
leaf_value=0.00017557524160880398 -0.013415500069605455 0.0034562203411869969 -0.036523511637906729 0.00073857132985713752 -0.011008329098832906 0.0013043791849748493
leaf_weight=3.805637393146756 2.0667546088807311 5.172639257274569 0.22326369979418717 11.009606990963221 1.3056558747775855 18.075023546814919
leaf_count=26 24 36 14 54 22 34
internal_value=0 -0.0122585 0.0108834 -2.04705e-05 -0.124835 0.0110805
internal_weight=0 19.7779 16.4055 11.2329 3.37241 21.8807
internal_count=210 150 104 68 46 60
shrinkage=0.1


Tree=13
num_leaves=7
num_cat=0
split_feature=0 0 0 0 0 0
split_gain=0.00612461 0.0454059 0.0024333 0.0262063 0.000474931 0.000270572
threshold=0.15000000000000005 0.35000000000000003 0.45000000000000007 0.75000000000000011 0.25000000000000006 1.0000000180025095e-35
decision_type=2 2 2 2 2 2
left_child=5 4 -3 -4 -2 -1
right_child=1 2 3 -5 -6 -7
leaf_value=0.00038779277962096883 -0.012832041492531577 0.0026742450103386635 -0.03437792409932313 0.00074348207584502498 -0.01038329761014798 0.0013123599415225851
leaf_weight=3.8379036113619831 2.060492183314639 5.2272241953760394 0.21668802597559889 10.869313906878233 1.2865863624028864 18.059283122420311
leaf_count=26 24 36 14 54 22 34
internal_value=0 -0.0128119 0.00895637 0.000569958 -0.118908 0.0115031
internal_weight=0 19.6603 16.3132 11.086 3.34708 21.8972
internal_count=210 150 104 68 46 60
shrinkage=0.1


Tree=14
num_leaves=7
num_cat=0
split_feature=0 0 0 0 0 0
split_gain=0.00642475 0.0405013 0.00129265 0.0228109 0.000489925 0.000187507
threshold=0.15000000000000005 0.35000000000000003 0.45000000000000007 0.75000000000000011 0.25000000000000006 1.0000000180025095e-35
decision_type=2 2 2 2 2 2
left_child=5 4 -3 -4 -2 -1
right_child=1 2 3 -5 -6 -7
leaf_value=0.00054405264168535476 -0.012325571475480841 0.0020297944282791336 -0.032428502515190319 0.00076375856405839799 -0.0098275593746802482 0.0013110887441331398
leaf_weight=3.8706814199686077 2.0550777076277909 5.2707635071128616 0.21111799962818523 10.737247947603464 1.2705227939877661 18.044011317193508
leaf_count=26 24 36 14 54 22 34
internal_value=0 -0.0131816 0.00743134 0.0012371 -0.113712 0.0117561
internal_weight=0 19.5447 16.2191 10.9484 3.3256 21.9147
internal_count=210 150 104 68 46 60
shrinkage=0.1


Tree=15
num_leaves=7
num_cat=0
split_feature=0 0 0 0 0 0
split_gain=0.00656042 0.0365188 0.000627682 0.020004 0.000508642 0.000136206
threshold=0.15000000000000005 0.35000000000000003 0.45000000000000007 0.75000000000000011 0.25000000000000006 1.0000000180025095e-35
decision_type=2 2 2 2 2 2
left_child=5 4 -3 -4 -2 -1
right_child=1 2 3 -5 -6 -7
leaf_value=0.00064974981894964966 -0.011881073010970408 0.0015164513297748605 -0.030645375529682547 0.00078785137424523626 -0.0093261953889016962 0.0013014465876658289
leaf_weight=3.9008966106921461 2.0503259988036033 5.3033889504149565 0.20639493619091709 10.618415739387274 1.2569569856859746 18.029956690967083
leaf_count=26 24 36 14 54 22 34
internal_value=0 -0.0133774 0.00625179 0.00188519 -0.109101 0.0118553
internal_weight=0 19.4355 16.1282 10.8248 3.30728 21.9309
internal_count=210 150 104 68 46 60
shrinkage=0.1


Tree=16
num_leaves=7
num_cat=0
split_feature=0 0 0 0 0 0
split_gain=0.00656296 0.0332289 0.000529114 0.000275874 0.0176418 0.000105273
threshold=0.15000000000000005 0.35000000000000003 0.25000000000000006 0.45000000000000007 0.75000000000000011 1.0000000180025095e-35
decision_type=2 2 2 2 2 2
left_child=5 2 -2 -3 -5 -1
right_child=1 3 -4 4 -6 -7
leaf_value=0.00071440882871310718 -0.011484928567072946 0.0011226916671452658 -0.0088706500465436551 -0.029002997209800593 0.00080505389291921851 0.0012858000556338197
leaf_weight=3.927241642028096 2.0460931484121856 5.3262795582413682 1.2454198086634281 0.20237478287890451 10.513852875679731 18.017381973564625
leaf_count=26 24 36 22 14 54 34
internal_value=0 -0.0134335 -0.104958 0.00534487 0.00242132 0.0118354
internal_weight=0 19.334 3.29151 16.0425 10.7162 21.9446
internal_count=210 150 46 104 68 60
shrinkage=0.1


Tree=17
num_leaves=7
num_cat=0
split_feature=0 0 0 0 0 0
split_gain=0.00644839 0.0304784 0.000552262 0.00036998 0.0153714 8.77025e-05
threshold=0.15000000000000005 0.35000000000000003 0.25000000000000006 0.75000000000000011 0.45000000000000007 1.0000000180025095e-35
decision_type=2 2 2 2 2 2
left_child=5 2 -2 4 -3 -1
right_child=1 3 -4 -5 -6 -7
leaf_value=0.00074444794332536441 -0.011129219353011845 0.00082332051609390947 -0.0084507903584884071 0.0008181304294948721 -0.027486938534032723 0.0012647835229238086
leaf_weight=3.9498104378581074 2.0422801328822979 5.3413155470043412 1.2355291498824956 10.421647105365992 0.19893297040835009 18.006151460111141
leaf_count=26 24 36 22 54 14 34
internal_value=0 -0.0133653 -0.101196 0.00467101 -0.00193212 0.0117118
internal_weight=0 19.2397 3.27781 15.9619 5.54025 21.956
internal_count=210 150 46 104 50 60
shrinkage=0.1


Tree=18
num_leaves=7
num_cat=0
split_feature=0 0 0 0 0 0
split_gain=0.00625068 0.0281482 0.000575827 0.000491521 0.0134594 7.74439e-05
threshold=0.15000000000000005 0.35000000000000003 0.25000000000000006 0.75000000000000011 0.45000000000000007 1.0000000180025095e-35
decision_type=2 2 2 2 2 2
left_child=5 2 -2 4 -3 -1
right_child=1 3 -4 -5 -6 -7
leaf_value=0.00075147914308931784 -0.010805988791934635 0.00060104882291381106 -0.00806417568210324 0.00082511477463073028 -0.026082188947314913 0.0012395062162859714
leaf_weight=3.9686996992677477 2.038799971807749 5.3501812322065225 1.2269399515353145 10.340539257973433 0.19596198061481107 17.996157981455326
leaf_count=26 24 36 22 54 14 34
internal_value=0 -0.013204 -0.0977589 0.00417755 -0.00341751 0.0115133
internal_weight=0 19.1524 3.26574 15.8867 5.54614 21.9649
internal_count=210 150 46 104 50 60
shrinkage=0.1


Tree=19
num_leaves=7
num_cat=0
split_feature=0 0 0 0 0 0
split_gain=0.00601038 0.0261281 0.000600783 0.00057873 0.0118665 7.23481e-05
threshold=0.15000000000000005 0.35000000000000003 0.25000000000000006 0.75000000000000011 0.45000000000000007 1.0000000180025095e-35
decision_type=2 2 2 2 2 2
left_child=5 2 -2 4 -3 -1
right_child=1 3 -4 -5 -6 -7
leaf_value=0.00074188734283250142 -0.01050949482156022 0.00043616435635016694 -0.0077026598786834911 0.00082483130119679238 -0.024779282682665868 0.0012128474611188551
leaf_weight=3.9843351170420673 2.0355891780927786 5.3544589979574075 1.2193873659707608 10.268908981233835 0.19337422843091176 17.987219378352165
leaf_count=26 24 36 22 54 14 34
internal_value=0 -0.0129887 -0.0945799 0.00380222 -0.00442741 0.0112744
internal_weight=0 19.0717 3.25498 15.8167 5.54783 21.9716
internal_count=210 150 46 104 50 60
shrinkage=0.1


Tree=20
num_leaves=7
num_cat=0
split_feature=0 0 0 0 0 0
split_gain=0.00575115 0.0243546 0.000633111 0.0105243 0.000626085 6.95835e-05
threshold=0.15000000000000005 0.35000000000000003 0.75000000000000011 0.45000000000000007 0.25000000000000006 1.0000000180025095e-35
decision_type=2 2 2 2 2 2
left_child=5 4 3 -3 -2 -1
right_child=1 2 -4 -5 -6 -7
leaf_value=0.00072413214406822593 -0.010235473433322257 0.00031385388906216916 0.00081836061599575112 -0.023568603022870432 -0.0073643963530889076 0.0011854104633653301
leaf_weight=3.9973246380686787 2.0326033192686745 5.3554541766643515 10.204744312912226 0.19110024929977945 1.2126672784797849 17.979114897549152
leaf_count=26 24 36 54 14 22 34
internal_value=0 -0.0127429 0.00350957 -0.00508989 -0.0916263 0.0110151
internal_weight=0 18.9966 15.7513 5.54655 3.24527 21.9764
internal_count=210 150 104 50 46 60
shrinkage=0.1


Tree=21
num_leaves=7
num_cat=0
split_feature=0 0 0 0 0 0
split_gain=0.0054874 0.0227798 0.000659464 0.0093825 0.000651693 6.80546e-05
threshold=0.15000000000000005 0.35000000000000003 0.75000000000000011 0.45000000000000007 0.25000000000000006 1.0000000180025095e-35
decision_type=2 2 2 2 2 2
left_child=5 4 3 -3 -2 -1
right_child=1 2 -4 -5 -6 -7
leaf_value=0.00070215873745619608 -0.0099809195197164829 0.00022354297389642308 0.00080672320957266789 -0.022442031069200716 -0.0070463714517106897 0.001157849764619691
leaf_weight=4.0082449652254608 2.0298081906512389 5.3541386649012557 10.146428477019072 0.18908531044144167 1.2066240715794267 17.971672274172306
leaf_count=26 24 36 54 14 22 34
internal_value=0 -0.0124817 0.00327527 -0.00549604 -0.0888685 0.0107475
internal_weight=0 18.9261 15.6897 5.54322 3.23643 21.9799
internal_count=210 150 104 50 46 60
shrinkage=0.1


Tree=22
num_leaves=7
num_cat=0
split_feature=0 0 0 0 0 0
split_gain=0.00521903 0.0213759 0.000676648 0.000670692 0.00840081 6.78198e-05
threshold=0.15000000000000005 0.35000000000000003 0.25000000000000006 0.75000000000000011 0.45000000000000007 1.0000000180025095e-35
decision_type=2 2 2 2 2 2
left_child=5 2 -2 4 -3 -1
right_child=1 3 -4 -5 -6 -7
leaf_value=0.00067563405531589947 -0.0097428952199546046 0.00015391633426640349 -0.0067476984224112239 0.00079480474395311393 -0.021392625775487863 0.0011301210351073816
leaf_weight=4.0175994392484453 2.0271767363883564 5.3512702556326976 1.201152043649927 10.092633608728647 0.18728609348181624 17.964738309383392
leaf_count=26 24 36 22 54 14 34
internal_value=0 -0.0122043 -0.0862848 0.00309559 -0.00574679 0.0104706
internal_weight=0 18.8595 3.22833 15.6312 5.53856 21.9823
internal_count=210 150 46 104 50 60
shrinkage=0.1


Tree=23
num_leaves=7
num_cat=0
split_feature=0 0 0 0 0 0
split_gain=0.00496407 0.0201049 0.00070119 0.000665059 0.00755187 6.69887e-05
threshold=0.15000000000000005 0.35000000000000003 0.25000000000000006 0.75000000000000011 0.45000000000000007 1.0000000180025095e-35
decision_type=2 2 2 2 2 2
left_child=5 2 -2 4 -3 -1
right_child=1 3 -4 -5 -6 -7
leaf_value=0.00065149437909079941 -0.0095192873822783873 0.00010209121476804743 -0.0064655634337477926 0.00077903361675893759 -0.020412796906873431 0.0011028400849363515
leaf_weight=4.0255079492926624 2.024687191704289 5.3472696645185342 1.1961547436658295 10.042962972074747 0.18566928326617915 17.958277590572834
leaf_count=26 24 36 22 54 14 34
internal_value=0 -0.0119317 -0.083852 0.00294024 -0.00586329 0.0102019
internal_weight=0 18.7967 3.22084 15.5759 5.53294 21.9838
internal_count=210 150 46 104 50 60
shrinkage=0.1


Tree=24
num_leaves=7
num_cat=0
split_feature=0 0 0 0 0 0
split_gain=0.00471894 0.0189507 0.00072533 0.000649004 0.00681257 6.71013e-05
threshold=0.15000000000000005 0.35000000000000003 0.25000000000000006 0.75000000000000011 0.45000000000000007 1.0000000180025095e-35
decision_type=2 2 2 2 2 2
left_child=5 2 -2 4 -3 -1
right_child=1 3 -4 -5 -6 -7
leaf_value=0.0006251812857686784 -0.0093085450215088569 6.3330417452639708e-05 -0.0061982681407898015 0.00076178375206743408 -0.019496439445354861 0.0010766047986938752
leaf_weight=4.0323961935937431 2.0223243494983771 5.3425416592508546 1.1915649028960618 9.9964593835175037 0.18420672276988612 17.952189952135086
leaf_count=26 24 36 22 54 14 34
internal_value=0 -0.0116605 -0.0815539 0.00281006 -0.00588597 0.00993805
internal_weight=0 18.7371 3.21389 15.5232 5.52675 21.9846
internal_count=210 150 46 104 50 60
shrinkage=0.1


Tree=25
num_leaves=7
num_cat=0
split_feature=0 0 0 0 0 0
split_gain=0.00449536 0.0178925 0.000748591 0.000627931 0.00616375 6.63115e-05
threshold=0.15000000000000005 0.35000000000000003 0.25000000000000006 0.75000000000000011 0.45000000000000007 1.0000000180025095e-35
decision_type=2 2 2 2 2 2
left_child=5 2 -2 4 -3 -1
right_child=1 3 -4 -5 -6 -7
leaf_value=0.00060305911345889622 -0.0091094100951108706 3.1610806675031722e-05 -0.0059454643942824818 0.00074290526952345756 -0.018638968056676176 0.0010515575656222492
leaf_weight=4.0384319461882141 2.020076018758119 5.3373880777508012 1.1873364606872203 9.9525434821844101 0.18287779390811909 17.946402601897717
leaf_count=26 24 36 22 54 14 34
internal_value=0 -0.0114062 -0.0793816 0.00268462 -0.00586916 0.00969172
internal_weight=0 18.6802 3.20741 15.4728 5.52027 21.9848
internal_count=210 150 46 104 50 60
shrinkage=0.1


Tree=26
num_leaves=7
num_cat=0
split_feature=0 0 0 0 0 0
split_gain=0.0042781 0.0169254 0.000770956 0.000604503 0.00559246 6.58651e-05
threshold=0.15000000000000005 0.35000000000000003 0.25000000000000006 0.75000000000000011 0.45000000000000007 1.0000000180025095e-35
decision_type=2 2 2 2 2 2
left_child=5 2 -2 4 -3 -1
right_child=1 3 -4 -5 -6 -7
leaf_value=0.00058014093877713224 -0.0089203286965981333 6.7868122414446133e-06 -0.0057054992505291141 0.00072519151038470165 -0.017835086615261432 0.0010268933011132475
leaf_weight=4.0438961200416115 2.0179310077801356 5.3319452311843625 1.1834287720266732 9.9106543026864529 0.18166534951888011 17.940870061516762
leaf_count=26 24 36 22 54 14 34
internal_value=0 -0.011151 -0.0773192 0.00258248 -0.00581077 0.00944717
internal_weight=0 18.6256 3.20136 15.4243 5.51361 21.9848
internal_count=210 150 46 104 50 60
shrinkage=0.1


Tree=27
num_leaves=7
num_cat=0
split_feature=0 0 0 0 0 0
split_gain=0.00407858 0.0160324 0.000792232 0.000577092 0.00508724 6.4547e-05
threshold=0.15000000000000005 0.35000000000000003 0.25000000000000006 0.75000000000000011 0.45000000000000007 1.0000000180025095e-35
decision_type=2 2 2 2 2 2
left_child=5 2 -2 4 -3 -1
right_child=1 3 -4 -5 -6 -7
leaf_value=0.00056109041938189139 -0.0087404576647585313 -1.223711525726736e-05 -0.0054778036978802465 0.00070589164584852261 -0.017079976883174308 0.0010031445078933384
leaf_weight=4.0487731862813261 2.0158796820323923 5.3263204013928762 1.1798020431306215 9.87077596783638 0.18055454140994687 17.935593470931053
leaf_count=26 24 36 22 54 14 34
internal_value=0 -0.0109101 -0.0753593 0.00248325 -0.00571839 0.00921733
internal_weight=0 18.5733 3.19568 15.3777 5.50687 21.9844
internal_count=210 150 46 104 50 60
shrinkage=0.1


Tree=28
num_leaves=7
num_cat=0
split_feature=0 0 0 0 0 0
split_gain=0.0038919 0.0152069 0.000812679 0.00055007 0.00463783 6.37735e-05
threshold=0.15000000000000005 0.35000000000000003 0.25000000000000006 0.75000000000000011 0.45000000000000007 1.0000000180025095e-35
decision_type=2 2 2 2 2 2
left_child=5 2 -2 4 -3 -1
right_child=1 3 -4 -5 -6 -7
leaf_value=0.0005415175744205357 -0.0085690567330339844 -2.8286411260787276e-05 -0.0052609914822104439 0.00068712110782709985 -0.016369773585770887 0.00098072708556917959
leaf_weight=4.0532821808010366 2.0139146023429939 5.3206370603293172 1.1764368619769814 9.8324629925191402 0.17953277134802181 17.930518992245197
leaf_count=26 24 36 22 54 14 34
internal_value=0 -0.0106786 -0.0734921 0.00239142 -0.00561694 0.00899747
internal_weight=0 18.523 3.19035 15.3326 5.50017 21.9838
internal_count=210 150 46 104 50 60
shrinkage=0.1


Tree=29
num_leaves=7
num_cat=0
split_feature=0 0 0 0 0 0
split_gain=0.0037169 0.0144427 0.000832022 0.000523098 0.00423704 6.27438e-05
threshold=0.15000000000000005 0.35000000000000003 0.25000000000000006 0.75000000000000011 0.45000000000000007 1.0000000180025095e-35
decision_type=2 2 2 2 2 2
left_child=5 2 -2 4 -3 -1
right_child=1 3 -4 -5 -6 -7
leaf_value=0.00052358212433881797 -0.0084053826248864632 -4.1328714197822927e-05 -0.0050547885207045578 0.00066869956079241839 -0.015700847167922537 0.00095905930863441301
leaf_weight=4.0574593693017986 2.0120304226875314 5.3149458933621636 1.1733078295364978 9.7955292463302612 0.17859066883102048 17.925630047917366
leaf_count=26 24 36 22 54 14 34
internal_value=0 -0.0104556 -0.071712 0.0023066 -0.00550408 0.00878682
internal_weight=0 18.4744 3.18534 15.2891 5.49354 21.9831
internal_count=210 150 46 104 50 60
shrinkage=0.1


Tree=30
num_leaves=7
num_cat=0
split_feature=0 0 0 0 0 0
split_gain=0.00355301 0.0137322 0.000850022 0.000496969 0.00387843 6.1384e-05
threshold=0.15000000000000005 0.35000000000000003 0.25000000000000006 0.75000000000000011 0.45000000000000007 1.0000000180025095e-35
decision_type=2 2 2 2 2 2
left_child=5 2 -2 4 -3 -1
right_child=1 3 -4 -5 -6 -7
leaf_value=0.00050749819681400476 -0.0082483761699958281 -5.2331605189127115e-05 -0.0048585095518864979 0.00065075174589144451 -0.01507023454714854 0.00093807230359419479
leaf_weight=4.0613613314926651 2.0102191988844433 5.3092834688723078 1.1703948327340188 9.7598592564463615 0.17772012809291471 17.920914575457573
leaf_count=26 24 36 22 54 14 34
internal_value=0 -0.0102414 -0.0700098 0.00222677 -0.00538751 0.00858521
internal_weight=0 18.4275 3.18061 15.2469 5.487 21.9823
internal_count=210 150 46 104 50 60
shrinkage=0.1


Tree=31
num_leaves=7
num_cat=0
split_feature=0 0 0 0 0 0
split_gain=0.00339813 0.0130718 0.000866914 0.000471068 0.00355669 5.99112e-05
threshold=0.15000000000000005 0.35000000000000003 0.25000000000000006 0.75000000000000011 0.45000000000000007 1.0000000180025095e-35
decision_type=2 2 2 2 2 2
left_child=5 2 -2 4 -3 -1
right_child=1 3 -4 -5 -6 -7
leaf_value=0.00049247187260545975 -0.008097849679243263 -6.0780406052473442e-05 -0.0046714070517093744 0.00063321701179400874 -0.014474257291585472 0.00091770234543782326
leaf_weight=4.0650367178022888 2.008477046387271 5.3036704175174227 1.1676806984469297 9.7253636792302132 0.17691273556556542 17.916366264224052
leaf_count=26 24 36 22 54 14 34
internal_value=0 -0.0100336 -0.0683815 0.00215391 -0.00526046 0.00839064
internal_weight=0 18.3821 3.17616 15.2059 5.48058 21.9814
internal_count=210 150 46 104 50 60
shrinkage=0.1


Tree=32
num_leaves=7
num_cat=0
split_feature=0 0 0 0 0 0
split_gain=0.00325357 0.0124561 0.000882662 0.000447687 0.00326658 5.83155e-05
threshold=0.15000000000000005 0.35000000000000003 0.25000000000000006 0.75000000000000011 0.45000000000000007 1.0000000180025095e-35
decision_type=2 2 2 2 2 2
left_child=5 2 -2 4 -3 -1
right_child=1 3 -4 -5 -6 -7
leaf_value=0.00047875130153504641 -0.007953424449580979 -6.9084697331654732e-05 -0.0044930988867575737 0.0006167311933802011 -0.013910887943246745 0.00089814412345591555
leaf_weight=4.0685142576694515 2.0067997057922193 5.2981452560052267 1.1651540864259007 9.6919664964079857 0.17616253346204749 17.911968916654587
leaf_count=26 24 36 22 54 14 34
internal_value=0 -0.00983483 -0.0668234 0.00208406 -0.00514512 0.00820516
internal_weight=0 18.3382 3.17195 15.1663 5.47431 21.9805
internal_count=210 150 46 104 50 60
shrinkage=0.1


Tree=33
num_leaves=7
num_cat=0
split_feature=0 0 0 0 0 0
split_gain=0.00311596 0.0118812 0.000897324 0.00042345 0.00300573 5.64234e-05
threshold=0.15000000000000005 0.35000000000000003 0.25000000000000006 0.75000000000000011 0.45000000000000007 1.0000000180025095e-35
decision_type=2 2 2 2 2 2
left_child=5 2 -2 4 -3 -1
right_child=1 3 -4 -5 -6 -7
leaf_value=0.00046649085659899374 -0.0078143701286955396 -7.4216056755231044e-05 -0.0043226662519498032 0.00060015236776888106 -0.013377608659342816 0.0008788966291207106
leaf_weight=4.071810724213722 2.005181286484004 5.2926754401996723 1.1627936656586828 9.6596465781331062 0.17546489438973356 17.907732002437115
leaf_count=26 24 36 22 54 14 34
internal_value=0 -0.00964072 -0.0653275 0.00202089 -0.00501103 0.00802497
internal_weight=0 18.2958 3.16797 15.1278 5.46814 21.9795
internal_count=210 150 46 104 50 60
shrinkage=0.1


Tree=34
num_leaves=7
num_cat=0
split_feature=0 0 0 0 0 0
split_gain=0.00298656 0.0113443 0.000910809 0.000401463 0.00276947 5.45369e-05
threshold=0.15000000000000005 0.35000000000000003 0.25000000000000006 0.75000000000000011 0.45000000000000007 1.0000000180025095e-35
decision_type=2 2 2 2 2 2
left_child=5 2 -2 4 -3 -1
right_child=1 3 -4 -5 -6 -7
leaf_value=0.00045501749646631321 -0.0076806679260218898 -7.9224562213307375e-05 -0.0041602115463539556 0.00058463018922754492 -0.012872267325530588 0.00086035072486228225
leaf_weight=4.0749716721475151 2.0036197740118959 5.2873176326975218 1.160591183928773 9.6283106356859207 0.17481357732322056 17.903635047376156
leaf_count=26 24 36 22 54 14 34
internal_value=0 -0.00945379 -0.0638941 0.00196142 -0.00488661 0.00785199
internal_weight=0 18.2547 3.16421 15.0904 5.46213 21.9786
internal_count=210 150 46 104 50 60
shrinkage=0.1


Tree=35
num_leaves=7
num_cat=0
split_feature=0 0 0 0 0 0
split_gain=0.00286525 0.0108391 0.000923104 0.00038079 0.00255503 5.31429e-05
threshold=0.15000000000000005 0.35000000000000003 0.25000000000000006 0.75000000000000011 0.45000000000000007 1.0000000180025095e-35
decision_type=2 2 2 2 2 2
left_child=5 2 -2 4 -3 -1
right_child=1 3 -4 -5 -6 -7
leaf_value=0.00044286900494874636 -0.0075512881783747479 -8.375613547369982e-05 -0.0040046673678593835 0.000569504552313031 -0.012392498999293377 0.00084287577684496193
leaf_weight=4.0779958013445166 2.0021097930148253 5.2820591144263735 1.1585346302017572 9.5979526601731777 0.17420478374697257 17.899672016501427
leaf_count=26 24 36 22 54 14 34
internal_value=0 -0.00927441 -0.0625127 0.00190302 -0.00476743 0.00768654
internal_weight=0 18.2149 3.16064 15.0542 5.45626 21.9777
internal_count=210 150 46 104 50 60
shrinkage=0.1


Tree=36
num_leaves=7
num_cat=0
split_feature=0 0 0 0 0 0
split_gain=0.00274848 0.0103673 0.000934063 0.000360543 0.00236069 5.16697e-05
threshold=0.15000000000000005 0.35000000000000003 0.25000000000000006 0.75000000000000011 0.45000000000000007 1.0000000180025095e-35
decision_type=2 2 2 2 2 2
left_child=5 2 -2 4 -3 -1
right_child=1 3 -4 -5 -6 -7
leaf_value=0.00043132040601563394 -0.0074264308985871434 -8.6395193435021854e-05 -0.0038564649429358986 0.00055505691403590985 -0.011936754388264354 0.00082563772388603504
leaf_weight=4.0808976404368904 2.0006491087842742 5.2768934778869143 1.156611404148862 9.5684617236256599 0.1736349215498193 17.895843051373959
leaf_count=26 24 36 22 54 14 34
internal_value=0 -0.00909737 -0.0611863 0.00185266 -0.00463907 0.00752416
internal_weight=0 18.1763 3.15726 15.019 5.45053 21.9767
internal_count=210 150 46 104 50 60
shrinkage=0.1


Tree=37
num_leaves=7
num_cat=0
split_feature=0 0 0 0 0 0
split_gain=0.0026441 0.00992048 0.000943941 0.000341306 0.00218346 4.95234e-05
threshold=0.15000000000000005 0.35000000000000003 0.25000000000000006 0.75000000000000011 0.45000000000000007 1.0000000180025095e-35
decision_type=2 2 2 2 2 2
left_child=5 2 -2 4 -3 -1
right_child=1 3 -4 -5 -6 -7
leaf_value=0.00042337480172074672 -0.0073058735304455573 -8.9545959047050716e-05 -0.0037148516992342555 0.00053986058035361919 -0.011503559653694871 0.00080931655022837418
leaf_weight=4.0836556237190988 1.9992355674039581 5.2718564663082352 1.1548185180872679 9.5398537777364254 0.17310073564294717 17.892132520675659
leaf_count=26 24 36 22 54 14 34
internal_value=0 -0.00893623 -0.0599106 0.00179304 -0.00452409 0.00737599
internal_weight=0 18.1389 3.15405 14.9848 5.44496 21.9758
internal_count=210 150 46 104 50 60
shrinkage=0.1


Tree=38
num_leaves=7
num_cat=0
split_feature=0 0 0 0 0 0
split_gain=0.0025398 0.0095024 0.000953154 0.000324187 0.00202203 4.78611e-05
threshold=0.15000000000000005 0.35000000000000003 0.25000000000000006 0.75000000000000011 0.45000000000000007 1.0000000180025095e-35
decision_type=2 2 2 2 2 2
left_child=5 2 -2 4 -3 -1
right_child=1 3 -4 -5 -6 -7
leaf_value=0.00041375253489915517 -0.0071891706409082049 -9.2031302680441895e-05 -0.0035785521051108168 0.00052683322564067736 -0.011091608488474354 0.00079306513666881821
leaf_weight=4.0864055678248432 1.9978669758420446 5.2669204361736766 1.153141837567091 9.5119166113436222 0.17259954824112345 17.888529591262341
leaf_count=26 24 36 22 54 14 34
internal_value=0 -0.00877093 -0.0586783 0.00174703 -0.00441055 0.00722529
internal_weight=0 18.1024 3.15101 14.9514 5.43952 21.9749
internal_count=210 150 46 104 50 60
shrinkage=0.1


Tree=39
num_leaves=7
num_cat=0
split_feature=0 0 0 0 0 0
split_gain=0.00244181 0.00910833 0.000960953 0.000307644 0.00187457 4.60992e-05
threshold=0.15000000000000005 0.35000000000000003 0.25000000000000006 0.75000000000000011 0.45000000000000007 1.0000000180025095e-35
decision_type=2 2 2 2 2 2
left_child=5 2 -2 4 -3 -1
right_child=1 3 -4 -5 -6 -7
leaf_value=0.00040517698314693922 -0.0070759707061419166 -9.3825794179659024e-05 -0.0034486087350353483 0.00051391015710305573 -0.010698911335872996 0.00077735168643876186
leaf_weight=4.0890336651355055 1.9965386257972577 5.2620863281190386 1.1515779260080308 9.4848399758338928 0.17212829669006158 17.885042302310467
leaf_count=26 24 36 22 54 14 34
internal_value=0 -0.00861216 -0.0574909 0.00170188 -0.00429741 0.00708096
internal_weight=0 18.0672 3.14812 14.9191 5.43421 21.9741
internal_count=210 150 46 104 50 60
shrinkage=0.1


Tree=40
num_leaves=7
num_cat=0
split_feature=0 0 0 0 0 0
split_gain=0.00235049 0.00873674 0.000967737 0.000290433 0.00174006 4.44732e-05
threshold=0.15000000000000005 0.35000000000000003 0.25000000000000006 0.75000000000000011 0.45000000000000007 1.0000000180025095e-35
decision_type=2 2 2 2 2 2
left_child=5 2 -2 4 -3 -1
right_child=1 3 -4 -5 -6 -7
leaf_value=0.00039697281336423983 -0.0069665452953733614 -9.3856148474248498e-05 -0.0033245017264850424 0.00050024108224142212 -0.010324292463557046 0.00076243898202221837
leaf_weight=4.0915737301111248 1.9952510930597791 5.2573421485722056 1.1501135739963502 9.4585497565567493 0.17168422078248102 17.881677731871605
leaf_count=26 24 36 22 54 14 34
internal_value=0 -0.00846116 -0.0563482 0.00165615 -0.00417377 0.00694387
internal_weight=0 18.0329 3.14536 14.8876 5.42903 21.9733
internal_count=210 150 46 104 50 60
shrinkage=0.1


Tree=41
num_leaves=7
num_cat=0
split_feature=0 0 0 0 0 0
split_gain=0.00226082 0.00838675 0.000973868 0.000276446 0.00161642 4.31881e-05
threshold=0.15000000000000005 0.35000000000000003 0.25000000000000006 0.75000000000000011 0.45000000000000007 1.0000000180025095e-35
decision_type=2 2 2 2 2 2
left_child=5 2 -2 4 -3 -1
right_child=1 3 -4 -5 -6 -7
leaf_value=0.00038771241500975103 -0.0068603025875551881 -9.5280828227010204e-05 -0.0032049424729655284 0.00048895953507885142 -0.0099673588299527601 0.0007477756558596576
leaf_weight=4.0940914824605015 1.9939998572226623 5.2527348659932604 1.1487455053720623 9.4328649342060089 0.17126576555892814 17.87839662283659
leaf_count=26 24 36 22 54 14 34
internal_value=0 -0.00830927 -0.0552418 0.0016186 -0.00406997 0.00680686
internal_weight=0 17.9996 3.14275 14.8569 5.424 21.9725
internal_count=210 150 46 104 50 60
shrinkage=0.1


Tree=42
num_leaves=7
num_cat=0
split_feature=0 0 0 0 0 0
split_gain=0.00218039 0.00805306 0.000978647 0.000261391 0.00150318 4.14315e-05
threshold=0.15000000000000005 0.35000000000000003 0.25000000000000006 0.75000000000000011 0.45000000000000007 1.0000000180025095e-35
decision_type=2 2 2 2 2 2
left_child=5 2 -2 4 -3 -1
right_child=1 3 -4 -5 -6 -7
leaf_value=0.00038130819069716868 -0.0067569331214100596 -9.5475465955230485e-05 -0.0030909132727334489 0.00047589717436882594 -0.0096262467151780867 0.00073389525380587327
leaf_weight=4.0964744556695249 1.9927845448255548 5.2482265690341583 1.147468701004982 9.4079651050269604 0.17087103251833458 17.875219084322453
leaf_count=26 24 36 22 54 14 34
internal_value=0 -0.00817069 -0.0541735 0.00157233 -0.00395993 0.00668158
internal_weight=0 17.9673 3.14025 14.8271 5.4191 21.9717
internal_count=210 150 46 104 50 60
shrinkage=0.1


Tree=43
num_leaves=7
num_cat=0
split_feature=0 0 0 0 0 0
split_gain=0.002102 0.00773875 0.000982905 0.000247601 0.00139911 4.01424e-05
threshold=0.15000000000000005 0.35000000000000003 0.25000000000000006 0.75000000000000011 0.45000000000000007 1.0000000180025095e-35
decision_type=2 2 2 2 2 2
left_child=5 2 -2 4 -3 -1
right_child=1 3 -4 -5 -6 -7
leaf_value=0.00037348565561156515 -0.0066568070361556139 -9.5389295125365706e-05 -0.0029812074654880262 0.00046396963945195027 -0.0093001866515052302 0.00072046705141695384
leaf_weight=4.0988683290779617 1.9916037039365628 5.2438251692801705 1.1462731764186174 9.3835907280445099 0.17049770487938065 17.872128918766975
leaf_count=26 24 36 22 54 14 34
internal_value=0 -0.00803263 -0.053141 0.00153254 -0.0038525 0.00655735
internal_weight=0 17.9358 3.13788 14.7979 5.41432 21.971
internal_count=210 150 46 104 50 60
shrinkage=0.1


Tree=44
num_leaves=7
num_cat=0
split_feature=0 0 0 0 0 0
split_gain=0.0020247 0.00745525 0.000972719 0.000236268 0.00130299 3.8704e-05
threshold=0.15000000000000005 0.25000000000000006 0.35000000000000003 0.75000000000000011 0.45000000000000007 1.0000000180025095e-35
decision_type=2 2 2 2 2 2
left_child=5 -2 -3 4 -4 -1
right_child=1 2 3 -5 -6 -7
leaf_value=0.00036622555447092542 -0.0065591868570084857 -0.0028753557885256614 -9.6424170639486872e-05 0.0004540727720763348 -0.0089884611451492361 0.00070685977714230787
leaf_weight=4.101221356540921 1.9904546742327518 1.1451579779386509 5.2395436903461805 9.3597789853811264 0.17014472209848452 17.869115822017193
leaf_count=26 24 22 36 54 14 34
internal_value=0 -0.00789331 -0.000676908 0.00150003 -0.00376095 0.00643273
internal_weight=0 17.9051 15.9146 14.7695 5.40969 21.9703
internal_count=210 150 126 104 50 60
shrinkage=0.1


Tree=45
num_leaves=7
num_cat=0
split_feature=0 0 0 0 0 0
split_gain=0.00195418 0.00724258 0.000905978 0.000223538 0.00121479 3.68147e-05
threshold=0.15000000000000005 0.25000000000000006 0.35000000000000003 0.75000000000000011 0.45000000000000007 1.0000000180025095e-35
decision_type=2 2 2 2 2 2
left_child=5 -2 -3 4 -4 -1
right_child=1 2 3 -5 -6 -7
leaf_value=0.00036159092369209239 -0.0064645595465424761 -0.0027748532208613759 -9.5494980864997654e-05 0.00044258245435889302 -0.0086896012269413927 0.0006937384584961402
leaf_weight=4.1034596525132683 1.9893372247461236 1.1441180252004404 5.2353339372202745 9.336714968085289 0.16981044935528178 17.866204999387264
leaf_count=26 24 22 36 54 14 34
internal_value=0 -0.0077639 -0.000640833 0.001463 -0.00365491 0.006317
internal_weight=0 17.8753 15.886 14.7419 5.40514 21.9697
internal_count=210 150 126 104 50 60
shrinkage=0.1


Tree=46
num_leaves=7
num_cat=0
split_feature=0 0 0 0 0 0
split_gain=0.00188724 0.00703811 0.000843619 0.000212542 0.00113312 3.54181e-05
threshold=0.15000000000000005 0.25000000000000006 0.35000000000000003 0.75000000000000011 0.45000000000000007 1.0000000180025095e-35
decision_type=2 2 2 2 2 2
left_child=5 -2 -3 4 -4 -1
right_child=1 2 3 -5 -6 -7
leaf_value=0.00035567419960127143 -0.0063723273792743495 -0.0026775261493544008 -9.5776617652833772e-05 0.00043199747965179993 -0.0084035604878469252 0.00068139313302769495
leaf_weight=4.1057018339633968 1.9882484446279713 1.1431462604086835 5.2312344154343 9.3141887187957764 0.16949350538197894 17.863365784287453
leaf_count=26 24 22 36 54 14 34
internal_value=0 -0.00763869 -0.000606932 0.00142599 -0.00356504 0.00620521
internal_weight=0 17.8463 15.8581 14.7149 5.40073 21.9691
internal_count=210 150 126 104 50 60
shrinkage=0.1


Tree=47
num_leaves=7
num_cat=0
split_feature=0 0 0 0 0 0
split_gain=0.00181872 0.00684455 0.000787117 0.000202686 0.00105806 3.45505e-05
threshold=0.15000000000000005 0.25000000000000006 0.35000000000000003 0.75000000000000011 0.45000000000000007 1.0000000180025095e-35
decision_type=2 2 2 2 2 2
left_child=5 -2 -3 4 -4 -1
right_child=1 2 3 -5 -6 -7
leaf_value=0.00034740268830445056 -0.0062826398997864134 -0.0025849235167938914 -9.5226732756435945e-05 0.0004233869028442232 -0.0081301383297997607 0.00066904155655539606
leaf_weight=4.1079252567142275 1.9871882707811901 1.1422408840153355 5.2272177552804342 9.2921897135674953 0.16919355909340072 17.860605925321579
leaf_count=26 24 22 36 54 14 34
internal_value=0 -0.00750731 -0.0005633 0.00140303 -0.00347145 0.00608898
internal_weight=0 17.818 15.8308 14.6886 5.39641 21.9685
internal_count=210 150 126 104 50 60
shrinkage=0.1


Tree=48
num_leaves=7
num_cat=0
split_feature=0 0 0 0 0 0
split_gain=0.0017574 0.00665615 0.000733903 0.000192218 0.00098861 3.30377e-05
threshold=0.15000000000000005 0.25000000000000006 0.35000000000000003 0.75000000000000011 0.45000000000000007 1.0000000180025095e-35
decision_type=2 2 2 2 2 2
left_child=5 -2 -3 4 -4 -1
right_child=1 2 3 -5 -6 -7
leaf_value=0.00034267892930752212 -0.0061951025222911071 -0.0024955283307788803 -9.4219879449813253e-05 0.00041316056921780661 -0.007867371232975302 0.0006571367588083972
leaf_weight=4.1100134495645788 1.9861537904944278 1.1413943904917676 5.2232891125604501 9.2708708308637142 0.16890891967341293 17.857932716608047
leaf_count=26 24 22 36 54 14 34
internal_value=0 -0.00738786 -0.000530882 0.00137035 -0.00337711 0.00598304
internal_weight=0 17.7906 15.8045 14.6631 5.3922 21.9679
internal_count=210 150 126 104 50 60
shrinkage=0.1


Tree=49
num_leaves=7
num_cat=0
split_feature=0 0 0 0 0 0
split_gain=0.00169765 0.00647587 0.000684473 0.000182309 0.000924478 3.16174e-05
threshold=0.15000000000000005 0.25000000000000006 0.35000000000000003 0.75000000000000011 0.45000000000000007 1.0000000180025095e-35
decision_type=2 2 2 2 2 2
left_child=5 -2 -3 4 -4 -1
right_child=1 2 3 -5 -6 -7
leaf_value=0.000337819243533171 -0.0061098519172446773 -0.0024091581879610484 -9.2765248662993879e-05 0.0004035281179123381 -0.0076154895081908805 0.00064538438873088064
leaf_weight=4.1120969429612186 1.9851451492868373 1.1406000319402654 5.219448421150445 9.2500393837690353 0.16863835160620499 17.855332128703594
leaf_count=26 24 22 36 54 14 34
internal_value=0 -0.00726904 -0.00049667 0.00134184 -0.00328214 0.00587811
internal_weight=0 17.7639 15.7787 14.6381 5.38809 21.9674
internal_count=210 150 126 104 50 60
shrinkage=0.1


Tree=50
num_leaves=7
num_cat=0
split_feature=0 0 0 0 0 0
split_gain=0.00164043 0.00630243 0.000638896 0.000173238 0.000864959 3.05474e-05
threshold=0.15000000000000005 0.25000000000000006 0.35000000000000003 0.75000000000000011 0.45000000000000007 1.0000000180025095e-35
decision_type=2 2 2 2 2 2
left_child=5 -2 -3 4 -4 -1
right_child=1 2 3 -5 -6 -7
leaf_value=0.00033194726794562887 -0.0060266718384095579 -0.0023265797989915332 -9.1543971386864718e-05 0.00039448112754136204 -0.0073735491273209724 0.00063420567686375937
leaf_weight=4.1141596809029606 1.9841608523856857 1.1398600733373303 5.2157030794769517 9.229715283960104 0.16838073497638095 17.852799654006958
leaf_count=26 24 22 36 54 14 34
internal_value=0 -0.00715305 -0.00046342 0.00131514 -0.0031928 0.00577596
internal_weight=0 17.7378 15.7537 14.6138 5.38408 21.967
internal_count=210 150 126 104 50 60
shrinkage=0.1


Tree=51
num_leaves=7
num_cat=0
split_feature=0 0 0 0 0 0
split_gain=0.00158592 0.00613515 0.000596568 0.00016491 0.000809653 2.95753e-05
threshold=0.15000000000000005 0.25000000000000006 0.35000000000000003 0.75000000000000011 0.45000000000000007 1.0000000180025095e-35
decision_type=2 2 2 2 2 2
left_child=5 -2 -3 4 -4 -1
right_child=1 2 3 -5 -6 -7
leaf_value=0.00032606404070786572 -0.0059454085214555768 -0.0022471912500689733 -9.0651707659965874e-05 0.00038584715059291903 -0.0071410599141706835 0.00062341887028802712
leaf_weight=4.1161778345704105 1.983199704671279 1.1391714818309981 5.2120514297857872 9.2098812907934189 0.16813530190847803 17.850331000983715
leaf_count=26 24 22 36 54 14 34
internal_value=0 -0.00704048 -0.000431982 0.00128886 -0.00310983 0.00567699
internal_weight=0 17.7124 15.7292 14.5901 5.38019 21.9665
internal_count=210 150 126 104 50 60
shrinkage=0.1


Tree=52
num_leaves=7
num_cat=0
split_feature=0 0 0 0 0 0
split_gain=0.00153368 0.00597407 0.000557421 0.00015679 0.000758494 2.81135e-05
threshold=0.15000000000000005 0.25000000000000006 0.35000000000000003 0.75000000000000011 0.45000000000000007 1.0000000180025095e-35
decision_type=2 2 2 2 2 2
left_child=5 -2 -3 4 -4 -1
right_child=1 2 3 -5 -6 -7
leaf_value=0.00032254716029727633 -0.0058660723680992949 -0.0021711146281566313 -8.9273679109158825e-05 0.00037734253594185016 -0.0069179637509115752 0.00061240779802216195
leaf_weight=4.1181450188159969 1.9822609934490178 1.1385298331733782 5.2084814794361582 9.1905254647135735 0.16790223401039828 17.847928412258625
leaf_count=26 24 22 36 54 14 34
internal_value=0 -0.00693053 -0.000401405 0.00126414 -0.00302531 0.00558065
internal_weight=0 17.6877 15.7054 14.5669 5.37638 21.9661
internal_count=210 150 126 104 50 60
shrinkage=0.1


Tree=53
num_leaves=7
num_cat=0
split_feature=0 0 0 0 0 0
split_gain=0.00148316 0.00582018 0.000520742 0.000149013 0.000710983 2.70442e-05
threshold=0.15000000000000005 0.25000000000000006 0.35000000000000003 0.75000000000000011 0.45000000000000007 1.0000000180025095e-35
decision_type=2 2 2 2 2 2
left_child=5 -2 -3 4 -4 -1
right_child=1 2 3 -5 -6 -7
leaf_value=0.00031766793605918388 -0.0057890539877846628 -0.0020971331524099282 -8.7549896445386101e-05 0.00036917031626041764 -0.0067032256372777533 0.00060191120183522085
leaf_weight=4.1200988050550249 1.981345415813849 1.1379281866829831 5.20498346351087 9.1716632023453712 0.16767980658914883 17.845591522753239
leaf_count=26 24 22 36 54 14 34
internal_value=0 -0.0068221 -0.000369955 0.00124187 -0.00294024 0.00548596
internal_weight=0 17.6636 15.6823 14.5443 5.37266 21.9657
internal_count=210 150 126 104 50 60
shrinkage=0.1


Tree=54
num_leaves=7
num_cat=0
split_feature=0 0 0 0 0 0
split_gain=0.001435 0.00567056 0.00048672 0.000141615 0.000666859 2.60339e-05
threshold=0.15000000000000005 0.25000000000000006 0.35000000000000003 0.75000000000000011 0.45000000000000007 1.0000000180025095e-35
decision_type=2 2 2 2 2 2
left_child=5 -2 -3 4 -4 -1
right_child=1 2 3 -5 -6 -7
leaf_value=0.00031291473041812168 -0.0057133249932360755 -0.0020262011146414001 -8.5824055806584692e-05 0.00036110429069593759 -0.0064969224294394185 0.00059174887671090777
leaf_weight=4.1220155693590668 1.9804488779045648 1.1373679102398444 5.2015738328918806 9.1532603390514851 0.1674677621340378 17.843312248587608
leaf_count=26 24 22 36 54 14 34
internal_value=0 -0.00671688 -0.000340812 0.00121939 -0.00285795 0.00539423
internal_weight=0 17.6401 15.6597 14.5223 5.36904 21.9653
internal_count=210 150 126 104 50 60
shrinkage=0.1


Tree=55
num_leaves=7
num_cat=0
split_feature=0 0 0 0 0 0
split_gain=0.00138928 0.00552693 0.000454964 0.000135046 0.00062557 2.48533e-05
threshold=0.15000000000000005 0.25000000000000006 0.35000000000000003 0.75000000000000011 0.45000000000000007 1.0000000180025095e-35
decision_type=2 2 2 2 2 2
left_child=5 -2 -3 4 -4 -1
right_child=1 2 3 -5 -6 -7
leaf_value=0.00030932854509130276 -0.0056397255066389755 -0.0019577313718589814 -8.4807674204551674e-05 0.00035358079260419082 -0.0062979644360390691 0.00058171970472692381
leaf_weight=4.1238995287567404 1.9795736365485945 1.1368473251350213 5.1982468636706463 9.1352922469377518 0.16726510552689422 17.841086909174919
leaf_count=26 24 22 36 54 14 34
internal_value=0 -0.00661518 -0.000313256 0.00119703 -0.00278497 0.00530579
internal_weight=0 17.6172 15.6377 14.5008 5.36551 21.965
internal_count=210 150 126 104 50 60
shrinkage=0.1


Tree=56
num_leaves=7
num_cat=0
split_feature=0 0 0 0 0 0
split_gain=0.00134646 0.00538716 0.000425501 0.000128275 0.000587176 2.4356e-05
threshold=0.15000000000000005 0.25000000000000006 0.35000000000000003 0.75000000000000011 0.45000000000000007 1.0000000180025095e-35
decision_type=2 2 2 2 2 2
left_child=5 -2 -3 4 -4 -1
right_child=1 2 3 -5 -6 -7
leaf_value=0.00030319458172173676 -0.0055675047814963893 -0.0018922905628106033 -8.3206903546457911e-05 0.00034550191371730685 -0.0061061305903552486 0.00057280026664862456
leaf_weight=4.125760396942499 1.9787158096442006 1.1363644213415671 5.1949810311198226 9.1177723780274391 0.16707091883290548 17.838925078511238
leaf_count=26 24 22 36 54 14 34
internal_value=0 -0.00651839 -0.000289788 0.00117252 -0.00270869 0.00522159
internal_weight=0 17.5949 15.6162 14.4798 5.36205 21.9647
internal_count=210 150 126 104 50 60
shrinkage=0.1


Tree=57
num_leaves=7
num_cat=0
split_feature=0 0 0 0 0 0
split_gain=0.00130328 0.0052539 0.000398142 0.000122139 0.000551602 2.32691e-05
threshold=0.15000000000000005 0.25000000000000006 0.35000000000000003 0.75000000000000011 0.45000000000000007 1.0000000180025095e-35
decision_type=2 2 2 2 2 2
left_child=5 -2 -3 4 -4 -1
right_child=1 2 3 -5 -6 -7
leaf_value=0.00029957961268307611 -0.0054971353401895877 -0.0018288030240629352 -8.1334070889265233e-05 0.00033854250459180687 -0.005922134097081283 0.00056305665359375544
leaf_weight=4.1275950912386206 1.9778785922098912 1.1359139531850804 5.1918022194877258 9.1005643159151077 0.16688661777880032 17.836806014180183
leaf_count=26 24 22 36 54 14 34
internal_value=0 -0.00641875 -0.000260998 0.0011552 -0.00263235 0.00513544
internal_weight=0 17.573 15.5952 14.4593 5.35869 21.9644
internal_count=210 150 126 104 50 60
shrinkage=0.1


Tree=58
num_leaves=7
num_cat=0
split_feature=0 0 0 0 0 0
split_gain=0.00126166 0.00512536 0.000372792 0.00011622 0.000518466 2.21282e-05
threshold=0.15000000000000005 0.25000000000000006 0.35000000000000003 0.75000000000000011 0.45000000000000007 1.0000000180025095e-35
decision_type=2 2 2 2 2 2
left_child=5 -2 -3 4 -4 -1
right_child=1 2 3 -5 -6 -7
leaf_value=0.0002965183499164565 -0.0054283481216806009 -0.001767883932574682 -7.9186084032536501e-05 0.00033177646682100046 -0.0057447854238511613 0.00055341182136604903
leaf_weight=4.1293980367481735 1.9770588828250772 1.1354937348514784 5.1886888686567536 9.083804365247488 0.16671036765910674 17.83474487811327
leaf_count=26 24 22 36 54 14 34
internal_value=0 -0.00632095 -0.000232567 0.0011394 -0.00255553 0.00505114
internal_weight=0 17.5518 15.5747 14.4392 5.3554 21.9641
internal_count=210 150 126 104 50 60
shrinkage=0.1


Tree=59
num_leaves=7
num_cat=0
split_feature=0 0 0 0 0 0
split_gain=0.00122206 0.0050003 0.000348924 0.000110701 0.000487278 2.13635e-05
threshold=0.15000000000000005 0.25000000000000006 0.35000000000000003 0.75000000000000011 0.45000000000000007 1.0000000180025095e-35
decision_type=2 2 2 2 2 2
left_child=5 -2 -3 4 -4 -1
right_child=1 2 3 -5 -6 -7
leaf_value=0.00029205847480756646 -0.0053607314199131647 -0.0017087272747296053 -7.7406928571233127e-05 0.00032511463015038895 -0.00557272375965665 0.00054443302827988569
leaf_weight=4.1311769951134947 1.9762544950935996 1.1351013893727202 5.1856476701796046 9.0674821585416794 0.16654048569034774 17.83273196965456
leaf_count=26 24 22 36 54 14 34
internal_value=0 -0.00622626 -0.00020643 0.00112241 -0.00248401 0.00496964
internal_weight=0 17.531 15.5548 14.4197 5.35219 21.9639
internal_count=210 150 126 104 50 60
shrinkage=0.1


Tree=60
num_leaves=7
num_cat=0
split_feature=0 0 0 0 0 0
split_gain=0.00118602 0.00487914 0.000326661 0.000105324 0.0004583 2.06965e-05
threshold=0.15000000000000005 0.25000000000000006 0.35000000000000003 0.75000000000000011 0.45000000000000007 1.0000000180025095e-35
decision_type=2 2 2 2 2 2
left_child=5 -2 -3 4 -4 -1
right_child=1 2 3 -5 -6 -7
leaf_value=0.00028779802726102723 -0.0052949423350603514 -0.0016521837729164155 -7.5875378024833727e-05 0.00031797546653764019 -0.0054078393147154215 0.00053616144218777419
leaf_weight=4.1329123731702593 1.9754682295024402 1.134741119807585 5.182676598429679 9.0515508018434048 0.16637884161900718 17.830770291388035
leaf_count=26 24 22 36 54 14 34
internal_value=0 -0.00613884 -0.000186425 0.00110078 -0.00241723 0.00489427
internal_weight=0 17.5108 15.5353 14.4006 5.34906 21.9637
internal_count=210 150 126 104 50 60
shrinkage=0.1


Tree=61
num_leaves=7
num_cat=0
split_feature=0 0 0 0 0 0
split_gain=0.0011484 0.00476292 0.000306077 0.000100709 0.000431198 2.00126e-05
threshold=0.15000000000000005 0.25000000000000006 0.35000000000000003 0.75000000000000011 0.45000000000000007 1.0000000180025095e-35
decision_type=2 2 2 2 2 2
left_child=5 -2 -3 4 -4 -1
right_child=1 2 3 -5 -6 -7
leaf_value=0.00028323856213145884 -0.0052302175713870372 -0.0015972853243129436 -7.4283081327430488e-05 0.00031240558000054453 -0.0052485735879734211 0.00052742493248558286
leaf_weight=4.1346450522542026 1.9746969497064137 1.1344057915266592 5.1797716999426475 9.0359102487564087 0.16622380807530124 17.828850351274014
leaf_count=26 24 22 36 54 14 34
internal_value=0 -0.00604562 -0.000158741 0.00108863 -0.00235168 0.00481457
internal_weight=0 17.491 15.5163 14.3819 5.346 21.9635
internal_count=210 150 126 104 50 60
shrinkage=0.1


Tree=62
num_leaves=7
num_cat=0
split_feature=0 0 0 0 0 0
split_gain=0.00111595 0.00464893 0.00028655 9.53545e-05 0.000405874 1.89194e-05
threshold=0.15000000000000005 0.25000000000000006 0.35000000000000003 0.75000000000000011 0.45000000000000007 1.0000000180025095e-35
decision_type=2 2 2 2 2 2
left_child=5 -2 -3 4 -4 -1
right_child=1 2 3 -5 -6 -7
leaf_value=0.00028177882267562429 -0.005167065552232222 -0.001544567104870355 -7.213032619064588e-05 0.00030484185163800369 -0.0050943971733806298 0.00051916606107439906
leaf_weight=4.1363028306514051 1.9739421418635179 1.1340965291019518 5.1769344778731456 9.0206954441964626 0.16607543115969736 17.826976075768471
leaf_count=26 24 22 36 54 14 34
internal_value=0 -0.00596435 -0.000142776 0.00106548 -0.00228236 0.00474459
internal_weight=0 17.4717 15.4978 14.3637 5.34301 21.9633
internal_count=210 150 126 104 50 60
shrinkage=0.1


Tree=63
num_leaves=7
num_cat=0
split_feature=0 0 0 0 0 0
split_gain=0.00108023 0.0045409 0.000268772 9.14716e-05 0.000382221 1.85782e-05
threshold=0.15000000000000005 0.25000000000000006 0.35000000000000003 0.75000000000000011 0.45000000000000007 1.0000000180025095e-35
decision_type=2 2 2 2 2 2
left_child=5 -2 -3 4 -4 -1
right_child=1 2 3 -5 -6 -7
leaf_value=0.00027578107375609526 -0.0051051259700369382 -0.0014935635315694552 -7.0641257067229947e-05 0.00030021530394145046 -0.0049464325599202774 0.00051098047257192546
leaf_weight=4.1380225196480778 1.973201536457055 1.133808989310636 5.1741536809131494 9.0057313516736031 0.16593319678213436 17.825141817331314
leaf_count=26 24 22 36 54 14 34
internal_value=0 -0.00587268 -0.000113726 0.00105771 -0.00222147 0.00466667
internal_weight=0 17.4528 15.4796 14.3458 5.34009 21.9632
internal_count=210 150 126 104 50 60
shrinkage=0.1


Tree=64
num_leaves=7
num_cat=0
split_feature=0 0 0 0 0 0
split_gain=0.00104964 0.00443449 0.000251702 8.68858e-05 0.000360019 1.78137e-05
threshold=0.15000000000000005 0.25000000000000006 0.35000000000000003 0.75000000000000011 0.45000000000000007 1.0000000180025095e-35
decision_type=2 2 2 2 2 2
left_child=5 -2 -3 4 -4 -1
right_child=1 2 3 -5 -6 -7
leaf_value=0.00027300783995232489 -0.0050445700381241965 -0.0014441757135810764 -6.877967314247324e-05 0.00029350171031841123 -0.0048027656106301841 0.0005032827997132433
leaf_weight=4.1396321374923017 1.9724761856487028 1.1335438946261991 5.1714375792071214 8.9911961778998375 0.16579690563958127 17.823352724313736
leaf_count=26 24 22 36 54 14 34
internal_value=0 -0.00579334 -9.7063e-05 0.00103777 -0.00215837 0.0045988
internal_weight=0 17.4345 15.462 14.3284 5.33723 21.963
internal_count=210 150 126 104 50 60
shrinkage=0.1


Tree=65
num_leaves=7
num_cat=0
split_feature=0 0 0 0 0 0
split_gain=0.00101743 0.00433294 0.000236203 8.29812e-05 0.000339268 1.7061e-05
threshold=0.15000000000000005 0.25000000000000006 0.35000000000000003 0.75000000000000011 0.45000000000000007 1.0000000180025095e-35
decision_type=2 2 2 2 2 2
left_child=5 -2 -3 4 -4 -1
right_child=1 2 3 -5 -6 -7
leaf_value=0.00026980404597663651 -0.0049852179371783862 -0.0013969264128784978 -6.677259799874944e-05 0.00028844524935328554 -0.0046640981546384143 0.0004951280524649373
leaf_weight=4.1412622090429094 1.9717645173659557 1.1333020888268936 5.1687814453616729 8.9769114777445793 0.16566595493350167 17.821599915623665
leaf_count=26 24 22 36 54 14 34
internal_value=0 -0.00570799 -7.22628e-05 0.00102823 -0.00209547 0.00452642
internal_weight=0 17.4164 15.4447 14.3114 5.33445 21.9629
internal_count=210 150 126 104 50 60
shrinkage=0.1


Tree=66
num_leaves=7
num_cat=0
split_feature=0 0 0 0 0 0
split_gain=0.000988514 0.00423321 0.000221229 7.90428e-05 0.000319775 1.62857e-05
threshold=0.15000000000000005 0.25000000000000006 0.35000000000000003 0.75000000000000011 0.45000000000000007 1.0000000180025095e-35
decision_type=2 2 2 2 2 2
left_child=5 -2 -3 4 -4 -1
right_child=1 2 3 -5 -6 -7
leaf_value=0.00026744591936136872 -0.0049269477181195761 -0.0013505181292172768 -6.5145221568183533e-05 0.00028247412670664827 -0.0045301174342221888 0.00048755823736613545
leaf_weight=4.1428444031626013 1.971065909368918 1.1330756586976338 5.166180075146257 8.9630104750394821 0.16554052173160003 17.819891542196274
leaf_count=26 24 22 36 54 14 34
internal_value=0 -0.00563038 -5.50244e-05 0.00101111 -0.00203775 0.00446038
internal_weight=0 17.3989 15.4278 14.2947 5.33172 21.9627
internal_count=210 150 126 104 50 60
shrinkage=0.1


Tree=67
num_leaves=7
num_cat=0
split_feature=0 0 0 0 0 0
split_gain=0.000960614 0.00413677 0.000207358 7.51019e-05 0.000301528 1.56183e-05
threshold=0.15000000000000005 0.25000000000000006 0.35000000000000003 0.75000000000000011 0.45000000000000007 1.0000000180025095e-35
decision_type=2 2 2 2 2 2
left_child=5 -2 -3 4 -4 -1
right_child=1 2 3 -5 -6 -7
leaf_value=0.00026472598940398501 -0.0048699205662908395 -0.0013060508868140376 -6.3059703614615228e-05 0.00027648737914937781 -0.0044003462586505188 0.00048024976600094814
leaf_weight=4.1444306541234281 1.97038045921363 1.132870157714932 5.163634914904832 8.9493866562843323 0.16541946749202896 17.818215295672417
leaf_count=26 24 22 36 54 14 34
internal_value=0 -0.0055543 -3.80979e-05 0.000995117 -0.00197694 0.0043958
internal_weight=0 17.3817 15.4113 14.2784 5.32905 21.9626
internal_count=210 150 126 104 50 60
shrinkage=0.1


Tree=68
num_leaves=7
num_cat=0
split_feature=0 0 0 0 0 0
split_gain=0.000932768 0.00404372 0.000194616 7.15258e-05 0.000284479 1.52426e-05
threshold=0.15000000000000005 0.25000000000000006 0.35000000000000003 0.75000000000000011 0.45000000000000007 1.0000000180025095e-35
decision_type=2 2 2 2 2 2
left_child=5 -2 -3 4 -4 -1
right_child=1 2 3 -5 -6 -7
leaf_value=0.00026034911100822268 -0.0048139470917546896 -0.0012635195635755739 -6.0936853084778946e-05 0.00027122717437544759 -0.0042752847597228106 0.0004732331856558178
leaf_weight=4.1460258066654232 1.9697076909942561 1.1326808591838915 5.1611430374905458 8.9360165372490883 0.16530339722521592 17.816576264798641
leaf_count=26 24 22 36 54 14 34
internal_value=0 -0.00547702 -1.86402e-05 0.000983328 -0.00191727 0.00433046
internal_weight=0 17.3649 15.3951 14.2625 5.32645 21.9626
internal_count=210 150 126 104 50 60
shrinkage=0.1


Tree=69
num_leaves=7
num_cat=0
split_feature=0 0 0 0 0 0
split_gain=0.000904627 0.00395413 0.000182752 6.85881e-05 0.000268461 1.44838e-05
threshold=0.15000000000000005 0.25000000000000006 0.35000000000000003 0.75000000000000011 0.45000000000000007 1.0000000180025095e-35
decision_type=2 2 2 2 2 2
left_child=5 -2 -3 4 -4 -1
right_child=1 2 3 -5 -6 -7
leaf_value=0.00025804832290861655 -0.0047590104900164416 -0.0012221883620655968 -5.9335915457204312e-05 0.00026713119353053837 -0.0041546762464572881 0.00046553611991007309
leaf_weight=4.1475862357765463 1.9690472754882657 1.132507950067519 5.1587176071479908 8.9229148104786873 0.16519243118818838 17.814964972436428
leaf_count=26 24 22 36 54 14 34
internal_value=0 -0.00539744 4.57272e-06 0.000976478 -0.00186408 0.00426352
internal_weight=0 17.3484 15.3793 14.2468 5.32391 21.9626
internal_count=210 150 126 104 50 60
shrinkage=0.1


Tree=70
num_leaves=7
num_cat=0
split_feature=0 0 0 0 0 0
split_gain=0.000879585 0.00386641 0.000171275 6.52888e-05 0.000253346 1.39934e-05
threshold=0.15000000000000005 0.25000000000000006 0.35000000000000003 0.75000000000000011 0.45000000000000007 1.0000000180025095e-35
decision_type=2 2 2 2 2 2
left_child=5 -2 -3 4 -4 -1
right_child=1 2 3 -5 -6 -7
leaf_value=0.00025490660239294786 -0.0047053072578761247 -0.0011816505231067686 -5.7490800144800759e-05 0.00026172820685355476 -0.0040371491813483013 0.00045882305436022446
leaf_weight=4.1491023041307953 1.9683992892969406 1.1323486599139858 5.1563303694128981 8.9101955033838749 0.16508522711228568 17.813397221267223
leaf_count=26 24 22 36 54 14 34
internal_value=0 -0.00532578 2.02382e-05 0.000962037 -0.00180951 0.004203
internal_weight=0 17.3324 15.364 14.2316 5.32142 21.9625
internal_count=210 150 126 104 50 60
shrinkage=0.1


Tree=71
num_leaves=7
num_cat=0
split_feature=0 0 0 0 0 0
split_gain=0.000854687 0.0037816 0.00016086 6.24752e-05 0.000239139 1.3594e-05
threshold=0.15000000000000005 0.25000000000000006 0.35000000000000003 0.75000000000000011 0.45000000000000007 1.0000000180025095e-35
decision_type=2 2 2 2 2 2
left_child=5 -2 -3 4 -4 -1
right_child=1 2 3 -5 -6 -7
leaf_value=0.0002512235542309616 -0.0046525560817150665 -0.001143364647716152 -5.6017820240739624e-05 0.00025722771669673517 -0.003923685503832086 0.00045218046453396039
leaf_weight=4.1506130322814014 1.9677623469615362 1.1322073859628279 5.1539986934512845 8.8977062366902828 0.1649819635786115 17.811860218644142
leaf_count=26 24 22 36 54 14 34
internal_value=0 -0.0052533 3.78904e-05 0.000951476 -0.00175984 0.00414202
internal_weight=0 17.3167 15.3489 14.2167 5.31898 21.9625
internal_count=210 150 126 104 50 60
shrinkage=0.1


Tree=72
num_leaves=7
num_cat=0
split_feature=0 0 0 0 0 0
split_gain=0.00083137 0.00369892 0.000150855 5.96017e-05 0.000225799 1.31674e-05
threshold=0.15000000000000005 0.25000000000000006 0.35000000000000003 0.75000000000000011 0.45000000000000007 1.0000000180025095e-35
decision_type=2 2 2 2 2 2
left_child=5 -2 -3 4 -4 -1
right_child=1 2 3 -5 -6 -7
leaf_value=0.00024804779043741945 -0.0046008012782983313 -0.0011056717979942086 -5.4433387173246966e-05 0.00025227738964651489 -0.0038137958337602952 0.0004457995884473826
leaf_weight=4.1520859077572849 1.9671367418486632 1.1320803128182877 5.1517172222957006 8.8854891620576382 0.16488300869241346 17.810349836945534
leaf_count=26 24 22 36 54 14 34
internal_value=0 -0.00518444 5.25905e-05 0.000938138 -0.00171022 0.00408414
internal_weight=0 17.3013 15.3342 14.2021 5.3166 21.9624
internal_count=210 150 126 104 50 60
shrinkage=0.1


Tree=73
num_leaves=7
num_cat=0
split_feature=0 0 0 0 0 0
split_gain=0.000808073 0.00361903 0.000141664 5.69036e-05 0.000213305 1.24428e-05
threshold=0.15000000000000005 0.25000000000000006 0.35000000000000003 0.75000000000000011 0.45000000000000007 1.0000000180025095e-35
decision_type=2 2 2 2 2 2
left_child=5 -2 -3 4 -4 -1
right_child=1 2 3 -5 -6 -7
leaf_value=0.00024669522987857951 -0.0045499653936313276 -0.0010696196756703731 -5.260060931851313e-05 0.00024783421690477067 -0.0037075167175700343 0.00043890335265996371
leaf_weight=4.1535441819578436 1.9665226705837999 1.1319646085612465 5.1494795968756071 8.8734981529414654 0.16478795686271033 17.808875657618046
leaf_count=26 24 22 36 54 14 34
internal_value=0 -0.00511449 6.95606e-05 0.000928502 -0.00165934 0.00402553
internal_weight=0 17.2863 15.3197 14.1878 5.31427 21.9624
internal_count=210 150 126 104 50 60
shrinkage=0.1


Tree=74
num_leaves=7
num_cat=0
split_feature=0 0 0 0 0 0
split_gain=0.000785855 0.00354155 0.000133047 5.41482e-05 0.000201575 1.20084e-05
threshold=0.15000000000000005 0.25000000000000006 0.35000000000000003 0.75000000000000011 0.45000000000000007 1.0000000180025095e-35
decision_type=2 2 2 2 2 2
left_child=5 -2 -3 4 -4 -1
right_child=1 2 3 -5 -6 -7
leaf_value=0.00024380486499037715 -0.0045002057649540681 -0.0010348122652013611 -5.0424553487044503e-05 0.00024316625361251649 -0.003604410715152355 0.0004326025711153329
leaf_weight=4.1550005301833179 1.9659188186051333 1.1318614383926604 5.1472849100828162 8.8617907986044884 0.16469613614026446 17.807427644729614
leaf_count=26 24 22 36 54 14 34
internal_value=0 -0.00504679 8.5225e-05 0.000918391 -0.00160615 0.00396885
internal_weight=0 17.2716 15.3056 14.1738 5.31198 21.9624
internal_count=210 150 126 104 50 60
shrinkage=0.1


Tree=75
num_leaves=7
num_cat=0
split_feature=0 0 0 0 0 0
split_gain=0.000764256 0.00346601 0.000124806 5.18129e-05 0.00019047 1.1563e-05
threshold=0.15000000000000005 0.25000000000000006 0.35000000000000003 0.75000000000000011 0.45000000000000007 1.0000000180025095e-35
decision_type=2 2 2 2 2 2
left_child=5 -2 -3 4 -4 -1
right_child=1 2 3 -5 -6 -7
leaf_value=0.00024111903602619638 -0.0044511422756306988 -0.001000442474496154 -4.8997492466063065e-05 0.00023900018242676094 -0.0035046251176294139 0.00042635751645788561
leaf_weight=4.1564437597990063 1.9653243398061027 1.1317689602728922 5.1451419880613676 8.8503098785877228 0.16460778331384052 17.806007511913776
leaf_count=26 24 22 36 54 14 34
internal_value=0 -0.00497995 0.000100687 0.000908356 -0.00156126 0.00391301
internal_weight=0 17.2572 15.2918 14.1601 5.30975 21.9625
internal_count=210 150 126 104 50 60
shrinkage=0.1


Tree=76
num_leaves=7
num_cat=0
split_feature=0 0 0 0 0 0
split_gain=0.000743126 0.00339302 0.000117236 4.95322e-05 0.000180072 1.13881e-05
threshold=0.15000000000000005 0.25000000000000006 0.35000000000000003 0.75000000000000011 0.45000000000000007 1.0000000180025095e-35
decision_type=2 2 2 2 2 2
left_child=5 -2 -3 4 -4 -1
right_child=1 2 3 -5 -6 -7
leaf_value=0.00023675610973275139 -0.0044031020164616965 -0.00096770168009483555 -4.7260291920395054e-05 0.00023503414716731765 -0.0034080984521865049 0.00042056415692812442
leaf_weight=4.1578697618097094 1.9647407963639132 1.1316871742019419 5.143038514070212 8.83907550573349 0.16452289337757964 17.80461585521698
leaf_count=26 24 22 36 54 14 34
internal_value=0 -0.0049135 0.000116883 0.000900364 -0.00151439 0.00385766
internal_weight=0 17.2431 15.2783 14.1466 5.30756 21.9625
internal_count=210 150 126 104 50 60
shrinkage=0.1


Tree=77
num_leaves=7
num_cat=0
split_feature=0 0 0 0 0 0
split_gain=0.000722886 0.00332181 0.000110164 4.72795e-05 0.000170245 1.09113e-05
threshold=0.15000000000000005 0.25000000000000006 0.35000000000000003 0.75000000000000011 0.45000000000000007 1.0000000180025095e-35
decision_type=2 2 2 2 2 2
left_child=5 -2 -3 4 -4 -1
right_child=1 2 3 -5 -6 -7
leaf_value=0.00023456323401138871 -0.0043558132122270858 -0.00093620959810689823 -4.5423830643280797e-05 0.00023098308562256582 -0.0033140790731836832 0.00041445982253379926
leaf_weight=4.1592488866299417 1.9641666314564652 1.1316168520133931 5.1409837482497087 8.82806396484375 0.16444089985452581 17.80325274169445
leaf_count=26 24 22 36 54 14 34
internal_value=0 -0.00484892 0.00013181 0.000891953 -0.00146735 0.00380391
internal_weight=0 17.2293 15.2651 14.1335 5.30542 21.9625
internal_count=210 150 126 104 50 60
shrinkage=0.1


Tree=78
num_leaves=7
num_cat=0
split_feature=0 0 0 0 0 0
split_gain=0.000703087 0.003253 0.000103412 4.54041e-05 0.00016099 1.04327e-05
threshold=0.15000000000000005 0.25000000000000006 0.35000000000000003 0.75000000000000011 0.45000000000000007 1.0000000180025095e-35
decision_type=2 2 2 2 2 2
left_child=5 -2 -3 4 -4 -1
right_child=1 2 3 -5 -6 -7
leaf_value=0.00023249891423383963 -0.0043095222616275266 -0.00090508652584554521 -4.4225217017381446e-05 0.00022752214078420588 -0.0032235474399033752 0.00040838304713409709
leaf_weight=4.1606147065758732 1.9636024910723795 1.1315554835600767 5.138969578780233 8.8172891363501549 0.16436254116706539 17.801916882395744
leaf_count=26 24 22 36 54 14 34
internal_value=0 -0.00478475 0.000147435 0.00088454 -0.0014276 0.00375063
internal_weight=0 17.2158 15.2522 14.1206 5.30333 21.9625
internal_count=210 150 126 104 50 60
shrinkage=0.1


Tree=79
num_leaves=7
num_cat=0
split_feature=0 0 0 0 0 0
split_gain=0.000684255 0.00318576 9.71105e-05 4.33637e-05 0.000152317 9.97353e-06
threshold=0.15000000000000005 0.25000000000000006 0.35000000000000003 0.75000000000000011 0.45000000000000007 1.0000000180025095e-35
decision_type=2 2 2 2 2 2
left_child=5 -2 -3 4 -4 -1
right_child=1 2 3 -5 -6 -7
leaf_value=0.00023055936649170645 -0.0042639539749829208 -0.00087522999596026168 -4.2491814152057956e-05 0.00022364071518954538 -0.0031356899754305468 0.00040250843507328143
leaf_weight=4.1619553286582258 1.9630472091957931 1.131503409706055 5.1369901858270159 8.806773129850626 0.16428711044136424 17.800607338547707
leaf_count=26 24 22 36 54 14 34
internal_value=0 -0.00472286 0.000161287 0.00087618 -0.0013835 0.00369924
internal_weight=0 17.2026 15.2396 14.1081 5.30128 21.9626
internal_count=210 150 126 104 50 60
shrinkage=0.1


Tree=80
num_leaves=7
num_cat=0
split_feature=0 0 0 0 0 0
split_gain=0.000666873 0.00311989 9.12387e-05 4.095e-05 0.000144146 9.80139e-06
threshold=0.15000000000000005 0.25000000000000006 0.35000000000000003 0.75000000000000011 0.45000000000000007 1.0000000180025095e-35
decision_type=2 2 2 2 2 2
left_child=5 -2 -3 4 -4 -1
right_child=1 2 3 -5 -6 -7
leaf_value=0.0002269909777436538 -0.0042191697535707848 -0.00084682974945931113 -3.9829952256131127e-05 0.00021879515653968663 -0.0030495914770628796 0.0003974287556053628
leaf_weight=4.1632885653525618 1.9625003113178545 1.1314589430112381 5.1350424513220778 8.7964805737137794 0.16421321453526605 17.799330241978168
leaf_count=26 24 22 36 54 14 34
internal_value=0 -0.00466498 0.000171511 0.000865024 -0.00133096 0.0036512
internal_weight=0 17.1897 15.2272 14.0957 5.29926 21.9626
internal_count=210 150 126 104 50 60
shrinkage=0.1


Tree=81
num_leaves=7
num_cat=0
split_feature=0 0 0 0 0 0
split_gain=0.000648894 0.0030566 8.57125e-05 3.9474e-05 0.000136377 9.35884e-06
threshold=0.15000000000000005 0.25000000000000006 0.35000000000000003 0.75000000000000011 0.45000000000000007 1.0000000180025095e-35
decision_type=2 2 2 2 2 2
left_child=5 -2 -3 4 -4 -1
right_child=1 2 3 -5 -6 -7
leaf_value=0.00022514138193922918 -0.0041752208534075489 -0.00081878527506702335 -3.8997847657144833e-05 0.00021587626058893516 -0.0029671585663832763 0.00039166645933236607
leaf_weight=4.1646207310259369 1.9619629838271071 1.1314229551935557 5.1331601999700061 8.7863069772720337 0.16414282680489112 17.798060342669487
leaf_count=26 24 22 36 54 14 34
internal_value=0 -0.00460411 0.000186094 0.000858825 -0.0012973 0.0036009
internal_weight=0 17.177 15.215 14.0836 5.2973 21.9627
internal_count=210 150 126 104 50 60
shrinkage=0.1


Tree=82
num_leaves=7
num_cat=0
split_feature=0 0 0 0 0 0
split_gain=0.000631425 0.00299517 8.0495e-05 3.76047e-05 0.000129148 9.13337e-06
threshold=0.15000000000000005 0.25000000000000006 0.35000000000000003 0.75000000000000011 0.45000000000000007 1.0000000180025095e-35
decision_type=2 2 2 2 2 2
left_child=5 -2 -3 4 -4 -1
right_child=1 2 3 -5 -6 -7
leaf_value=0.00022184774887283205 -0.0041320924501333295 -0.00079142734419948991 -3.6833721791676115e-05 0.00021229187985121806 -0.0028869121312060713 0.00038633484002912287
leaf_weight=4.1659281197935369 1.96143455663696 1.1313939485698927 5.1312989639118305 8.7763891108334064 0.16407507075928141 17.796823255717754
leaf_count=26 24 22 36 54 14 34
internal_value=0 -0.0045441 0.000200659 0.000853113 -0.00125142 0.00355135
internal_weight=0 17.1646 15.2032 14.0718 5.29537 21.9628
internal_count=210 150 126 104 50 60
shrinkage=0.1


Tree=83
num_leaves=7
num_cat=0
split_feature=0 0 0 0 0 0
split_gain=0.000616233 0.00293423 7.55654e-05 3.58313e-05 0.000122223 8.66925e-06
threshold=0.15000000000000005 0.25000000000000006 0.35000000000000003 0.75000000000000011 0.45000000000000007 1.0000000180025095e-35
decision_type=2 2 2 2 2 2
left_child=5 -2 -3 4 -4 -1
right_child=1 2 3 -5 -6 -7
leaf_value=0.00022093345605768834 -0.0040895914205357669 -0.00076546840251874603 -3.5484289504504592e-05 0.00020808104738720859 -0.0028086513241367497 0.00038116801907987682
leaf_weight=4.1671988591551807 1.9609135310165593 1.1313733520219091 5.1294867787510148 8.766668189316988 0.1640092177549376 17.795606426894665
leaf_count=26 24 22 36 54 14 34
internal_value=0 -0.0044914 0.000207672 0.000840329 -0.00121406 0.00350765
internal_weight=0 17.1525 15.1915 14.0602 5.2935 21.9628
internal_count=210 150 126 104 50 60
shrinkage=0.1


Tree=84
num_leaves=7
num_cat=0
split_feature=0 0 0 0 0 0
split_gain=0.000600056 0.0028758 7.09962e-05 3.44886e-05 0.000115694 8.45284e-06
threshold=0.15000000000000005 0.25000000000000006 0.35000000000000003 0.75000000000000011 0.45000000000000007 1.0000000180025095e-35
decision_type=2 2 2 2 2 2
left_child=5 -2 -3 4 -4 -1
right_child=1 2 3 -5 -6 -7
leaf_value=0.00021788602747001325 -0.0040478216515561676 -0.00074002210924897045 -3.452691405157951e-05 0.000205220882866733 -0.0027331261180197439 0.00037608902656333001
leaf_weight=4.168497862294319 1.9604007388697944 1.1313620009459544 5.1277113454416385 8.7570959851145744 0.16394590400159348 17.794401973485947
leaf_count=26 24 22 36 54 14 34
internal_value=0 -0.00443427 0.000220537 0.000834245 -0.00118135 0.00346063
internal_weight=0 17.1405 15.1801 14.0488 5.29166 21.9629
internal_count=210 150 126 104 50 60
shrinkage=0.1


Tree=85
num_leaves=7
num_cat=0
split_feature=0 0 0 0 0 0
split_gain=0.00058372 0.00281916 6.67565e-05 3.30732e-05 0.000109553 8.00178e-06
threshold=0.15000000000000005 0.25000000000000006 0.35000000000000003 0.75000000000000011 0.45000000000000007 1.0000000180025095e-35
decision_type=2 2 2 2 2 2
left_child=5 -2 -3 4 -4 -1
right_child=1 2 3 -5 -6 -7
leaf_value=0.00021656911248158341 -0.0040066467348406952 -0.00071537109540393325 -3.2879288325790091e-05 0.00020249801030337118 -0.0026593704187852802 0.00037047531510905375
leaf_weight=4.1697607338428524 1.9598954354878522 1.1313548046164204 5.1259568789973846 8.7477301917970181 0.16388465394265939 17.793230272829533
leaf_count=26 24 22 36 54 14 34
internal_value=0 -0.00437562 0.000235805 0.000831362 -0.00114251 0.00341256
internal_weight=0 17.1288 15.1689 14.0376 5.28984 21.963
internal_count=210 150 126 104 50 60
shrinkage=0.1


Tree=86
num_leaves=7
num_cat=0
split_feature=0 0 0 0 0 0
split_gain=0.000569864 0.00276307 6.27244e-05 9.48142e-05 4.03827e-05 7.79047e-06
threshold=0.15000000000000005 0.25000000000000006 0.75000000000000011 0.45000000000000007 0.35000000000000003 1.0000000180025095e-35
decision_type=2 2 2 2 2 2
left_child=5 -2 3 4 -3 -1
right_child=1 2 -4 -5 -6 -7
leaf_value=0.00021410938649861797 -0.0039663038454684132 -0.00069162908894879183 0.00019859522150182473 -0.0025879225690079908 -3.1516644919933884e-05 0.00036595246450772423
leaf_weight=4.170999106019738 1.9593985237879683 1.1313553232466791 8.7386105582118034 0.16382570296991605 5.1242378568276763 17.792078383266926
leaf_count=26 24 22 54 14 36 34
internal_value=0 -0.00432546 0.000242446 -0.00213095 -0.00150901 0.00337116
internal_weight=0 17.1174 15.158 6.41942 6.25559 21.9631
internal_count=210 150 126 72 58 60
shrinkage=0.1


Tree=87
num_leaves=7
num_cat=0
split_feature=0 0 0 0 0 0
split_gain=0.000554431 0.00270966 5.96389e-05 8.99319e-05 3.78379e-05 7.5111e-06
threshold=0.15000000000000005 0.25000000000000006 0.75000000000000011 0.45000000000000007 0.35000000000000003 1.0000000180025095e-35
decision_type=2 2 2 2 2 2
left_child=5 -2 3 4 -3 -1
right_child=1 2 -4 -5 -6 -7
leaf_value=0.00021169739545004096 -0.003926634465971926 -0.00066848685933927989 0.00019588833563604767 -0.0025189436178780912 -2.9493790507290568e-05 0.00036077586622017152
leaf_weight=4.1722462475299862 1.9589093393879018 1.1313575862441201 8.7296093367040157 0.1637693621451034 5.1225473703816533 17.790945760905743
leaf_count=26 24 22 54 14 36 34
internal_value=0 -0.00426851 0.000257552 -0.00205667 -0.0014509 0.00332456
internal_weight=0 17.1062 15.1473 6.41767 6.2539 21.9632
internal_count=210 150 126 72 58 60
shrinkage=0.1


Tree=88
num_leaves=7
num_cat=0
split_feature=0 0 0 0 0 0
split_gain=0.000541277 0.00265634 5.67949e-05 8.52127e-05 3.53181e-05 7.28148e-06
threshold=0.15000000000000005 0.25000000000000006 0.75000000000000011 0.45000000000000007 0.35000000000000003 1.0000000180025095e-35
decision_type=2 2 2 2 2 2
left_child=5 -2 3 4 -3 -1
right_child=1 2 -4 -5 -6 -7
leaf_value=0.00020954988137504194 -0.0038874656103891378 -0.00064609010887648507 0.00019256681998047927 -0.0024515543200309023 -2.8724898173479023e-05 0.00035631558958965607
leaf_weight=4.1734563726931837 1.95842631708365 1.1313690574606869 8.7208203040063381 0.16371435706969339 5.1209014086052775 17.789832144975662
leaf_count=26 24 22 54 14 36 34
internal_value=0 -0.00421953 0.000264205 -0.00199411 -0.00140439 0.00328427
internal_weight=0 17.0952 15.1368 6.41598 6.25227 21.9633
internal_count=210 150 126 72 58 60
shrinkage=0.1


Tree=89
num_leaves=7
num_cat=0
split_feature=0 0 0 0 0 0
split_gain=0.00052673 0.00260575 5.41261e-05 8.0801e-05 3.30442e-05 7.06004e-06
threshold=0.15000000000000005 0.25000000000000006 0.75000000000000011 0.45000000000000007 0.35000000000000003 1.0000000180025095e-35
decision_type=2 2 2 2 2 2
left_child=5 -2 3 4 -3 -1
right_child=1 2 -4 -5 -6 -7
leaf_value=0.00020689110696734143 -0.0038491186954864275 -0.00062422126899457976 0.00019019950352389147 -0.0023859930915157805 -2.7046565216748362e-05 0.00035139181975168613
leaf_weight=4.1746679041534689 1.9579518274404117 1.1313840204384167 8.7121677808463573 0.16366122441831965 5.1192780993878841 17.788737297058105
leaf_count=26 24 22 54 14 36 34
internal_value=0 -0.00416433 0.00027889 -0.00192567 -0.00135137 0.00323926
internal_weight=0 17.0844 15.1265 6.41432 6.25066 21.9634
internal_count=210 150 126 72 58 60
shrinkage=0.1


Tree=90
num_leaves=7
num_cat=0
split_feature=0 0 0 0 0 0
split_gain=0.000514281 0.00255522 5.11717e-05 7.66473e-05 3.09609e-05 6.81858e-06
threshold=0.15000000000000005 0.25000000000000006 0.75000000000000011 0.45000000000000007 0.35000000000000003 1.0000000180025095e-35
decision_type=2 2 2 2 2 2
left_child=5 -2 3 4 -3 -1
right_child=1 2 -4 -5 -6 -7
leaf_value=0.00020502263234779616 -0.0038112280537562038 -0.0006032494699964423 0.00018648527955605012 -0.0023224299721600161 -2.5194289404779214e-05 0.00034701555185026551
leaf_weight=4.1758365463465479 1.9574832256184898 1.1314039239659894 8.7037245370447636 0.16361031972337503 5.1176870325580239 17.787666872143745
leaf_count=26 24 22 54 14 36 34
internal_value=0 -0.00411665 0.000285575 -0.00185792 -0.00129852 0.00320019
internal_weight=0 17.0739 15.1164 6.4127 6.24909 21.9635
internal_count=210 150 126 72 58 60
shrinkage=0.1


Tree=91
num_leaves=7
num_cat=0
split_feature=0 0 0 0 0 0
split_gain=0.00050177 0.00250631 4.8742e-05 7.26699e-05 2.89468e-05 6.6219e-06
threshold=0.15000000000000005 0.25000000000000006 0.75000000000000011 0.45000000000000007 0.35000000000000003 1.0000000180025095e-35
decision_type=2 2 2 2 2 2
left_child=5 -2 3 4 -3 -1
right_child=1 2 -4 -5 -6 -7
leaf_value=0.00020274111964187384 -0.0037739905921609796 -0.00058303229672885127 0.00018364621197499684 -0.0022605655489250382 -2.4085214483087429e-05 0.00034265589588287448
leaf_weight=4.1770151816308525 1.9570216973079377 1.1314295524498437 8.6953937150537968 0.16356048895977426 5.1161344982683659 17.786608628928661
leaf_count=26 24 22 54 14 36 34
internal_value=0 -0.00406805 0.000294081 -0.00179785 -0.0012531 0.00316047
internal_weight=0 17.0635 15.1065 6.41112 6.24756 21.9636
internal_count=210 150 126 72 58 60
shrinkage=0.1


Tree=92
num_leaves=7
num_cat=0
split_feature=0 0 0 0 0 0
split_gain=0.000489025 0.00245903 4.67606e-05 6.88929e-05 2.70377e-05 6.3495e-06
threshold=0.15000000000000005 0.25000000000000006 0.75000000000000011 0.45000000000000007 0.35000000000000003 1.0000000180025095e-35
decision_type=2 2 2 2 2 2
left_child=5 -2 3 4 -3 -1
right_child=1 2 -4 -5 -6 -7
leaf_value=0.00020102087582722205 -0.0037373647855351109 -0.00056367902407267602 0.00018169070511824044 -0.0022006538481502903 -2.3470099528469515e-05 0.00033801297083621952
leaf_weight=4.1781778484582928 1.956567142391578 1.1314628932159383 8.6872107833623886 0.16351298848167051 5.1146177686750889 17.785560600459576
leaf_count=26 24 22 54 14 36 34
internal_value=0 -0.00401778 0.000305182 -0.00174373 -0.00121328 0.00311953
internal_weight=0 17.0534 15.0968 6.40959 6.24608 21.9637
internal_count=210 150 126 72 58 60
shrinkage=0.1


Tree=93
num_leaves=7
num_cat=0
split_feature=0 0 0 0 0 0
split_gain=0.000477345 0.00241254 4.40789e-05 6.54082e-05 2.53366e-05 6.09694e-06
threshold=0.15000000000000005 0.25000000000000006 0.75000000000000011 0.45000000000000007 0.35000000000000003 1.0000000180025095e-35
decision_type=2 2 2 2 2 2
left_child=5 -2 3 4 -3 -1
right_child=1 2 -4 -5 -6 -7
leaf_value=0.00019946962911118537 -0.0037013206956910275 -0.00054413978253404214 0.00017815397741947816 -0.0021422866657571354 -2.1192860029955881e-05 0.00033369563172347557
leaf_weight=4.179311171174052 1.9561191516695553 1.1314934539841477 8.679232195019722 0.16346733079990361 5.1131058847531676 17.784544304013252
leaf_count=26 24 22 54 14 36 34
internal_value=0 -0.00397117 0.000312842 -0.0016764 -0.00115949 0.00308155
internal_weight=0 17.0434 15.0873 6.40807 6.2446 21.9639
internal_count=210 150 126 72 58 60
shrinkage=0.1


Tree=94
num_leaves=7
num_cat=0
split_feature=0 0 0 0 0 0
split_gain=0.000466185 0.00236718 4.20542e-05 6.20609e-05 2.36122e-05 5.88466e-06
threshold=0.15000000000000005 0.25000000000000006 0.75000000000000011 0.45000000000000007 0.35000000000000003 1.0000000180025095e-35
decision_type=2 2 2 2 2 2
left_child=5 -2 3 4 -3 -1
right_child=1 2 -4 -5 -6 -7
leaf_value=0.00019772200198086632 -0.0036658978942536338 -0.00052533433512241259 0.00017550054395729998 -0.0020860630344944177 -2.0490077516873924e-05 0.00032957665706545369
leaf_weight=4.1804542522877481 1.9556776840472598 1.1315311475191254 8.671365711838007 0.16342314862413321 5.1116416538134217 17.783533163368702
leaf_count=26 24 22 54 14 36 34
internal_value=0 -0.00392609 0.000319505 -0.00162345 -0.0011199 0.0030448
internal_weight=0 17.0336 15.078 6.4066 6.24317 21.964
internal_count=210 150 126 72 58 60
shrinkage=0.1


Tree=95
num_leaves=7
num_cat=0
split_feature=0 0 0 0 0 0
split_gain=0.000454969 0.00232297 3.98596e-05 5.88934e-05 2.21196e-05 5.62958e-06
threshold=0.15000000000000005 0.25000000000000006 0.75000000000000011 0.45000000000000007 0.35000000000000003 1.0000000180025095e-35
decision_type=2 2 2 2 2 2
left_child=5 -2 3 4 -3 -1
right_child=1 2 -4 -5 -6 -7
leaf_value=0.00019634382171330078 -0.0036308865086952706 -0.00050738282646586939 0.0001726034418593885 -0.0020306239784949609 -1.8750004040210727e-05 0.0003252956109591024
leaf_weight=4.1815892215818193 1.9552418711828077 1.1315705402521405 8.6636377312242985 0.16337988025043149 5.1101931845769286 17.782543271780014
leaf_count=26 24 22 54 14 36 34
internal_value=0 -0.00388017 0.000327601 -0.00156393 -0.00107334 0.00300745
internal_weight=0 17.024 15.0688 6.40514 6.24176 21.9641
internal_count=210 150 126 72 58 60
shrinkage=0.1


Tree=96
num_leaves=7
num_cat=0
split_feature=0 0 0 0 0 0
split_gain=0.000442944 0.00228064 3.82652e-05 5.58889e-05 2.06299e-05 5.57248e-06
threshold=0.15000000000000005 0.25000000000000006 0.75000000000000011 0.45000000000000007 0.35000000000000003 1.0000000180025095e-35
decision_type=2 2 2 2 2 2
left_child=5 -2 3 4 -3 -1
right_child=1 2 -4 -5 -6 -7
leaf_value=0.00019284203117541504 -0.0035964800783221881 -0.00048974292572113943 0.00017121549272441992 -0.0019772443342488985 -1.7846514706916263e-05 0.00032112469757523385
leaf_weight=4.1827331017702845 1.9548123092390604 1.1316156802931789 8.656042106449604 0.16333832405507551 5.1087774755433202 17.781563118100166
leaf_count=26 24 22 54 14 36 34
internal_value=0 -0.00383008 0.000341117 -0.00151214 -0.00103419 0.00296695
internal_weight=0 17.0146 15.0598 6.40373 6.24039 21.9643
internal_count=210 150 126 72 58 60
shrinkage=0.1


Tree=97
num_leaves=7
num_cat=0
split_feature=0 0 0 0 0 0
split_gain=0.000432745 0.00223849 3.6323e-05 5.30549e-05 1.93092e-05 5.31947e-06
threshold=0.15000000000000005 0.25000000000000006 0.75000000000000011 0.45000000000000007 0.35000000000000003 1.0000000180025095e-35
decision_type=2 2 2 2 2 2
left_child=5 -2 3 4 -3 -1
right_child=1 2 -4 -5 -6 -7
leaf_value=0.00019176398014491343 -0.0035626350741447483 -0.00047300139221130171 0.00016837777776043341 -0.001925188761516047 -1.6457302450734639e-05 0.00031708818665776675
leaf_weight=4.1838079486042288 1.9543890482746074 1.1316640564473335 8.6486388221383095 0.16329859127290536 5.1073873369023204 17.780607171356678
leaf_count=26 24 22 54 14 36 34
internal_value=0 -0.00378718 0.00034717 -0.00145839 -0.000992671 0.00293216
internal_weight=0 17.0054 15.051 6.40235 6.23905 21.9644
internal_count=210 150 126 72 58 60
shrinkage=0.1


Tree=98
num_leaves=7
num_cat=0
split_feature=0 0 0 0 0 0
split_gain=0.000422514 0.0021975 3.45623e-05 5.03664e-05 1.80297e-05 5.09352e-06
threshold=0.15000000000000005 0.25000000000000006 0.75000000000000011 0.45000000000000007 0.35000000000000003 1.0000000180025095e-35
decision_type=2 2 2 2 2 2
left_child=5 -2 3 4 -3 -1
right_child=1 2 -4 -5 -6 -7
leaf_value=0.000190423619304814 -0.0035292657550812494 -0.00045640766952405261 0.00016591413284659665 -0.0018745522073311009 -1.5245177596908229e-05 0.00031304498769593085
leaf_weight=4.1848914679139879 1.9539710810640831 1.1317140638129775 8.6413573026657104 0.16325985582079727 5.1060196226462722 17.779665485024452
leaf_count=26 24 22 54 14 36 34
internal_value=0 -0.00374361 0.000354545 -0.00140666 -0.000952854 0.00289682
internal_weight=0 16.9963 15.0424 6.40099 6.23773 21.9646
internal_count=210 150 126 72 58 60
shrinkage=0.1


Tree=99
num_leaves=7
num_cat=0
split_feature=0 0 0 0 0 0
split_gain=0.000412702 0.00215749 3.28152e-05 4.78139e-05 1.68795e-05 5.00642e-06
threshold=0.15000000000000005 0.25000000000000006 0.75000000000000011 0.45000000000000007 0.35000000000000003 1.0000000180025095e-35
decision_type=2 2 2 2 2 2
left_child=5 -2 3 4 -3 -1
right_child=1 2 -4 -5 -6 -7
leaf_value=0.00018786542287675689 -0.0034964448865458051 -0.00044066347777544762 0.00016331315229247721 -0.0018250628030918585 -1.380332922128493e-05 0.00030942179665567447
leaf_weight=4.1859723664820221 1.9535593470791359 1.1317664762027551 8.6342108398675919 0.16322228009812523 5.1046770354732871 17.778736360371113
leaf_count=26 24 22 54 14 36 34
internal_value=0 -0.00370127 0.000361184 -0.00135488 -0.000912683 0.00286256
internal_weight=0 16.9874 15.0339 6.39967 6.23644 21.9647
internal_count=210 150 126 72 58 60
shrinkage=0.1


end of trees

feature importances:
geographical=600

parameters:
[boosting: gbdt]
[objective: lambdarank]
[metric: ndcg]
[tree_learner: serial]
[device_type: cpu]
[data: ]
[valid: ]
[num_iterations: 100]
[learning_rate: 0.1]
[num_leaves: 16]
[num_threads: -1]
[max_depth: -1]
[min_data_in_leaf: 5]
[min_sum_hessian_in_leaf: 0.001]
[bagging_fraction: 1]
[pos_bagging_fraction: 1]
[neg_bagging_fraction: 1]
[bagging_freq: 0]
[bagging_seed: 3]
[feature_fraction: 1]
[feature_fraction_bynode: 1]
[feature_fraction_seed: 2]
[early_stopping_round: 0]
[first_metric_only: 0]
[max_delta_step: 0]
[lambda_l1: 0]
[lambda_l2: 0]
[min_gain_to_split: 0]
[drop_rate: 0.1]
[max_drop: 50]
[skip_drop: 0.5]
[xgboost_dart_mode: 0]
[uniform_drop: 0]
[drop_seed: 4]
[top_rate: 0.2]
[other_rate: 0.1]
[min_data_per_group: 100]
[max_cat_threshold: 32]
[cat_l2: 10]
[cat_smooth: 10]
[max_cat_to_onehot: 4]
[top_k: 20]
[monotone_constraints: ]
[feature_contri: ]
[forcedsplits_filename: ]
[forcedbins_filename: ]
[refit_decay_rate: 0.9]
[cegb_tradeoff: 1]
[cegb_penalty_split: 0]
[cegb_penalty_feature_lazy: ]
[cegb_penalty_feature_coupled: ]
[verbosity: -1]
[max_bin: 255]
[max_bin_by_feature: ]
[min_data_in_bin: 3]
[bin_construct_sample_cnt: 200000]
[histogram_pool_size: -1]
[data_random_seed: 1]
[output_model: LightGBM_model.txt]
[snapshot_freq: -1]
[input_model: ]
[output_result: LightGBM_predict_result.txt]
[initscore_filename: ]
[valid_data_initscores: ]
[pre_partition: 0]
[enable_bundle: 1]
[max_conflict_rate: 0]
[is_enable_sparse: 1]
[sparse_threshold: 0.8]
[use_missing: 1]
[zero_as_missing: 0]
[two_round: 0]
[save_binary: 0]
[header: 0]
[label_column: ]
[weight_column: ]
[group_column: ]
[ignore_column: ]
[categorical_feature: ]
[predict_raw_score: 0]
[predict_leaf_index: 0]
[predict_contrib: 0]
[num_iteration_predict: -1]
[pred_early_stop: 0]
[pred_early_stop_freq: 10]
[pred_early_stop_margin: 10]
[convert_model_language: ]
[convert_model: gbdt_prediction.cpp]
[num_class: 1]
[is_unbalance: 0]
[scale_pos_weight: 1]
[sigmoid: 1]
[boost_from_average: 1]
[reg_sqrt: 0]
[alpha: 0.9]
[fair_c: 1]
[poisson_max_delta_step: 0.7]
[tweedie_variance_power: 1.5]
[max_position: 20]
[lambdamart_norm: 1]
[label_gain: ]
[metric_freq: 1]
[is_provide_training_metric: 0]
[eval_at: 1]
[multi_error_top_k: 1]
[num_machines: 1]
[local_listen_port: 12400]
[time_out: 120]
[machine_list_filename: ]
[machines: ]
[gpu_platform_id: -1]
[gpu_device_id: -1]
[gpu_use_dp: 0]

end of parameters

pandas_categorical:null
