tree
version=v3
num_class=1
num_tree_per_iteration=1
label_index=0
max_feature_idx=0
objective=lambdarank
feature_names=geographical
feature_infos=[0:1]
tree_sizes=846 856 857 861 854 857 862 862 863 861 866 865 866 860 865 867 865 865 868 871 869 863 870 869 871 868 869 870 868 870 869 874 873 874 872 869 875 874 877 872 871 876 873 873 873 874 871 874 866 879 875 878 877 867 869 877 870 875 879 879 875 867 880 875 868 877 883 877 870 881 883 879 878 867 883 881 877 868 880 877 880 877 866 879 871 870 883 877 878 875 868 878 878 874 864 879 874 866 877 881

Tree=0
num_leaves=7
num_cat=0
split_feature=0 0 0 0 0 0
split_gain=0.958084 1.57962 0.321061 0.416053 0.150554 0.0152303
threshold=0.75000000000000011 0.15000000000000005 0.25000000000000006 0.45000000000000007 0.35000000000000003 1.0000000180025095e-35
decision_type=2 2 2 2 2 2
left_child=1 5 -3 4 -4 -1
right_child=-2 2 3 -5 -6 -7
leaf_value=0.017364261358481115 0.025673612818083585 -0.12108694200263972 -0.069976453081117385 -0.13136803599458777 -0.018751245099908082 0.031336172704236991
leaf_weight=1.2796381544321775 7.2760180989280343 0.87900484725832928 0.86075670458376463 0.55358685553073872 1.7207515388727188 1.9988699462264776
leaf_count=18 78 22 20 14 30 28
internal_value=0 -0.256152 -0.676761 -0.52701 -0.358314 0.258828
internal_weight=0 7.29261 4.0141 3.1351 2.58151 3.27851
internal_count=210 132 86 64 50 46
shrinkage=0.1


Tree=1
num_leaves=7
num_cat=0
split_feature=0 0 0 0 0 0
split_gain=0.0586216 0.464442 0.280109 0.713699 0.0671121 0.0521926
threshold=0.35000000000000003 0.15000000000000005 0.45000000000000007 0.75000000000000011 1.0000000180025095e-35 0.25000000000000006
decision_type=2 2 2 2 2 2
left_child=1 4 -2 -4 -1 -3
right_child=2 5 3 -5 -6 -7
leaf_value=-0.0092787615939830745 0.026658620983232319 -0.050275077368047066 -0.11691308586385207 0.0018168204300999748 0.0053387111316092828 -0.025208645869594915
leaf_weight=3.9179313406348273 4.2711984049528846 1.6913076946511856 0.52521253935992618 14.048363984562457 15.837316155433655 1.6323805619031191
leaf_count=18 30 22 14 78 28 20
internal_value=0 -0.0337899 0.041382 -0.0246205 0.0243972 -0.379641
internal_weight=0 23.0789 18.8448 14.5736 19.7552 3.32369
internal_count=210 88 122 92 46 42
shrinkage=0.1


Tree=2
num_leaves=7
num_cat=0
split_feature=0 0 0 0 0 0
split_gain=0.127363 0.201626 0.0877978 0.294119 0.018312 0.0139827
threshold=0.15000000000000005 0.35000000000000003 0.45000000000000007 0.75000000000000011 1.0000000180025095e-35 0.25000000000000006
decision_type=2 2 2 2 2 2
left_child=4 5 -3 -4 -1 -2
right_child=1 2 3 -5 -6 -7
leaf_value=-0.00075290791314751456 -0.0368360374482333 0.0089218529467576715 -0.1005303550146341 -0.0035927487681268835 0.0074443627603369344 -0.022428929690757566
leaf_weight=3.2956256344914445 1.5375571334734586 5.6906211972236642 0.32023048773407842 13.854507924057543 15.74449897557497 1.1989541677758098
leaf_count=18 22 30 14 78 28 20
internal_value=0 -0.0507598 -0.0157046 -0.0578273 0.0602551 -0.305238
internal_weight=0 22.6019 19.8654 14.1747 19.0401 2.73651
internal_count=210 164 122 92 46 42
shrinkage=0.1


Tree=3
num_leaves=7
num_cat=0
split_feature=0 0 0 0 0 0
split_gain=0.235641 0.126189 0.0821378 0.17205 0.00971514 0.00195573
threshold=0.15000000000000005 0.35000000000000003 0.45000000000000007 0.75000000000000011 1.0000000180025095e-35 0.25000000000000006
decision_type=2 2 2 2 2 2
left_child=4 5 -3 -4 -1 -2
right_child=1 2 3 -5 -6 -7
leaf_value=0.0034417371225726346 -0.030457693118002019 0.0051229888283734829 -0.091919298831730986 -0.0070408085067598701 0.0094198968480468485 -0.024714345005610493
leaf_weight=3.3054170161485681 1.4767047530040174 6.4524111673235902 0.24303444381803171 13.75172455701977 15.307046815752983 0.99063822906464316
leaf_count=18 22 30 14 78 28 20
internal_value=0 -0.0678902 -0.042112 -0.0851482 0.0835823 -0.281517
internal_weight=0 22.9145 20.4472 13.9948 18.6125 2.46734
internal_count=210 164 122 92 46 42
shrinkage=0.1


Tree=4
num_leaves=7
num_cat=0
split_feature=0 0 0 0 0 0
split_gain=0.495465 0.11379 0.0998363 0.387096 0.0345192 0.0160475
threshold=0.45000000000000007 0.75000000000000011 0.15000000000000005 0.35000000000000003 1.0000000180025095e-35 0.25000000000000006
decision_type=2 2 2 2 2 2
left_child=2 -2 4 5 -1 -4
right_child=1 -3 3 -5 -6 -7
leaf_value=0.019963302242085118 -0.094189537797923925 -0.01685611709342508 -0.029532415505131606 0.0084741330775161376 0.0090329076526008082 -0.046105716634060573
leaf_weight=3.5805516019463548 0.19368388969450911 10.791743476875126 1.4766441956162464 9.6374713927507401 14.965417876839638 0.96672051306813933
leaf_count=18 14 78 22 30 28 20
internal_value=0 -0.182196 0.0653512 -0.00538953 0.111432 -0.360897
internal_weight=0 10.9854 30.6268 12.0808 18.546 2.44336
internal_count=210 92 118 72 46 42
shrinkage=0.1


Tree=5
num_leaves=7
num_cat=0
split_feature=0 0 0 0 0 0
split_gain=0.458952 0.12738 0.196176 0.373614 0.0623918 0.00312332
threshold=1.0000000180025095e-35 0.45000000000000007 0.35000000000000003 0.15000000000000005 0.75000000000000011 0.25000000000000006
decision_type=2 2 2 2 2 2
left_child=-1 2 3 -2 -3 -5
right_child=1 4 -4 5 -6 -7
leaf_value=-0.026493941559550767 0.0077834582416062394 -0.059863557940723393 0.020655069321737121 -0.030913119538352653 -0.0049661145426508208 -0.038104110540034528
leaf_weight=5.6209861263632765 15.337279841303827 0.21236673742532453 8.1412730999290961 1.5090587893500915 8.2310711583122611 1.0070944419130683
leaf_count=18 28 14 30 22 78 20
internal_value=0 0.0432433 0.0779049 0.0192416 -0.0634688 -0.337913
internal_weight=0 34.4381 25.9947 17.8534 8.44344 2.51615
internal_count=210 192 100 70 92 42
shrinkage=0.1


Tree=6
num_leaves=7
num_cat=0
split_feature=0 0 0 0 0 0
split_gain=0.171949 0.203248 0.0501006 0.100639 0.0121138 0.00202314
threshold=0.15000000000000005 0.35000000000000003 0.45000000000000007 0.75000000000000011 0.25000000000000006 1.0000000180025095e-35
decision_type=2 2 2 2 2 2
left_child=5 4 -3 -4 -2 -1
right_child=1 2 3 -5 -6 -7
leaf_value=0.0045241879324047453 -0.027542570561880961 0.0022768891626025285 -0.072991038922510437 -0.0064725770260832052 -0.041825952153767207 0.0073104531897492959
leaf_weight=3.1196804456412801 1.4934545941650896 9.5433694049715996 0.23405988607555528 8.0511347046121955 0.98564049834385503 15.828240096569061
leaf_count=18 22 30 14 78 20 28
internal_value=0 -0.0639294 -0.0266239 -0.0835175 -0.332214 0.0685171
internal_weight=0 20.3077 17.8286 8.28519 2.4791 18.9479
internal_count=210 164 122 92 42 46
shrinkage=0.1


Tree=7
num_leaves=7
num_cat=0
split_feature=0 0 0 0 0 0
split_gain=0.131416 0.169732 0.0444889 0.0796203 0.00782047 0.00111012
threshold=0.15000000000000005 0.35000000000000003 0.45000000000000007 0.75000000000000011 0.25000000000000006 1.0000000180025095e-35
decision_type=2 2 2 2 2 2
left_child=5 4 -3 -4 -2 -1
right_child=1 2 3 -5 -6 -7
leaf_value=0.0042047182824947321 -0.025696050214513707 0.0024262076369623298 -0.06655269530491939 -0.0060330062284150061 -0.037215578324277625 0.0062815712050841542
leaf_weight=3.0704866424202928 1.4956530672498076 9.4383772760629672 0.22373418742790721 7.6606896640732884 0.97255499335005857 15.90741191804409
leaf_count=18 22 30 14 78 20 28
internal_value=0 -0.0570129 -0.0220563 -0.0775036 -0.302351 0.0594555
internal_weight=0 19.791 17.3228 7.88442 2.46821 18.9779
internal_count=210 164 122 92 42 46
shrinkage=0.1


Tree=8
num_leaves=7
num_cat=0
split_feature=0 0 0 0 0 0
split_gain=0.106201 0.142093 0.0382132 0.0638749 0.00549125 0.00063515
threshold=0.15000000000000005 0.35000000000000003 0.45000000000000007 0.75000000000000011 0.25000000000000006 1.0000000180025095e-35
decision_type=2 2 2 2 2 2
left_child=5 4 -3 -4 -2 -1
right_child=1 2 3 -5 -6 -7
leaf_value=0.0039970749365050833 -0.023826935489086595 0.0023380156360346994 -0.061022206430787478 -0.0056427076599328344 -0.033487161462378706 0.0055684236447978144
leaf_weight=3.067290324717761 1.4975285055115848 9.3672569282352942 0.21431054687127368 7.3924841517582536 0.96930822497233726 15.941900834441185
leaf_count=18 22 30 14 78 20 28
internal_value=0 -0.0519685 -0.019377 -0.0720295 -0.276228 0.0531487
internal_weight=0 19.4409 16.9741 7.60679 2.46684 19.0092
internal_count=210 164 122 92 42 46
shrinkage=0.1


Tree=9
num_leaves=7
num_cat=0
split_feature=0 0 0 0 0 0
split_gain=0.088928 0.119683 0.0326118 0.0519718 0.00413771 0.00035147
threshold=0.15000000000000005 0.35000000000000003 0.45000000000000007 0.75000000000000011 0.25000000000000006 1.0000000180025095e-35
decision_type=2 2 2 2 2 2
left_child=5 4 -3 -4 -2 -1
right_child=1 2 3 -5 -6 -7
leaf_value=0.0038635792438507796 -0.022021908255859091 0.0021726480023427706 -0.056242953491949292 -0.00530338913482108 -0.030385919251251475 0.0050306168615632148
leaf_weight=3.0783474929630765 1.5015012486837833 9.313287805765869 0.20603229175321655 7.185183641500771 0.97588462848216284 15.959244027733803
leaf_count=18 22 30 14 78 20 28
internal_value=0 -0.0480548 -0.0176355 -0.0672334 -0.253166 0.0484191
internal_weight=0 19.1819 16.7045 7.39122 2.47739 19.0376
internal_count=210 164 122 92 42 46
shrinkage=0.1


Tree=10
num_leaves=7
num_cat=0
split_feature=0 0 0 0 0 0
split_gain=0.076408 0.101221 0.0278549 0.0428141 0.00333811 0.000176156
threshold=0.15000000000000005 0.35000000000000003 0.45000000000000007 0.75000000000000011 0.25000000000000006 1.0000000180025095e-35
decision_type=2 2 2 2 2 2
left_child=5 4 -3 -4 -2 -1
right_child=1 2 3 -5 -6 -7
leaf_value=0.0037816082852584359 -0.020270495121922093 0.0019803739636679489 -0.05207605012274983 -0.0050095648758233888 -0.027736849530674075 0.0046057799625154596
leaf_weight=3.0962492451071748 1.5090607153251796 9.2692806832492369 0.19874641485512159 7.0130664790049195 0.99271874828264095 15.967156663537025
leaf_count=18 22 30 14 78 20 28
internal_value=0 -0.0449089 -0.0164587 -0.0630664 -0.232332 0.0447192
internal_weight=0 18.9829 16.4811 7.21181 2.50178 19.0634
internal_count=210 164 122 92 42 46
shrinkage=0.1


Tree=11
num_leaves=7
num_cat=0
split_feature=0 0 0 0 0 0
split_gain=0.0670166 0.085551 0.0238224 0.0356464 0.00290331 6.91389e-05
threshold=0.15000000000000005 0.35000000000000003 0.45000000000000007 0.75000000000000011 0.25000000000000006 1.0000000180025095e-35
decision_type=2 2 2 2 2 2
left_child=5 4 -3 -4 -2 -1
right_child=1 2 3 -5 -6 -7
leaf_value=0.0037449161364877179 -0.018517842897361164 0.0017746346242358672 -0.048411846950565995 -0.0047542008899650427 -0.025408206772333321 0.0042596712544109884
leaf_weight=3.1189179830253133 1.5220999615266946 9.2314070686697978 0.19226434896699984 6.8607516372576356 1.022191331256181 15.968562394380569
leaf_count=18 22 30 14 78 20 28
internal_value=0 -0.0423295 -0.0156855 -0.059443 -0.212861 0.0417556
internal_weight=0 18.8287 16.2844 7.05302 2.54429 19.0875
internal_count=210 164 122 92 42 46
shrinkage=0.1


Tree=12
num_leaves=7
num_cat=0
split_feature=0 0 0 0 0 0
split_gain=0.0599187 0.0716125 0.0203565 0.0299425 0.00275002 1.39867e-05
threshold=0.15000000000000005 0.35000000000000003 0.45000000000000007 0.75000000000000011 0.25000000000000006 1.0000000180025095e-35
decision_type=2 2 2 2 2 2
left_child=5 4 -3 -4 -2 -1
right_child=1 2 3 -5 -6 -7
leaf_value=0.0037458499615117139 -0.016671302382883318 0.0015514462615114335 -0.045167158342334729 -0.0045364520603392014 -0.023266413844162628 0.0039765403587024269
leaf_weight=3.1461232267320165 1.544243159703913 9.1969387475401181 0.18641082406975229 6.7154170693829656 1.0705772726796567 15.96447928249836
leaf_count=18 22 30 14 78 20 28
internal_value=0 -0.0402212 -0.0152902 -0.0563384 -0.193715 0.0393856
internal_weight=0 18.7136 16.0988 6.90183 2.61482 19.1106
internal_count=210 164 122 92 42 46
shrinkage=0.1


Tree=13
num_leaves=7
num_cat=0
split_feature=0 0 0 0 0 0
split_gain=0.0547229 0.058209 0.0172363 0.02533 0.00286496 4.51873e-07
threshold=0.15000000000000005 0.35000000000000003 0.45000000000000007 0.75000000000000011 0.25000000000000006 1.0000000180025095e-35
decision_type=2 2 2 2 2 2
left_child=5 4 -3 -4 -2 -1
right_child=1 2 3 -5 -6 -7
leaf_value=0.003791383310354942 -0.014562617055508873 0.001286453568860883 -0.042276142710387876 -0.0043571323477480314 -0.021113512151202066 0.0037500931175606118
leaf_weight=3.1784995645284662 1.5841718772426274 9.1624686159193498 0.1810271851718416 6.5602766945958138 1.1538598374463618 15.954517722129822
leaf_count=18 22 30 14 78 20 28
internal_value=0 -0.0385594 -0.0153737 -0.0537539 -0.173233 0.0375695
internal_weight=0 18.6418 15.9038 6.7413 2.73803 19.133
internal_count=210 164 122 92 42 46
shrinkage=0.1


Tree=14
num_leaves=7
num_cat=0
split_feature=0 0 0 0 0 0
split_gain=0.0516795 0.0432754 0.0140883 0.0215259 0.00310398 2.32359e-05
threshold=0.15000000000000005 0.35000000000000003 0.45000000000000007 0.75000000000000011 0.25000000000000006 1.0000000180025095e-35
decision_type=2 2 2 2 2 2
left_child=5 4 -3 -4 -2 -1
right_child=1 2 3 -5 -6 -7
leaf_value=0.0038932648473285949 -0.01190546670778838 0.00089716482012191763 -0.039689901356546736 -0.0042315792482726603 -0.018393635620588499 0.0035986587085336422
leaf_weight=3.2177515923976907 1.6691756132058826 9.1194081734865886 0.17594634648412366 6.3583381017670035 1.3208210379816592 15.935627356171608
leaf_count=18 22 30 14 78 20 28
internal_value=0 -0.0374789 -0.0164226 -0.0518635 -0.147716 0.0364815
internal_weight=0 18.6437 15.6537 6.53428 2.99 19.1534
internal_count=210 164 122 92 42 46
shrinkage=0.1


Tree=15
num_leaves=7
num_cat=0
split_feature=0 0 0 0 0 0
split_gain=0.0500594 0.234009 0.0948266 0.010359 0.018637 0.000105825
threshold=0.15000000000000005 0.25000000000000006 0.35000000000000003 0.45000000000000007 0.75000000000000011 1.0000000180025095e-35
decision_type=2 2 2 2 2 2
left_child=5 -2 -3 -4 -5 -1
right_child=1 2 3 4 -6 -7
leaf_value=0.0040992240895258228 -0.036585458012732691 0.030317605868077815 0.00042756344951634049 -0.037377906434334605 -0.0039199927416111681 0.0034744714915311207
leaf_weight=3.2682149000465879 1.9383400022052251 0.97943774191662913 9.0671994406729919 0.17095977254211803 6.3622351167723536 15.909461110830307
leaf_count=18 22 20 30 14 78 28
internal_value=0 -0.0370847 0.00135163 -0.0175978 -0.0479551 0.0358094
internal_weight=0 18.5182 16.5798 15.6004 6.53319 19.1777
internal_count=210 164 142 122 92 46
shrinkage=0.1


Tree=16
num_leaves=7
num_cat=0
split_feature=0 0 0 0 0 0
split_gain=0.0420332 0.0645819 0.011848 0.0164627 0.00133068 0.000658097
threshold=0.15000000000000005 0.35000000000000003 0.45000000000000007 0.75000000000000011 0.25000000000000006 1.0000000180025095e-35
decision_type=2 2 2 2 2 2
left_child=5 4 -3 -4 -2 -1
right_child=1 2 3 -5 -6 -7
leaf_value=0.0045364898876955051 -0.017078091530462695 0.0011837293137348731 -0.035527807946108589 -0.0035605571389813275 -0.021981323943830889 0.0029915083078395875
leaf_weight=3.3352941386401662 1.4336832487024396 9.144511176273225 0.16515357280149956 6.560240282677114 0.90153245115652669 15.902319401502609
leaf_count=18 22 30 14 78 20 28
internal_value=0 -0.0344422 -0.0115949 -0.0434557 -0.18971 0.0325937
internal_weight=0 18.2051 15.8699 6.72539 2.33522 19.2376
internal_count=210 164 122 92 42 46
shrinkage=0.1


Tree=17
num_leaves=7
num_cat=0
split_feature=0 0 0 0 0 0
split_gain=0.0408197 0.0559881 0.00938229 0.014213 0.00103213 0.000963549
threshold=0.15000000000000005 0.35000000000000003 0.45000000000000007 0.75000000000000011 1.0000000180025095e-35 0.25000000000000006
decision_type=2 2 2 2 2 2
left_child=4 5 -3 -4 -1 -2
right_child=1 2 3 -5 -6 -7
leaf_value=0.0047796502933104158 -0.016261403551098865 0.00080524729468523534 -0.033557831022745975 -0.0034037934755168221 0.0028628885677091324 -0.020437959802695031
leaf_weight=3.4131566286087045 1.4324659446720063 9.1522693634033185 0.16016973741352458 6.4923551641404629 15.878768414258957 0.89907522313296784
leaf_count=18 22 30 14 78 28 20
internal_value=0 -0.0340603 -0.01272 -0.041298 0.03202 -0.178719
internal_weight=0 18.1363 15.8048 6.65252 19.2919 2.33154
internal_count=210 164 122 92 46 42
shrinkage=0.1


Tree=18
num_leaves=7
num_cat=0
split_feature=0 0 0 0 0 0
split_gain=0.0413037 0.0481041 0.00687243 0.012302 0.00182188 0.000663087
threshold=0.15000000000000005 0.35000000000000003 0.45000000000000007 0.75000000000000011 1.0000000180025095e-35 0.25000000000000006
decision_type=2 2 2 2 2 2
left_child=4 5 -3 -4 -1 -2
right_child=1 2 3 -5 -6 -7
leaf_value=0.0052677013244632155 -0.015514029420690613 0.00031582901520268037 -0.031798400889982752 -0.0032488012505428885 0.002752555614190663 -0.018980775849362367
leaf_weight=3.5200217552483091 1.4315017224289506 9.1717680953443033 0.15455984929576416 6.4256917107850313 15.839621618390083 0.89773451583459973
leaf_count=18 22 30 14 78 28 20
internal_value=0 -0.0343681 -0.0145339 -0.0391939 0.0320987 -0.168502
internal_weight=0 18.0813 15.752 6.58025 19.3596 2.32924
internal_count=210 164 122 92 46 42
shrinkage=0.1


Tree=19
num_leaves=7
num_cat=0
split_feature=0 0 0 0 0 0
split_gain=0.0455441 0.0400194 0.00395895 0.0106389 0.00389112 0.000396441
threshold=0.15000000000000005 0.35000000000000003 0.45000000000000007 0.75000000000000011 1.0000000180025095e-35 0.25000000000000006
decision_type=2 2 2 2 2 2
left_child=4 5 -3 -4 -1 -2
right_child=1 2 3 -5 -6 -7
leaf_value=0.0062810364013007507 -0.014824581271409868 -0.00047385824328110779 -0.030260813650837878 -0.0030802679608617715 0.0026724422756452225 -0.017506667708742971
leaf_weight=3.6866885870695123 1.4305129300337314 9.218453932553528 0.14734496339224179 6.3540679579600692 15.769824117422104 0.89646489499136783
leaf_count=18 22 30 14 78 28 20
internal_value=0 -0.0361837 -0.0180658 -0.0369628 0.0335621 -0.158579
internal_weight=0 18.0468 15.7199 6.50141 19.4565 2.32698
internal_count=210 164 122 92 46 42
shrinkage=0.1


Tree=20
num_leaves=7
num_cat=0
split_feature=0 0 0 0 0 0
split_gain=0.0643041 0.0291039 0.0127329 0.00042978 0.0090971 0.000128833
threshold=0.15000000000000005 0.35000000000000003 1.0000000180025095e-35 0.45000000000000007 0.75000000000000011 0.25000000000000006
decision_type=2 2 2 2 2 2
left_child=2 5 -1 -3 -5 -2
right_child=1 3 -4 4 -6 -7
leaf_value=0.0089763923371086237 -0.014169000698023161 -0.0023322877689376832 0.0026684257131982772 -0.029061776148864873 -0.002841672686370097 -0.015700288770474888
leaf_weight=4.0250920988619336 1.4288271672558068 9.3537792451679689 15.610627472400665 0.13518132083117862 6.2573539866134524 0.89271130808629084
leaf_count=18 22 30 28 14 78 20
internal_value=0 -0.0430525 0.0396148 -0.0276418 -0.0339614 -0.147578
internal_weight=0 18.0679 19.6357 15.7463 6.39254 2.32154
internal_count=210 164 46 122 92 42
shrinkage=0.1


Tree=21
num_leaves=7
num_cat=0
split_feature=0 0 0 0 0 0
split_gain=0.352581 0.0330358 0.0983051 0.0616374 0.00154422 4.20144e-06
threshold=1.0000000180025095e-35 0.35000000000000003 0.45000000000000007 0.15000000000000005 0.75000000000000011 0.25000000000000006
decision_type=2 2 2 2 2 2
left_child=-1 3 -3 -2 -4 -5
right_child=1 2 4 5 -6 -7
leaf_value=-0.024371672577959438 0.0032994445689981792 0.015143204487834279 -0.011076040301969606 -0.014263565448074656 -0.0013139954252126699 -0.013987128977181101
leaf_weight=5.1190753392875186 15.567753702402117 7.6910166647285205 0.16629867581650604 1.4322749394923442 6.3307180544361472 0.89234516816213716
leaf_count=18 28 30 14 22 78 20
internal_value=0 0.0388899 0.0749266 0.010314 -0.0156387 -0.141575
internal_weight=0 32.0804 14.188 17.8924 6.49702 2.32462
internal_count=210 192 122 70 92 42
shrinkage=0.1


Tree=22
num_leaves=7
num_cat=0
split_feature=0 0 0 0 0 0
split_gain=0.0298228 0.0351632 0.00536324 0.00813819 0.000799577 0.000587502
threshold=0.15000000000000005 0.35000000000000003 0.45000000000000007 0.75000000000000011 1.0000000180025095e-35 0.25000000000000006
decision_type=2 2 2 2 2 2
left_child=4 5 -3 -4 -1 -2
right_child=1 2 3 -5 -6 -7
leaf_value=0.0041934028445970942 -0.013175861419182212 0.000343019037155513 -0.025898176245981782 -0.0028642371251020801 0.0024545741932721376 -0.016449954170149605
leaf_weight=3.1690386496484289 1.4243040825240343 9.0742904935032112 0.15719781443476577 6.3291228022426367 15.977671265602112 0.89084886875934877
leaf_count=18 22 30 14 78 28 20
internal_value=0 -0.0293735 -0.012266 -0.0342247 0.0274237 -0.144357
internal_weight=0 17.8758 15.5606 6.48632 19.1467 2.31515
internal_count=210 164 122 92 46 42
shrinkage=0.1


Tree=23
num_leaves=7
num_cat=0
split_feature=0 0 0 0 0 0
split_gain=0.0287423 0.0315774 0.00458209 0.00720751 0.00113166 0.000457483
threshold=0.15000000000000005 0.35000000000000003 0.45000000000000007 0.75000000000000011 1.0000000180025095e-35 0.25000000000000006
decision_type=2 2 2 2 2 2
left_child=4 5 -3 -4 -1 -2
right_child=1 2 3 -5 -6 -7
leaf_value=0.0043932614348041093 -0.012656219363046096 0.00018577022169677132 -0.024685243369515275 -0.002778797107155298 0.0023409289221604907 -0.015540395945181093
leaf_weight=3.2308102622628221 1.4255300767254113 9.0712044052779657 0.1538658207282414 6.2869414407759905 15.953510016202927 0.89539881562814094
leaf_count=18 22 30 14 78 28 20
internal_value=0 -0.0289015 -0.0126245 -0.0330212 0.0268656 -0.137689
internal_weight=0 17.8329 15.512 6.44081 19.1843 2.32093
internal_count=210 164 122 92 46 42
shrinkage=0.1


Tree=24
num_leaves=7
num_cat=0
split_feature=0 0 0 0 0 0
split_gain=0.0284688 0.0281445 0.00369356 0.00639535 0.00165498 0.000346794
threshold=0.15000000000000005 0.35000000000000003 0.45000000000000007 0.75000000000000011 1.0000000180025095e-35 0.25000000000000006
decision_type=2 2 2 2 2 2
left_child=4 5 -3 -4 -1 -2
right_child=1 2 3 -5 -6 -7
leaf_value=0.0047027536941310595 -0.012166275658767416 -4.3034923112759513e-05 -0.023571165346703001 -0.0026903589161624284 0.0022446345964409337 -0.014672922869693947
leaf_weight=3.308005716651679 1.426839930936697 9.0757097993046028 0.15020803338847954 6.2442469336092472 15.922558799386024 0.90011281426995982
leaf_count=18 22 30 14 78 28 20
internal_value=0 -0.0288232 -0.0134003 -0.0318086 0.0266748 -0.131359
internal_weight=0 17.7971 15.4702 6.39445 19.2306 2.32695
internal_count=210 164 122 92 46 42
shrinkage=0.1


Tree=25
num_leaves=7
num_cat=0
split_feature=0 0 0 0 0 0
split_gain=0.029459 0.02468 0.00264066 0.00567993 0.00260957 0.000245714
threshold=0.15000000000000005 0.35000000000000003 0.45000000000000007 0.75000000000000011 1.0000000180025095e-35 0.25000000000000006
decision_type=2 2 2 2 2 2
left_child=4 5 -3 -4 -1 -2
right_child=1 2 3 -5 -6 -7
leaf_value=0.0052153470115407722 -0.011707512169415991 -0.00039623542592846604 -0.022558047503787083 -0.0025954500020845192 0.0021668917152092367 -0.013813841111184114
leaf_weight=3.4113251604139814 1.4281216021627217 9.0923404376953822 0.14588506461586703 6.1992791937664151 15.87941275537014 0.90466629690490641
leaf_count=18 22 30 14 78 28 20
internal_value=0 -0.029375 -0.0148881 -0.0305442 0.0270597 -0.125244
internal_weight=0 17.7703 15.4375 6.34516 19.2907 2.33279
internal_count=210 164 122 92 46 42
shrinkage=0.1


Tree=26
num_leaves=7
num_cat=0
split_feature=0 0 0 0 0 0
split_gain=0.0332215 0.0207644 0.00480058 0.00132804 0.00503798 0.00014589
threshold=0.15000000000000005 0.35000000000000003 1.0000000180025095e-35 0.45000000000000007 0.75000000000000011 0.25000000000000006
decision_type=2 2 2 2 2 2
left_child=2 5 -1 -3 -5 -2
right_child=1 3 -4 4 -6 -7
leaf_value=0.006177522535699944 -0.011277231265330371 -0.0010230054479072109 0.0021158227897550312 -0.021660915823495545 -0.0024840843343127048 -0.012897984906270485
leaf_weight=3.5662405602633962 1.4291428634896903 9.1334808282554132 15.811010748147964 0.14011670858599146 6.1478681853041053 0.90839487011544395
leaf_count=18 22 30 28 14 78 20
internal_value=0 -0.0312426 0.0286335 -0.0179299 -0.0291141 -0.119071
internal_weight=0 17.759 19.3773 15.4215 6.28798 2.33754
internal_count=210 164 46 122 92 42
shrinkage=0.1


Tree=27
num_leaves=7
num_cat=0
split_feature=0 0 0 0 0 0
split_gain=0.0468188 0.0151097 0.0124937 6.62378e-05 0.00438486 4.12554e-05
threshold=0.15000000000000005 0.35000000000000003 1.0000000180025095e-35 0.75000000000000011 0.45000000000000007 0.25000000000000006
decision_type=2 2 2 2 2 2
left_child=2 5 -1 4 -3 -2
right_child=1 3 -4 -5 -6 -7
leaf_value=0.0084781626638874268 -0.010866740648458341 -0.0024870692157455639 0.0021255546807551055 -0.0023200297611986847 -0.020953842551054373 -0.011728275834636133
leaf_weight=3.8579990379512319 1.4293462117202609 9.2451775968074763 15.67221611738205 6.0758820502087465 0.13039350160397667 0.90948753757402279
leaf_count=18 22 30 28 78 14 20
internal_value=0 -0.0371107 0.0338045 -0.0257722 -0.027439 -0.112018
internal_weight=0 17.7903 19.5302 15.4515 9.37557 2.33883
internal_count=210 164 46 122 44 42
shrinkage=0.1


Tree=28
num_leaves=7
num_cat=0
split_feature=0 0 0 0 0 0
split_gain=0.366162 0.0360169 0.0889081 0.0359385 0.000360456 8.44449e-05
threshold=1.0000000180025095e-35 0.35000000000000003 0.45000000000000007 0.15000000000000005 0.75000000000000011 0.25000000000000006
decision_type=2 2 2 2 2 2
left_child=-1 3 -3 -2 -4 -5
right_child=1 2 4 5 -6 -7
leaf_value=-0.024362523688537991 0.0028126509832819141 0.014995246895224346 -0.0058888922976040557 -0.010967120870362031 -0.00091898173027532516 -0.0097334140071061535
leaf_weight=5.2899399101734152 15.490657985210424 7.756182434037326 0.14951479190494854 1.4318897686898702 6.0923983547836542 0.90578150004148483
leaf_count=18 28 30 14 22 78 20
internal_value=0 0.0404935 0.0784582 0.0106851 -0.0103803 -0.104891
internal_weight=0 31.8264 13.9981 17.8283 6.24191 2.33767
internal_count=210 192 122 70 92 42
shrinkage=0.1


Tree=29
num_leaves=7
num_cat=0
split_feature=0 0 0 0 0 0
split_gain=0.0224959 0.0196181 0.00216767 0.00404022 0.00143838 0.000280898
threshold=0.15000000000000005 0.35000000000000003 0.45000000000000007 0.75000000000000011 1.0000000180025095e-35 0.25000000000000006
decision_type=2 2 2 2 2 2
left_child=4 5 -3 -4 -1 -2
right_child=1 2 3 -5 -6 -7
leaf_value=0.004339917133698668 -0.010251776372276259 -0.00028054215625781907 -0.018942924126068461 -0.0023034738083546409 0.001993455410538142 -0.012505475206708539
leaf_weight=3.1225501559674749 1.4244719566777377 9.0175539739429933 0.14947228191885997 6.1473522400483489 15.99156779050827 0.90402121073566366
leaf_count=18 22 30 14 78 28 20
internal_value=0 -0.0257498 -0.0127472 -0.0269846 0.0237678 -0.111268
internal_weight=0 17.6429 15.3144 6.29682 19.1141 2.32849
internal_count=210 164 122 92 46 42
shrinkage=0.1


Tree=30
num_leaves=7
num_cat=0
split_feature=0 0 0 0 0 0
split_gain=0.0221167 0.0178045 0.00190795 0.00182009 0.00363891 0.000225909
threshold=0.15000000000000005 0.35000000000000003 1.0000000180025095e-35 0.45000000000000007 0.75000000000000011 0.25000000000000006
decision_type=2 2 2 2 2 2
left_child=2 5 -1 -3 -5 -2
right_child=1 3 -4 4 -6 -7
leaf_value=0.0045849323269554227 -0.009896407626112734 -0.0004036905990609514 0.0019060134504142641 -0.0181880039744159 -0.0022496226246713946 -0.011911445756733913
leaf_weight=3.1898337975144395 1.4272103961557179 9.0165216792374832 15.962804362177849 0.1466821328504001 6.1153025589883327 0.91184068936854601
leaf_count=18 22 30 28 14 78 20
internal_value=0 -0.0255713 0.0235218 -0.0131327 -0.0262297 -0.106819
internal_weight=0 17.6176 19.1526 15.2785 6.26198 2.33905
internal_count=210 164 46 122 92 42
shrinkage=0.1


Tree=31
num_leaves=7
num_cat=0
split_feature=0 0 0 0 0 0
split_gain=0.0225294 0.0159214 0.00265642 0.00136434 0.00327978 0.000174758
threshold=0.15000000000000005 0.35000000000000003 1.0000000180025095e-35 0.45000000000000007 0.75000000000000011 0.25000000000000006
decision_type=2 2 2 2 2 2
left_child=2 5 -1 -3 -5 -2
right_child=1 3 -4 4 -6 -7
leaf_value=0.0049627115395290593 -0.0095559590608550859 -0.00061834292477765292 0.0018354375043170661 -0.017488998975758906 -0.0021903009946378756 -0.011323124584924873
leaf_weight=3.2747083269059667 1.4299297714605956 9.0244980640709382 15.926514893770218 0.14343685808125783 6.0811789827421308 0.91942976554855682
leaf_count=18 22 30 28 14 78 20
internal_value=0 -0.0258452 0.0236878 -0.0140391 -0.0254284 -0.102475
internal_weight=0 17.5985 19.2012 15.2491 6.22462 2.34936
internal_count=210 164 46 122 92 42
shrinkage=0.1


Tree=32
num_leaves=7
num_cat=0
split_feature=0 0 0 0 0 0
split_gain=0.0243294 0.0138247 0.00405935 0.000782067 0.002956 0.000122208
threshold=0.15000000000000005 0.35000000000000003 1.0000000180025095e-35 0.45000000000000007 0.75000000000000011 0.25000000000000006
decision_type=2 2 2 2 2 2
left_child=2 5 -1 -3 -5 -2
right_child=1 3 -4 4 -6 -7
leaf_value=0.0055957911280783224 -0.0092337952986766229 -0.00099331837980666483 0.0017840810421979924 -0.016853247397806304 -0.0021205463671619385 -0.010707637482011589
leaf_weight=3.3906512707471856 1.4324995526112645 9.0474057197570783 15.875774040818214 0.1393280082847913 6.0429954258725047 0.92645482672378399
leaf_count=18 22 30 28 14 78 20
internal_value=0 -0.0268906 0.0245489 -0.0158568 -0.0245257 -0.0981263
internal_weight=0 17.5887 19.2664 15.2297 6.18232 2.35895
internal_count=210 164 46 122 92 42
shrinkage=0.1


Tree=33
num_leaves=7
num_cat=0
split_feature=0 0 0 0 0 0
split_gain=0.0296248 0.011125 0.00746925 0.000132629 0.00265775 6.37402e-05
threshold=0.15000000000000005 0.35000000000000003 1.0000000180025095e-35 0.45000000000000007 0.75000000000000011 0.25000000000000006
decision_type=2 2 2 2 2 2
left_child=2 5 -1 -3 -5 -2
right_child=1 3 -4 4 -6 -7
leaf_value=0.0068282114262213566 -0.0089299251670932212 -0.0017365089068098302 0.0017647380660403358 -0.016302871147969595 -0.0020277254078324186 -0.0099920728676922577
leaf_weight=3.5722424015402803 1.4346051923930674 9.1026762351393682 15.792506039142609 0.13332307361997564 5.9953927360475063 0.93207509140484013
leaf_count=18 22 30 28 14 78 20
internal_value=0 -0.0296974 0.026988 -0.0197864 -0.0233826 -0.0934823
internal_weight=0 17.5981 19.3647 15.2314 6.12872 2.36668
internal_count=210 164 46 122 92 42
shrinkage=0.1


Tree=34
num_leaves=7
num_cat=0
split_feature=0 0 0 0 0 0
split_gain=0.0508517 0.0218216 0.00644428 0.0015706 0.00177349 4.3569e-06
threshold=0.15000000000000005 1.0000000180025095e-35 0.35000000000000003 0.75000000000000011 0.45000000000000007 0.25000000000000006
decision_type=2 2 2 2 2 2
left_child=1 -1 5 4 -4 -2
right_child=2 -3 3 -5 -6 -7
leaf_value=0.010148068296555901 -0.0086318658253143592 0.0018315371364284001 -0.0037832479824865452 -0.0018604298444186752 -0.015939912263571537 -0.0089093944756791967
leaf_weight=3.9546538665890703 1.4353895471431344 15.603537276387215 9.2663905471563304 5.9168017012998453 0.12157977593597102 0.93358155898749795
leaf_count=18 22 28 30 78 14 20
internal_value=0 0.0351313 -0.0388772 -0.0313646 -0.0394068 -0.0874124
internal_weight=0 19.5582 17.6737 15.3048 9.38797 2.36897
internal_count=210 46 164 122 44 42
shrinkage=0.1


Tree=35
num_leaves=7
num_cat=0
split_feature=0 0 0 0 0 0
split_gain=0.32012 0.0305024 0.0695969 0.0253749 3.74833e-05 1.61809e-05
threshold=1.0000000180025095e-35 0.35000000000000003 0.45000000000000007 0.15000000000000005 0.25000000000000006 0.75000000000000011
decision_type=2 2 2 2 2 2
left_child=-1 3 -3 -2 -5 -4
right_child=1 2 5 4 -6 -7
leaf_value=-0.023572233516882087 0.0024557019201805444 0.01367821282898851 -0.0016159707177467637 -0.0089568210674688033 -0.008144381588967008 -0.0005938618347293553
leaf_weight=4.9792291931807986 15.574072033166891 7.5663914307951909 0.15896828344557423 1.4393545370548957 0.93792519089765836 6.0295864511281252
leaf_count=18 28 30 14 22 20 78
internal_value=0 0.0370184 0.0724518 0.00986801 -0.0863628 -0.00620117
internal_weight=0 31.7063 13.7549 17.9514 2.37728 6.18855
internal_count=210 192 122 70 42 92
shrinkage=0.1


Tree=36
num_leaves=7
num_cat=0
split_feature=0 0 0 0 0 0
split_gain=0.0191798 0.0114809 0.00326205 0.000747943 0.00220039 0.000128555
threshold=0.15000000000000005 0.35000000000000003 1.0000000180025095e-35 0.45000000000000007 0.75000000000000011 0.25000000000000006
decision_type=2 2 2 2 2 2
left_child=2 5 -1 -3 -5 -2
right_child=1 3 -4 4 -6 -7
leaf_value=0.0050900174220686392 -0.0082814160198561599 -0.00079973592115283845 0.0015998095891779569 -0.014564868725626455 -0.0019410116567798947 -0.0097908294463030475
leaf_weight=3.2187390625476846 1.4316390305757551 8.9836597200483066 15.935854822397232 0.14132307539693911 6.0074766762554646 0.93130658497102559
leaf_count=18 22 30 28 14 78 20
internal_value=0 -0.0239364 0.021863 -0.0138137 -0.0223116 -0.0887632
internal_weight=0 17.4954 19.1546 15.1325 6.1488 2.36295
internal_count=210 164 46 122 92 42
shrinkage=0.1


Tree=37
num_leaves=7
num_cat=0
split_feature=0 0 0 0 0 0
split_gain=0.0208207 0.00997648 0.00465344 0.000380742 0.00199928 9.26226e-05
threshold=0.15000000000000005 0.35000000000000003 1.0000000180025095e-35 0.45000000000000007 0.75000000000000011 0.25000000000000006
decision_type=2 2 2 2 2 2
left_child=2 5 -1 -3 -5 -2
right_child=1 3 -4 4 -6 -7
leaf_value=0.0056715280702677277 -0.0080176293664685292 -0.0011365060188673886 0.001559760497371109 -0.014075330727929318 -0.0018846190101148783 -0.0092950106700809606
leaf_weight=3.3291812874376783 1.4347532442770927 9.0052340533584339 15.887950122356415 0.13762839941773464 5.9734839983284473 0.93924500001594402
leaf_count=18 22 30 28 14 78 20
internal_value=0 -0.0249641 0.0227208 -0.0154994 -0.0215917 -0.0852301
internal_weight=0 17.4903 19.2171 15.1163 6.11111 2.374
internal_count=210 164 46 122 92 42
shrinkage=0.1


Tree=38
num_leaves=7
num_cat=0
split_feature=0 0 0 0 0 0
split_gain=0.0252764 0.00802147 0.00784377 5.12332e-05 2.75046e-05 0.00181381
threshold=0.15000000000000005 0.35000000000000003 1.0000000180025095e-35 0.25000000000000006 0.45000000000000007 0.75000000000000011
decision_type=2 2 2 2 2 2
left_child=2 3 -1 -2 -3 -6
right_child=1 4 -4 -5 5 -7
leaf_value=0.0067806484330223127 -0.0077682205190352134 -0.0017919815110853839 0.0015469657823845035 -0.0087158782237779422 -0.013648782454007805 -0.0018088986451658094
leaf_weight=3.4968925565481195 1.4374330826103716 9.0549638438969833 15.811704099178314 0.94590240041725315 0.13227456843014709 5.9312580525875092
leaf_count=18 22 30 28 20 14 78
internal_value=0 -0.0275236 0.0249481 -0.0814433 -0.0190236 -0.0206718
internal_weight=0 17.5018 19.3086 2.38334 15.1185 6.06353
internal_count=210 164 46 42 122 92
shrinkage=0.1


Tree=39
num_leaves=7
num_cat=0
split_feature=0 0 0 0 0 0
split_gain=0.0411879 0.0194732 0.00475466 0.00133368 0.00117718 6.19897e-06
threshold=0.15000000000000005 1.0000000180025095e-35 0.35000000000000003 0.75000000000000011 0.45000000000000007 0.25000000000000006
decision_type=2 2 2 2 2 2
left_child=1 -1 5 4 -4 -2
right_child=2 -3 3 -5 -6 -7
leaf_value=0.009561215189543849 -0.0075281252369987801 0.0016031540510244421 -0.0034728405129259353 -0.0016773561074802526 -0.013350364078642813 -0.0078573588707977187
leaf_weight=3.82664903625846 1.4389430300798296 15.650630116462708 9.1910448987036908 5.8644134858623138 0.12226086074952114 0.94909059698693443
leaf_count=18 22 28 30 78 14 20
internal_value=0 0.0316665 -0.0351126 -0.0285866 -0.0360251 -0.0765897
internal_weight=0 19.4773 17.5658 15.1777 9.31331 2.38803
internal_count=210 46 164 122 44 42
shrinkage=0.1


Tree=40
num_leaves=7
num_cat=0
split_feature=0 0 0 0 0 0
split_gain=0.3371 0.0341416 0.0708156 0.0191413 6.78201e-05 7.26757e-07
threshold=1.0000000180025095e-35 0.35000000000000003 0.45000000000000007 0.15000000000000005 0.25000000000000006 0.75000000000000011
decision_type=2 2 2 2 2 2
left_child=-1 3 -3 -2 -5 -4
right_child=1 2 5 4 -6 -7
leaf_value=-0.023781017304741827 0.0022675975296223569 0.014029860137399175 -0.00022375741791402765 -0.0077751325805577006 -0.0066868703462637505 -0.00044735050666269699
leaf_weight=5.1285066045820704 15.510837718844419 7.6291969902813417 0.14902628632262338 1.4421825988683843 0.94978907727636386 5.923884148709476
leaf_count=18 28 30 14 22 20 78
internal_value=0 0.0385893 0.0761585 0.00983536 -0.0734301 -0.00441864
internal_weight=0 31.6049 13.7021 17.9028 2.39197 6.07291
internal_count=210 192 122 70 42 92
shrinkage=0.1


Tree=41
num_leaves=7
num_cat=0
split_feature=0 0 0 0 0 0
split_gain=0.0165679 0.00851141 0.00344163 0.000367624 0.00152671 0.000111608
threshold=0.15000000000000005 0.35000000000000003 1.0000000180025095e-35 0.45000000000000007 0.75000000000000011 0.25000000000000006
decision_type=2 2 2 2 2 2
left_child=2 5 -1 -3 -5 -2
right_child=1 3 -4 4 -6 -7
leaf_value=0.0050494347246722304 -0.0072359401515900094 -0.00094440726396882767 0.0014359981023108655 -0.012265127541449431 -0.0017085326704689497 -0.0086365883478813753
leaf_weight=3.1575315557420263 1.4341982761397987 8.9503513388335687 15.954204067587852 0.14022719243075599 5.946448665112257 0.94293743907473959
leaf_count=18 22 30 28 14 78 20
internal_value=0 -0.0223117 0.0203299 -0.0135215 -0.0195174 -0.0779153
internal_weight=0 17.4142 19.1117 15.037 6.08668 2.37714
internal_count=210 164 46 122 92 42
shrinkage=0.1


Tree=42
num_leaves=7
num_cat=0
split_feature=0 0 0 0 0 0
split_gain=0.0177615 0.00745929 0.00462644 0.000172001 0.00139668 8.61446e-05
threshold=0.15000000000000005 0.35000000000000003 1.0000000180025095e-35 0.45000000000000007 0.75000000000000011 0.25000000000000006
decision_type=2 2 2 2 2 2
left_child=2 5 -1 -3 -5 -2
right_child=1 3 -4 4 -6 -7
leaf_value=0.0055346313205883908 -0.0070120884403746062 -0.0012083047132094861 0.0013973810706917663 -0.011877824271611971 -0.0016670082237452465 -0.0082382991420476316
leaf_weight=3.2559347338974485 1.4380807823035895 8.9665984921157342 15.91156168282032 0.13706384901888569 5.9165982017293572 0.952327983919531
leaf_count=18 22 30 28 14 78 20
internal_value=0 -0.0231208 0.0210017 -0.0148635 -0.018982 -0.0750061
internal_weight=0 17.4107 19.1675 15.0203 6.05366 2.39041
internal_count=210 164 46 122 92 42
shrinkage=0.1


Tree=43
num_leaves=7
num_cat=0
split_feature=0 0 0 0 0 0
split_gain=0.0208305 0.00706803 0.00612193 5.58456e-05 1.99445e-05 0.00126255
threshold=0.15000000000000005 1.0000000180025095e-35 0.35000000000000003 0.25000000000000006 0.75000000000000011 0.45000000000000007
decision_type=2 2 2 2 2 2
left_child=1 -1 3 -2 5 -4
right_child=2 -3 4 -5 -6 -7
leaf_value=0.0064067119611977783 -0.0067987003043563192 0.001380362615845747 -0.0017052992418918952 -0.0077828776362096818 -0.0016118785185784978 -0.011532800662279357
leaf_weight=3.3973902612924585 1.441671325592327 15.848021388053894 9.0038397256284917 0.96080445195548225 5.8805119441822162 0.13265211228281337
leaf_count=18 22 28 30 20 78 14
internal_value=0 0.0226766 -0.0250536 -0.071923 -0.0175553 -0.0184798
internal_weight=0 19.2454 17.4195 2.40248 15.017 9.13649
internal_count=210 46 164 42 122 44
shrinkage=0.1


Tree=44
num_leaves=7
num_cat=0
split_feature=0 0 0 0 0 0
split_gain=0.0300292 0.0141585 0.00407183 0.000726778 0.00087727 1.81874e-05
threshold=0.15000000000000005 1.0000000180025095e-35 0.35000000000000003 0.75000000000000011 0.45000000000000007 0.25000000000000006
decision_type=2 2 2 2 2 2
left_child=1 -1 5 4 -4 -2
right_child=2 -3 3 -5 -6 -7
leaf_value=0.0083273542573618683 -0.0065978963088158043 0.001409480606401893 -0.0028344404750479109 -0.0015223095900928868 -0.011262854388508471 -0.0071582601806933661
leaf_weight=3.643825314939023 1.4444428521674155 15.730481624603271 9.0953817982226575 5.8287633126601568 0.1251926462864511 0.96692641638219345
leaf_count=18 22 28 30 78 14 20
internal_value=0 0.0271056 -0.0300763 -0.0239635 -0.0294888 -0.0682259
internal_weight=0 19.3743 17.4607 15.0493 9.22057 2.41137
internal_count=210 46 164 122 44 42
shrinkage=0.1


Tree=45
num_leaves=7
num_cat=0
split_feature=0 0 0 0 0 0
split_gain=0.120115 0.0390005 0.0133226 0.000316749 0.000158638 1.99645e-05
threshold=1.0000000180025095e-35 0.15000000000000005 0.75000000000000011 0.35000000000000003 0.45000000000000007 0.25000000000000006
decision_type=2 2 2 2 2 2
left_child=-1 -2 3 5 -5 -3
right_child=1 2 -4 4 -6 -7
leaf_value=0.015595219215170401 0.0016279086568949811 -0.0063657738956736515 -0.0012840714094829384 -0.0073705729407454847 -0.011278336739296659 -0.0057782259408697603
leaf_weight=4.3626227043569079 15.353583663702009 1.4444583265576523 5.7056261012330642 9.4634600784629566 0.10503781202714968 0.96447897842153885
leaf_count=18 28 22 78 30 14 20
internal_value=0 -0.0205941 -0.0526098 -0.0715544 -0.0741347 -0.0613053
internal_weight=0 33.0366 17.6831 11.9774 9.5685 2.40894
internal_count=210 192 164 86 44 42
shrinkage=0.1


Tree=46
num_leaves=7
num_cat=0
split_feature=0 0 0 0 0 0
split_gain=0.229535 0.0204615 0.0433328 0.0167283 0.000120422 5.44422e-06
threshold=1.0000000180025095e-35 0.35000000000000003 0.45000000000000007 0.15000000000000005 0.75000000000000011 0.25000000000000006
decision_type=2 2 2 2 2 2
left_child=-1 3 -3 -2 -4 -5
right_child=1 2 4 5 -6 -7
leaf_value=-0.020995137471558969 0.0020230257757053996 0.011173433651723104 0.0023724354939643074 -0.0070208933992126528 -0.00027692045508107666 -0.0067156011990608683
leaf_weight=4.5517295747995368 15.681629762053495 7.323168342933057 0.17661840096116055 1.4486247601453208 5.9954494638368487 0.97880210005678225
leaf_count=18 28 30 14 22 78 20
internal_value=0 0.0302377 0.0597127 0.00827236 -0.00201107 -0.0689779
internal_weight=0 31.6043 13.4952 18.1091 6.17207 2.42743
internal_count=210 192 122 70 92 42
shrinkage=0.1


Tree=47
num_leaves=7
num_cat=0
split_feature=0 0 0 0 0 0
split_gain=0.037599 0.0166535 0.00283277 0.00142294 0.000617869 2.11258e-06
threshold=1.0000000180025095e-35 0.15000000000000005 0.35000000000000003 0.75000000000000011 0.45000000000000007 0.25000000000000006
decision_type=2 2 2 2 2 2
left_child=-1 -2 5 4 -4 -3
right_child=1 2 3 -5 -6 -7
leaf_value=0.0095481163036831938 0.0012963319537625047 -0.0063054693772816826 -0.0033615044653553861 -0.0014580740687946557 -0.010519556758230901 -0.0064967521617198308
leaf_weight=3.7088867537677279 15.67540757358074 1.440499530173841 9.1160632725805009 5.8026917381212106 0.12220529082696964 0.96361802797764529
leaf_count=18 28 22 30 78 14 20
internal_value=0 -0.0106921 -0.0319479 -0.0268533 -0.0345619 -0.0638214
internal_weight=0 33.1205 17.4451 15.041 9.23827 2.40412
internal_count=210 192 164 122 44 42
shrinkage=0.1


Tree=48
num_leaves=7
num_cat=0
split_feature=0 0 0 0 0 0
split_gain=0.34094 0.0378644 0.0705064 0.0130162 0.000114385 3.97359e-05
threshold=1.0000000180025095e-35 0.35000000000000003 0.45000000000000007 0.15000000000000005 0.25000000000000006 0.75000000000000011
decision_type=2 2 2 2 2 2
left_child=-1 3 -3 -2 -5 -4
right_child=1 2 5 4 -6 -7
leaf_value=-0.02356624010673071 0.0019715337013045332 0.014240341843946559 0.0014082673706137339 -0.0065035604915799159 -0.0050950048727202192 -0.00029659002504431374
leaf_weight=5.2599955275654784 15.437188699841505 7.6772290151566249 0.14000136032700528 1.4424735398497426 0.96037332247942686 5.8188970386981964
leaf_count=18 28 30 14 22 20 78
internal_value=0 0.0393816 0.079053 0.00905862 -0.0594059 -0.00256535
internal_weight=0 31.4762 13.6361 17.84 2.40285 5.9589
internal_count=210 192 122 70 42 92
shrinkage=0.1


Tree=49
num_leaves=7
num_cat=0
split_feature=0 0 0 0 0 0
split_gain=0.0137944 0.00555543 0.00450038 9.84764e-05 0.000926444 6.46381e-05
threshold=0.15000000000000005 0.35000000000000003 1.0000000180025095e-35 0.45000000000000007 0.75000000000000011 0.25000000000000006
decision_type=2 2 2 2 2 2
left_child=2 5 -1 -3 -5 -2
right_child=1 3 -4 4 -6 -7
leaf_value=0.0053320971054396657 -0.0061003724623946085 -0.0011164132913734992 0.0011765123331469703 -0.0097293481355791387 -0.0014497335510140559 -0.0071632974239752741
leaf_weight=3.1149315070360908 1.4337158899288653 8.9071084409952146 15.952432692050934 0.13832488097250362 5.8781965300440788 0.95200794329866756
leaf_count=18 22 30 28 14 78 20
internal_value=0 -0.0204383 0.0185539 -0.0132754 -0.0164009 -0.0652453
internal_weight=0 17.3094 19.0674 14.9236 6.01652 2.38572
internal_count=210 164 46 122 92 42
shrinkage=0.1


Tree=50
num_leaves=7
num_cat=0
split_feature=0 0 0 0 0 0
split_gain=0.0150867 0.00581738 0.00481592 4.77871e-05 1.6326e-05 0.000853786
threshold=0.15000000000000005 1.0000000180025095e-35 0.35000000000000003 0.25000000000000006 0.45000000000000007 0.75000000000000011
decision_type=2 2 2 2 2 2
left_child=1 -1 3 -2 -4 -6
right_child=2 -3 4 -5 5 -7
leaf_value=0.0058168288234908402 -0.0059339861870356791 0.0011521638578613316 -0.0013843932054831553 -0.0068451291550200568 -0.0094504887705016121 -0.0014162382451192307
leaf_weight=3.2135316729545602 1.4371481901034742 15.910445734858513 8.9258089549839479 0.96022068243473757 0.13532795081846316 5.8517216062173247
leaf_count=18 22 28 30 20 14 78
internal_value=0 0.01936 -0.0213885 -0.0629893 -0.0147009 -0.0159784
internal_weight=0 19.124 17.3102 2.39737 14.9129 5.98705
internal_count=210 46 164 42 122 92
shrinkage=0.1


Tree=51
num_leaves=7
num_cat=0
split_feature=0 0 0 0 0 0
split_gain=0.0181604 0.00853082 0.00384109 0.000136909 0.000691622 2.73264e-05
threshold=0.15000000000000005 1.0000000180025095e-35 0.35000000000000003 0.75000000000000011 0.45000000000000007 0.25000000000000006
decision_type=2 2 2 2 2 2
left_child=1 -1 5 4 -4 -2
right_child=2 -3 3 -5 -6 -7
leaf_value=0.0066986166884984337 -0.0057779026986131896 0.0011480355577587061 -0.0018862658316967287 -0.0013705849218740903 -0.0092031709167228106 -0.0064650992459345585
leaf_weight=3.3551797345280656 1.4401703330222546 15.847312688827515 8.9655145034193957 5.8191405562683931 0.13107427465729493 0.96732323663309205
leaf_count=18 22 28 30 78 14 20
internal_value=0 0.0211787 -0.0234762 -0.0174938 -0.019917 -0.0605402
internal_weight=0 19.2025 17.3232 14.9157 9.09659 2.40749
internal_count=210 46 164 122 44 42
shrinkage=0.1


Tree=52
num_leaves=7
num_cat=0
split_feature=0 0 0 0 0 0
split_gain=0.0298983 0.013602 0.00232408 0.00116433 0.000437974 4.94428e-06
threshold=1.0000000180025095e-35 0.15000000000000005 0.35000000000000003 0.75000000000000011 0.45000000000000007 0.25000000000000006
decision_type=2 2 2 2 2 2
left_child=-1 -2 5 4 -4 -3
right_child=1 2 3 -5 -6 -7
leaf_value=0.0086519531462210184 0.0011886338672162178 -0.0056323334694783726 -0.0030247398958034304 -0.0012929072683457166 -0.0090140959814280098 -0.0059241489939582557
leaf_weight=3.6020777337253085 15.729661867022513 1.4422302974853694 9.0599968656897509 5.7711275462061158 0.12376001488883126 0.97186393849551667
leaf_count=18 28 22 30 78 14 20
internal_value=0 -0.0094158 -0.0287074 -0.0240599 -0.0310545 -0.0574981
internal_weight=0 33.0986 17.369 14.9549 9.18376 2.41409
internal_count=210 192 164 122 44 42
shrinkage=0.1


Tree=53
num_leaves=7
num_cat=0
split_feature=0 0 0 0 0 0
split_gain=0.126644 0.0357832 0.0140825 0.00120265 3.6592e-05 2.09825e-05
threshold=1.0000000180025095e-35 0.15000000000000005 0.75000000000000011 0.35000000000000003 0.25000000000000006 0.45000000000000007
decision_type=2 2 2 2 2 2
left_child=-1 -2 3 4 -3 -5
right_child=1 2 -4 5 -6 -7
leaf_value=0.016084268735418794 0.0014167334208056534 -0.0054581574272369341 -0.0010768990283361189 -0.0076237465350858921 -0.0046632227716542863 -0.009054454796555058
leaf_weight=4.327074270695447 15.348248898983 1.4414704849477868 5.6519805723801246 9.4358008932322246 0.96786286262795329 0.10363334300927896
leaf_count=18 28 22 78 30 20 14
internal_value=0 -0.0211229 -0.0518968 -0.071351 -0.0513882 -0.0763929
internal_weight=0 32.949 17.6007 11.9488 2.40933 9.53943
internal_count=210 192 164 86 42 44
shrinkage=0.1


Tree=54
num_leaves=7
num_cat=0
split_feature=0 0 0 0 0 0
split_gain=0.221837 0.0203045 0.0392759 0.012463 0.000254552 1.67314e-05
threshold=1.0000000180025095e-35 0.35000000000000003 0.45000000000000007 0.15000000000000005 0.75000000000000011 0.25000000000000006
decision_type=2 2 2 2 2 2
left_child=-1 3 -3 -2 -4 -5
right_child=1 2 4 5 -6 -7
leaf_value=-0.020716528843124651 0.0018181192622864564 0.010873189816606879 0.0037626154197995029 -0.0061034775054879834 -0.00010073626044720371 -0.0055680807889151949
leaf_weight=4.5204694494605056 15.671975955367094 7.2988958572968823 0.17558794782962639 1.4442815212532871 5.942606708034873 0.97956982185132802
leaf_count=18 28 30 14 22 78 20
internal_value=0 0.0297175 0.0591964 0.00786041 0.000101393 -0.058871
internal_weight=0 31.5129 13.4171 18.0958 6.11819 2.42385
internal_count=210 192 122 70 92 42
shrinkage=0.1


Tree=55
num_leaves=7
num_cat=0
split_feature=0 0 0 0 0 0
split_gain=0.0463941 0.0160382 0.00365711 0.000347164 0.000245147 2.66248e-06
threshold=1.0000000180025095e-35 0.15000000000000005 0.75000000000000011 0.35000000000000003 0.45000000000000007 0.25000000000000006
decision_type=2 2 2 2 2 2
left_child=-1 -2 3 5 -5 -3
right_child=1 2 -4 4 -6 -7
leaf_value=0.010542930206339902 0.0011266638846025394 -0.0054647013185549825 -0.0012221348688345114 -0.0039692285535127781 -0.0085407467317221118 -0.0052497095291026662
leaf_weight=3.7483540698885909 15.637681543827055 1.4355001181829732 5.7417894741520277 9.1226133797317726 0.11882982577662991 0.96208347450010467
leaf_count=18 28 22 78 30 14 20
internal_value=0 -0.0119687 -0.0328737 -0.0430619 -0.0402801 -0.0537843
internal_weight=0 33.0185 17.3808 11.639 9.24144 2.39758
internal_count=210 192 164 86 44 42
shrinkage=0.1


Tree=56
num_leaves=7
num_cat=0
split_feature=0 0 0 0 0 0
split_gain=0.316397 0.0349246 0.0617124 0.0100982 0.000148955 0.000112739
threshold=1.0000000180025095e-35 0.35000000000000003 0.45000000000000007 0.15000000000000005 0.75000000000000011 0.25000000000000006
decision_type=2 2 2 2 2 2
left_child=-1 3 -3 -2 -4 -5
right_child=1 2 4 5 -6 -7
leaf_value=-0.023209383064637611 0.0017742946776921728 0.013574451488119858 0.0031083109676529681 -0.0057615311287134065 -0.00011420408187887601 -0.0043618534362974857
leaf_weight=5.0587162636220446 15.489323139190679 7.5582179883494955 0.14706792379729439 1.436722859507426 5.8120984481647611 0.9599653547629714
leaf_count=18 28 30 14 22 78 20
internal_value=0 0.0373876 0.0757484 0.00839632 -0.000346747 -0.0520091
internal_weight=0 31.4034 13.5174 17.886 5.95917 2.39669
internal_count=210 192 122 70 92 42
shrinkage=0.1


Tree=57
num_leaves=7
num_cat=0
split_feature=0 0 0 0 0 0
split_gain=0.0128846 0.0064344 0.00355977 2.45824e-05 0.000570426 1.7104e-05
threshold=0.15000000000000005 1.0000000180025095e-35 0.35000000000000003 0.75000000000000011 0.45000000000000007 0.25000000000000006
decision_type=2 2 2 2 2 2
left_child=1 -1 5 4 -4 -2
right_child=2 -3 3 -5 -6 -7
leaf_value=0.0059121808655180196 -0.0053571836440279106 0.0009719670031715648 -0.0014127779003547947 -0.0012472461905642094 -0.0079603032095917538 -0.0059049745690490279
leaf_weight=3.1597244888544092 1.4276165855117171 15.919188767671585 8.8923707846552098 5.824698898009955 0.13508041086606759 0.94881915813311923
leaf_count=18 22 28 30 78 14 20
internal_value=0 0.0179013 -0.0198239 -0.0140741 -0.0151075 -0.055759
internal_weight=0 19.0789 17.2286 14.8522 9.02745 2.37644
internal_count=210 46 164 122 44 42
shrinkage=0.1


Tree=58
num_leaves=7
num_cat=0
split_feature=0 0 0 0 0 0
split_gain=0.0161404 0.00813986 0.00285586 0.000185789 0.000452283 6.39281e-06
threshold=1.0000000180025095e-35 0.15000000000000005 0.35000000000000003 0.75000000000000011 0.45000000000000007 0.25000000000000006
decision_type=2 2 2 2 2 2
left_child=-1 -2 5 4 -4 -3
right_child=1 2 3 -5 -6 -7
leaf_value=0.0066811911177022554 0.00097090293496827895 -0.0052488274002431504 -0.0018499314389606278 -0.001210679955733567 -0.0077624972969017499 -0.0055832331400575697
leaf_weight=3.2890102043747893 15.862781450152395 1.4290740725118696 8.9282256867736542 5.7978270854800931 0.13127956527751017 0.95282498328015197
leaf_count=18 28 22 30 78 14 20
internal_value=0 -0.00663844 -0.0216807 -0.0165272 -0.0193561 -0.053826
internal_weight=0 33.102 17.2392 14.8573 9.05951 2.3819
internal_count=210 192 164 122 44 42
shrinkage=0.1


Tree=59
num_leaves=7
num_cat=0
split_feature=0 0 0 0 0 0
split_gain=0.026688 0.0107077 0.00181106 0.000996482 0.000286847 2.27499e-08
threshold=1.0000000180025095e-35 0.15000000000000005 0.75000000000000011 0.35000000000000003 0.45000000000000007 0.25000000000000006
decision_type=2 2 2 2 2 2
left_child=-1 -2 3 5 -5 -3
right_child=1 2 -4 4 -6 -7
leaf_value=0.0083005254221103462 0.0010047452264544884 -0.0051521572331247427 -0.0011516776471778309 -0.0027823130053448251 -0.0076053758944514931 -0.0051322204360983292
leaf_weight=3.5022507794201365 15.763159438967703 1.4296025328803819 5.7589978286996475 9.0071840435266477 0.12502341531217176 0.95451132720336307
leaf_count=18 28 22 78 30 14 20
internal_value=0 -0.00879898 -0.0259957 -0.0332363 -0.0284834 -0.0514418
internal_weight=0 33.0385 17.2753 11.5163 9.13221 2.38411
internal_count=210 192 164 86 44 42
shrinkage=0.1


Tree=60
num_leaves=7
num_cat=0
split_feature=0 0 0 0 0 0
split_gain=0.0816522 0.0230531 0.00826971 0.000264092 3.99708e-05 3.14984e-05
threshold=1.0000000180025095e-35 0.15000000000000005 0.75000000000000011 0.35000000000000003 0.25000000000000006 0.45000000000000007
decision_type=2 2 2 2 2 2
left_child=-1 -2 3 4 -3 -5
right_child=1 2 -4 5 -6 -7
leaf_value=0.013440128660413796 0.0011622058660503279 -0.0050463843197194108 -0.0010042843844555913 -0.005871893107070118 -0.0042093904828554452 -0.0075732935881543707
leaf_weight=4.0275024510920039 15.493432998657225 1.4280420187860738 5.6738714184612027 9.2642103442922217 0.95019512833096076 0.11010482010897328
leaf_count=18 28 22 78 30 20 14
internal_value=0 -0.016443 -0.041395 -0.0565311 -0.0471197 -0.0589188
internal_weight=0 32.9199 17.4264 11.7526 2.37824 9.37432
internal_count=210 192 164 86 42 44
shrinkage=0.1


Tree=61
num_leaves=7
num_cat=0
split_feature=0 0 0 0 0 0
split_gain=0.253525 0.0250642 0.0444281 0.0095217 0.000306071 7.4359e-05
threshold=1.0000000180025095e-35 0.35000000000000003 0.45000000000000007 0.15000000000000005 0.75000000000000011 0.25000000000000006
decision_type=2 2 2 2 2 2
left_child=-1 3 -3 -2 -4 -5
right_child=1 2 4 5 -6 -7
leaf_value=-0.021746949322114975 0.0016915538572145269 0.011717152374832458 0.0043910507674980717 -0.005550415299078292 3.0625352112359925e-05 -0.0044105334688376513
leaf_weight=4.6672027334570876 15.612735211849218 7.367271048948167 0.16550871089566488 1.4292367971502238 5.8796071615070105 0.95447038009297092
leaf_count=18 28 30 14 22 78 20
internal_value=0 0.0323149 0.0650371 0.00792779 0.00150009 -0.0509399
internal_weight=0 31.4088 13.4124 17.9964 6.04512 2.38371
internal_count=210 192 122 70 92 42
shrinkage=0.1


Tree=62
num_leaves=7
num_cat=0
split_feature=0 0 0 0 0 0
split_gain=0.0227896 0.00888708 0.00186473 0.000670222 0.00027781 1.68285e-06
threshold=1.0000000180025095e-35 0.15000000000000005 0.35000000000000003 0.75000000000000011 0.45000000000000007 0.25000000000000006
decision_type=2 2 2 2 2 2
left_child=-1 -2 5 4 -4 -3
right_child=1 2 3 -5 -6 -7
leaf_value=0.007784546731832956 0.00090918411469379586 -0.0050552583480930431 -0.0024294329835347749 -0.0011174033823797946 -0.007136799484480455 -0.0048827222906494376
leaf_weight=3.4088345207273951 15.799920558929442 1.4200959338340937 8.9653427936136687 5.7709456486627451 0.12714738317299712 0.93917497538495809
leaf_count=18 28 22 30 78 14 20
internal_value=0 -0.00803578 -0.0237485 -0.0196029 -0.0249526 -0.0498658
internal_weight=0 33.0226 17.2227 14.8634 9.09249 2.35927
internal_count=210 192 164 122 44 42
shrinkage=0.1


Tree=63
num_leaves=7
num_cat=0
split_feature=0 0 0 0 0 0
split_gain=0.0524297 0.0155726 0.00462027 7.72622e-05 4.29098e-05 4.04095e-06
threshold=1.0000000180025095e-35 0.15000000000000005 0.75000000000000011 0.45000000000000007 0.25000000000000006 0.35000000000000003
decision_type=2 2 2 2 2 2
left_child=-1 -2 3 4 -3 -6
right_child=1 2 -4 -5 5 -7
leaf_value=0.011155268126841894 0.0010095148215596634 -0.004980526524150041 -0.0010170444889463321 -0.0070544959971795447 -0.0041950831737342939 -0.0044133076637319409
leaf_weight=3.7794730924069873 15.615792065858839 1.4183593568159256 5.7108126394450656 0.11644189385697323 0.93546060658991237 9.1331169214099646
leaf_count=18 28 22 78 14 20 30
internal_value=0 -0.0128032 -0.0334554 -0.0449155 -0.0446557 -0.0439303
internal_weight=0 32.93 17.3142 11.6034 11.4869 10.0686
internal_count=210 192 164 86 72 50
shrinkage=0.1


Tree=64
num_leaves=7
num_cat=0
split_feature=0 0 0 0 0 0
split_gain=0.300776 0.032785 0.055496 0.00803257 0.000262399 0.000176348
threshold=1.0000000180025095e-35 0.35000000000000003 0.45000000000000007 0.15000000000000005 0.75000000000000011 0.25000000000000006
decision_type=2 2 2 2 2 2
left_child=-1 3 -3 -2 -4 -5
right_child=1 2 4 5 -6 -7
leaf_value=-0.022898252777036915 0.0016370962807751056 0.013070386036108387 0.0042665847311988579 -0.0053382047765648541 3.9131384426551033e-05 -0.0035676126352408759
leaf_weight=4.9533307254314414 15.518093690276151 7.5012673400342447 0.15063125058077265 1.4181566791376092 5.8128445697948337 0.93232180317863811
leaf_count=18 28 30 14 22 78 20
internal_value=0 0.0361987 0.0734619 0.00811931 0.00145912 -0.046359
internal_weight=0 31.3333 13.4647 17.8686 5.96348 2.35048
internal_count=210 192 122 70 92 42
shrinkage=0.1


Tree=65
num_leaves=7
num_cat=0
split_feature=0 0 0 0 0 0
split_gain=0.0139846 0.00641033 0.00234618 0.00017283 0.00031801 9.48393e-07
threshold=1.0000000180025095e-35 0.15000000000000005 0.35000000000000003 0.75000000000000011 0.45000000000000007 0.25000000000000006
decision_type=2 2 2 2 2 2
left_child=-1 -2 5 4 -4 -3
right_child=1 2 3 -5 -6 -7
leaf_value=0.0063156567371752508 0.0008356547869472525 -0.0049544990431265 -0.0016894246946507043 -0.0010622604811040724 -0.0066219984912566148 -0.0048239281642766738
leaf_weight=3.1967893783003083 15.898559004068373 1.4088674800004839 8.8919657468795741 5.7991367634385815 0.13265518308617252 0.91923909448087204
leaf_count=18 28 22 30 78 14 20
internal_value=0 -0.00610879 -0.0195171 -0.0148822 -0.0176193 -0.0490294
internal_weight=0 33.0504 17.1519 14.8238 9.02462 2.32811
internal_count=210 192 164 122 44 42
shrinkage=0.1


Tree=66
num_leaves=7
num_cat=0
split_feature=0 0 0 0 0 0
split_gain=0.0201389 0.00779758 0.00168753 0.000617494 0.000221869 1.03334e-05
threshold=1.0000000180025095e-35 0.15000000000000005 0.35000000000000003 0.75000000000000011 0.45000000000000007 0.25000000000000006
decision_type=2 2 2 2 2 2
left_child=-1 -2 5 4 -4 -3
right_child=1 2 3 -5 -6 -7
leaf_value=0.0073811244891089887 0.00085059363598299085 -0.0049010726917683009 -0.0022892751008914644 -0.0010254477923967186 -0.0064813357828964876 -0.0044698616343338627
leaf_weight=3.3553286194801322 15.827377319335936 1.4078104592626943 8.9440106023102963 5.7726922631263724 0.12806061317678619 0.91817927185911685
leaf_count=18 28 22 30 78 14 20
internal_value=0 -0.00750532 -0.0222639 -0.0183397 -0.0234845 -0.0473085
internal_weight=0 32.9981 17.1708 14.8448 9.07207 2.32599
internal_count=210 192 164 122 44 42
shrinkage=0.1


Tree=67
num_leaves=7
num_cat=0
split_feature=0 0 0 0 0 0
split_gain=0.0402459 0.0123196 0.0034258 0.000131918 7.99818e-05 1.13873e-06
threshold=1.0000000180025095e-35 0.15000000000000005 0.75000000000000011 0.25000000000000006 0.45000000000000007 0.35000000000000003
decision_type=2 2 2 2 2 2
left_child=-1 -2 3 -3 5 -5
right_child=1 2 -4 4 -6 -7
leaf_value=0.0099556668742275551 0.00092285373245477561 -0.0048525858555475169 -0.00095165371601214866 -0.0038942511403711718 -0.0063915334333206029 -0.003777146426316809
leaf_weight=3.6547449491918078 15.681624904274939 1.4055870894808329 5.725639601238071 0.91403204656671444 0.11939387675374824 9.0716946981847286
leaf_count=18 28 22 78 20 14 30
internal_value=0 -0.0110534 -0.0295058 -0.0394489 -0.0381863 -0.0378787
internal_weight=0 32.918 17.2363 11.5107 10.1051 9.98573
internal_count=210 192 164 86 64 50
shrinkage=0.1


Tree=68
num_leaves=7
num_cat=0
split_feature=0 0 0 0 0 0
split_gain=0.330776 0.0383015 0.0624297 0.00658416 0.000338179 0.000234339
threshold=1.0000000180025095e-35 0.35000000000000003 0.45000000000000007 0.15000000000000005 0.25000000000000006 0.75000000000000011
decision_type=2 2 2 2 2 2
left_child=-1 3 -3 -2 -5 -4
right_child=1 2 5 4 -6 -7
leaf_value=-0.023227999867949298 0.0015869340794556217 0.013859232022494745 0.0042521223683604772 -0.0051107943573801993 -0.0026316933838916997 6.2967709591042075e-05
leaf_weight=5.2494012452661982 15.420996889472013 7.6536801783367974 0.13671020581386972 1.4038433341775083 0.9049505442380904 5.7477363143116236
leaf_count=18 28 30 14 22 20 78
internal_value=0 0.0389963 0.0790489 0.00841285 -0.0413909 0.00160292
internal_weight=0 31.2679 13.5381 17.7298 2.30879 5.88445
internal_count=210 192 122 70 42 92
shrinkage=0.1


Tree=69
num_leaves=7
num_cat=0
split_feature=0 0 0 0 0 0
split_gain=0.0113563 0.00561575 0.00218589 0.000156185 0.000260673 7.47036e-06
threshold=1.0000000180025095e-35 0.15000000000000005 0.35000000000000003 0.75000000000000011 0.45000000000000007 0.25000000000000006
decision_type=2 2 2 2 2 2
left_child=-1 -2 5 4 -4 -3
right_child=1 2 3 -5 -6 -7
leaf_value=0.0057736199738029886 0.00080625924562431031 -0.0048236517488332645 -0.001552785327023627 -0.00095385498764191667 -0.0059905479152219908 -0.0044533136179376025
leaf_weight=3.1133911032229653 15.941624656319616 1.394803842762488 8.8728289175778592 5.8061075042933217 0.13436762057244855 0.89367129979655135
leaf_count=18 28 22 30 78 14 20
internal_value=0 -0.00543996 -0.0180265 -0.0135829 -0.0161899 -0.0467903
internal_weight=0 33.0434 17.1018 14.8133 9.0072 2.28848
internal_count=210 192 164 122 44 42
shrinkage=0.1


Tree=70
num_leaves=7
num_cat=0
split_feature=0 0 0 0 0 0
split_gain=0.0146165 0.00625822 0.00177145 0.000367639 0.000202589 2.11568e-05
threshold=1.0000000180025095e-35 0.15000000000000005 0.35000000000000003 0.75000000000000011 0.45000000000000007 0.25000000000000006
decision_type=2 2 2 2 2 2
left_child=-1 -2 5 4 -4 -3
right_child=1 2 3 -5 -6 -7
leaf_value=0.0064217258041855338 0.0008005639825823252 -0.0047903730305096023 -0.0018971494189920378 -0.00093377582173602902 -0.0058571942693248034 -0.0041666977256067618
leaf_weight=3.2285063080489627 15.891744300723074 1.3933562841266423 8.9028747323900426 5.7881826711818567 0.13108823972288597 0.89219809230416991
leaf_count=18 28 22 30 78 14 20
internal_value=0 -0.00628272 -0.0195555 -0.0155597 -0.0195461 -0.0454691
internal_weight=0 32.9994 17.1077 14.8221 9.03396 2.28555
internal_count=210 192 164 122 44 42
shrinkage=0.1


Tree=71
num_leaves=7
num_cat=0
split_feature=0 0 0 0 0 0
split_gain=0.0222514 0.00795753 0.00167734 0.000548566 0.00012299 5.22975e-05
threshold=1.0000000180025095e-35 0.15000000000000005 0.75000000000000011 0.35000000000000003 0.45000000000000007 0.25000000000000006
decision_type=2 2 2 2 2 2
left_child=-1 -2 3 5 -5 -3
right_child=1 2 -4 4 -6 -7
leaf_value=0.0076937903298886327 0.00082226298883630075 -0.0047626799078914275 -0.00089861095755296963 -0.0026015440573582739 -0.0057482454847854391 -0.0037807523322312114
leaf_weight=3.4067321941256514 15.809839695692061 1.3912040544673812 5.7613410577177993 8.9648135527968389 0.12595603941008526 0.88901007652748354
leaf_count=18 28 22 78 30 14 20
internal_value=0 -0.00795659 -0.0228869 -0.02993 -0.0264514 -0.0437985
internal_weight=0 32.9422 17.1323 11.371 9.09077 2.28021
internal_count=210 192 164 86 44 42
shrinkage=0.1


Tree=72
num_leaves=7
num_cat=0
split_feature=0 0 0 0 0 0
split_gain=0.0515426 0.0143385 0.00511343 4.07677e-05 0.000145107 1.49198e-05
threshold=1.0000000180025095e-35 0.15000000000000005 0.75000000000000011 0.35000000000000003 0.25000000000000006 0.45000000000000007
decision_type=2 2 2 2 2 2
left_child=-1 -2 3 4 -3 -5
right_child=1 2 -4 5 -6 -7
leaf_value=0.011064536259367059 0.00092161365702299628 -0.0047323977242759302 -0.0008138854251744077 -0.0045535536122563013 -0.0030923344638223143 -0.0056978999279931764
leaf_weight=3.7761015295982352 15.625393509864805 1.3879044146742683 5.7061470868065944 9.1319377301260811 0.88248578982893355 0.1153718269197278
leaf_count=18 28 22 78 30 20 14
internal_value=0 -0.0127189 -0.0326184 -0.0447461 -0.0409492 -0.0456783
internal_weight=0 32.8492 17.2238 11.5177 2.27039 9.24731
internal_count=210 192 164 86 42 44
shrinkage=0.1


Tree=73
num_leaves=7
num_cat=0
split_feature=0 0 0 0 0 0
split_gain=0.301487 0.032347 0.0526893 0.00625991 0.000372743 0.00036045
threshold=1.0000000180025095e-35 0.35000000000000003 0.45000000000000007 0.15000000000000005 0.25000000000000006 0.75000000000000011
decision_type=2 2 2 2 2 2
left_child=-1 3 -3 -2 -5 -4
right_child=1 2 5 4 -6 -7
leaf_value=-0.022907244543882217 0.0015519226381755346 0.012905076744665255 0.0051611607517251705 -0.0050969902676209419 -0.0024638265142225375 0.0001861816399408289
leaf_weight=4.958675790578126 15.522440120577818 7.5069952178746444 0.14937877992633719 1.3866432218346738 0.87798129126895197 5.8091742559336126
leaf_count=18 28 30 14 22 20 78
internal_value=0 0.0363456 0.0733211 0.00835367 -0.0407613 0.00310903
internal_weight=0 31.2526 13.4655 17.7871 2.26462 5.95855
internal_count=210 192 122 70 42 92
shrinkage=0.1


Tree=74
num_leaves=7
num_cat=0
split_feature=0 0 0 0 0 0
split_gain=0.0139076 0.00566841 0.00157238 0.000388849 0.000160367 5.8387e-05
threshold=1.0000000180025095e-35 0.15000000000000005 0.35000000000000003 0.75000000000000011 0.45000000000000007 0.25000000000000006
decision_type=2 2 2 2 2 2
left_child=-1 -2 5 4 -4 -3
right_child=1 2 3 -5 -6 -7
leaf_value=0.0062938243649238463 0.00074724347376587221 -0.0047482630047668692 -0.0018625871893064973 -0.00086415606663439628 -0.0053817013817458919 -0.0037002553206502116
leaf_weight=3.2002832517027846 15.904593437910078 1.3781480995239719 8.8936381433159077 5.7954886658117166 0.13140708394348699 0.86543181538581826
leaf_count=18 28 22 30 78 14 20
internal_value=0 -0.00610946 -0.0187685 -0.0150336 -0.0191383 -0.0434401
internal_weight=0 32.9687 17.0641 14.8205 9.02505 2.24358
internal_count=210 192 164 122 44 42
shrinkage=0.1


Tree=75
num_leaves=7
num_cat=0
split_feature=0 0 0 0 0 0
split_gain=0.0203351 0.00705159 0.00154189 0.000558728 9.3553e-05 5.86462e-05
threshold=1.0000000180025095e-35 0.15000000000000005 0.75000000000000011 0.25000000000000006 0.45000000000000007 0.35000000000000003
decision_type=2 2 2 2 2 2
left_child=-1 -2 3 -3 5 -5
right_child=1 2 -4 4 -6 -7
leaf_value=0.0074072735387645944 0.00076377101827736454 -0.0047332056070492623 -0.00083580694218779819 -0.0033359208435089945 -0.005282126971922917 -0.0024721023906782002
leaf_weight=3.3626731522381297 15.830812603235243 1.3756106197834022 5.7722643413580945 0.86163346190005263 0.12676214554812837 8.9478165367618203
leaf_count=18 28 22 78 20 14 30
internal_value=0 -0.00756747 -0.0216572 -0.0284436 -0.0258286 -0.0254798
internal_weight=0 32.9149 17.0841 11.3118 9.93621 9.80945
internal_count=210 192 164 86 64 50
shrinkage=0.1


Tree=76
num_leaves=7
num_cat=0
split_feature=0 0 0 0 0 0
split_gain=0.0419936 0.011721 0.0040495 7.34497e-05 0.000135488 1.66031e-05
threshold=1.0000000180025095e-35 0.15000000000000005 0.75000000000000011 0.25000000000000006 0.35000000000000003 0.45000000000000007
decision_type=2 2 2 2 2 2
left_child=-1 -2 3 -3 -5 -6
right_child=1 2 -4 4 5 -7
leaf_value=0.010137462015936724 0.00084178783696053623 -0.0047147533556310441 -0.00077047179863118246 -0.0027310527242574295 -0.0040314561449524338 -0.0052263251276305957
leaf_weight=3.6749139539897433 15.677403122186659 1.3722774969646714 5.7266987594775847 0.85545361670665343 9.0828831195831281 0.11780011293012728
leaf_count=18 28 22 78 20 30 14
internal_value=0 -0.0113468 -0.029409 -0.0402848 -0.0393483 -0.0404675
internal_weight=0 32.8325 17.1551 11.4284 10.0561 9.20068
internal_count=210 192 164 86 64 44
shrinkage=0.1


Tree=77
num_leaves=7
num_cat=0
split_feature=0 0 0 0 0 0
split_gain=0.325362 0.0367808 0.0584596 0.00524564 0.000605101 0.000332933
threshold=1.0000000180025095e-35 0.35000000000000003 0.45000000000000007 0.15000000000000005 0.25000000000000006 0.75000000000000011
decision_type=2 2 2 2 2 2
left_child=-1 3 -3 -2 -5 -4
right_child=1 2 5 4 -6 -7
leaf_value=-0.023202354965591272 0.0015028580811890643 0.013566008674486299 0.0051519172635160213 -0.0049971475574492443 -0.0015974358875792906 0.0001953414470987966
leaf_weight=5.1826477013528338 15.448621556162839 7.6213699998334032 0.13877726078499095 1.370258993469178 0.84723479952663172 5.7680625095963478
leaf_count=18 28 30 14 22 20 78
internal_value=0 0.0385485 0.077788 0.00850006 -0.0369822 0.00311793
internal_weight=0 31.1943 13.5282 17.6661 2.21749 5.90684
internal_count=210 192 122 70 42 92
shrinkage=0.1


Tree=78
num_leaves=7
num_cat=0
split_feature=0 0 0 0 0 0
split_gain=0.011785 0.00498518 0.00148519 0.000344295 0.000134192 0.000102343
threshold=1.0000000180025095e-35 0.15000000000000005 0.35000000000000003 0.75000000000000011 0.45000000000000007 0.25000000000000006
decision_type=2 2 2 2 2 2
left_child=-1 -2 5 4 -4 -3
right_child=1 2 3 -5 -6 -7
leaf_value=0.0058628807189322982 0.00071384914988971806 -0.004705990834416353 -0.0017270021356946448 -0.00078684251188106179 -0.0049283720847293653 -0.0033015320738300235
leaf_weight=3.1310631968080989 15.939281880855559 1.3628411288373201 8.8770801275968516 5.8080345848575226 0.13289518374949771 0.83781428216025211
leaf_count=18 28 22 30 78 14 20
internal_value=0 -0.00556984 -0.0174722 -0.0138721 -0.0177422 -0.041713
internal_weight=0 32.9579 17.0187 14.818 9.00998 2.20066
internal_count=210 192 164 122 44 42
shrinkage=0.1


Tree=79
num_leaves=7
num_cat=0
split_feature=0 0 0 0 0 0
split_gain=0.0156222 0.00573982 0.00117634 0.000729702 8.90561e-05 5.93975e-05
threshold=1.0000000180025095e-35 0.15000000000000005 0.75000000000000011 0.25000000000000006 0.45000000000000007 0.35000000000000003
decision_type=2 2 2 2 2 2
left_child=-1 -2 3 -3 5 -5
right_child=1 2 -4 4 -6 -7
leaf_value=0.0066077048638363617 0.0007136266610986066 -0.0046971411251057133 -0.00077141380359953054 -0.0029989050915332498 -0.0048331494970063147 -0.0021166465383684985
leaf_weight=3.2559000980108967 15.884266763925551 1.360421558609233 5.7912206267938009 0.83454829046968093 0.12937985535245466 8.91215337254107
leaf_count=18 28 22 78 20 14 30
internal_value=0 -0.00653683 -0.0192917 -0.0252588 -0.0222679 -0.0219219
internal_weight=0 32.912 17.0277 11.2365 9.87608 9.7467
internal_count=210 192 164 86 64 50
shrinkage=0.1


Tree=80
num_leaves=7
num_cat=0
split_feature=0 0 0 0 0 0
split_gain=0.0252706 0.00781324 0.00223335 0.000361325 4.11591e-05 1.13374e-05
threshold=1.0000000180025095e-35 0.15000000000000005 0.75000000000000011 0.25000000000000006 0.45000000000000007 0.35000000000000003
decision_type=2 2 2 2 2 2
left_child=-1 -2 3 -3 5 -5
right_child=1 2 -4 4 -6 -7
leaf_value=0.008131626893433927 0.00074718009239030164 -0.0046869628565227592 -0.00073757627925431085 -0.0025712744724988232 -0.0047611083373730843 -0.0029575349779590813
leaf_weight=3.4577726535499087 15.789627864956854 1.3575887411134324 5.7629196932539335 0.83008683286606977 0.12360724864993322 8.9867312535643578
leaf_count=18 28 22 78 20 14 30
internal_value=0 -0.00855916 -0.0233956 -0.031567 -0.0294771 -0.0292487
internal_weight=0 32.8506 17.0609 11.298 9.94043 9.81682
internal_count=210 192 164 86 64 50
shrinkage=0.1


Tree=81
num_leaves=7
num_cat=0
split_feature=0 0 0 0 0 0
split_gain=0.0707094 0.0171806 0.00796373 0.000746509 0.000441798 8.04646e-06
threshold=1.0000000180025095e-35 0.15000000000000005 0.75000000000000011 0.35000000000000003 0.25000000000000006 0.45000000000000007
decision_type=2 2 2 2 2 2
left_child=-1 -2 3 4 -3 -5
right_child=1 2 -4 5 -6 -7
leaf_value=0.012678776471915688 0.00088792995051928001 -0.0046564944258715617 -0.00064088650165304334 -0.0056131030218944285 -0.0017179276579246405 -0.0047540463839285015
leaf_weight=3.9275660738348952 15.54907216131687 1.353879854315893 5.6945432862266889 9.2127024577930552 0.82241277210414399 0.11033968813717444
leaf_count=18 28 22 78 30 20 14
internal_value=0 -0.0152084 -0.0369917 -0.0521366 -0.0354602 -0.0560294
internal_weight=0 32.743 17.1939 11.4993 2.17629 9.32304
internal_count=210 192 164 86 42 44
shrinkage=0.1


Tree=82
num_leaves=7
num_cat=0
split_feature=0 0 0 0 0 0
split_gain=0.265328 0.0265086 0.0425156 0.00531858 0.000574395 0.000507804
threshold=1.0000000180025095e-35 0.35000000000000003 0.75000000000000011 0.15000000000000005 0.25000000000000006 0.45000000000000007
decision_type=2 2 2 2 2 2
left_child=-1 3 5 -2 -5 -3
right_child=1 2 -4 4 -6 -7
leaf_value=-0.022059437516740901 0.0014593289740691578 0.011775267324050008 0.00031263543908458631 -0.0050828195907861315 -0.0017348113044068103 0.0060751938124558053
leaf_weight=4.7342464327812186 15.594671502709394 7.4040048960596305 5.869275972712785 1.3539213173789897 0.8244861332932486 0.15966164181008924
leaf_count=18 28 30 78 22 20 14
internal_value=0 0.0334662 0.0669913 0.00812785 -0.0381566 0.116549
internal_weight=0 31.206 13.4329 17.7731 2.17841 7.56367
internal_count=210 192 122 70 42 44
shrinkage=0.1


Tree=83
num_leaves=7
num_cat=0
split_feature=0 0 0 0 0 0
split_gain=0.0199897 0.00614022 0.00157462 0.000568254 5.41931e-05 5.54714e-07
threshold=1.0000000180025095e-35 0.15000000000000005 0.75000000000000011 0.25000000000000006 0.45000000000000007 0.35000000000000003
decision_type=2 2 2 2 2 2
left_child=-1 -2 3 -3 5 -5
right_child=1 2 -4 4 -6 -7
leaf_value=0.0073705650256433363 0.0006673764492850109 -0.0046863884013491402 -0.0007286781197454261 -0.0023909179394826564 -0.00455162650037435 -0.0024772340231806081
leaf_weight=3.3400401510298243 15.840124905109404 1.3468191237188882 5.7862577293999484 0.81218715140130093 0.12669612548779774 8.9384979866445065
leaf_count=18 28 22 78 20 14 30
internal_value=0 -0.00749393 -0.0206869 -0.0275949 -0.0249674 -0.0247004
internal_weight=0 32.8506 17.0105 11.2242 9.87738 9.75069
internal_count=210 192 164 86 64 50
shrinkage=0.1


Tree=84
num_leaves=7
num_cat=0
split_feature=0 0 0 0 0 0
split_gain=0.0397533 0.010232 0.00389147 9.67214e-05 0.000332345 3.95995e-06
threshold=1.0000000180025095e-35 0.15000000000000005 0.75000000000000011 0.25000000000000006 0.35000000000000003 0.45000000000000007
decision_type=2 2 2 2 2 2
left_child=-1 -2 3 -3 -5 -6
right_child=1 2 -4 4 5 -7
leaf_value=0.00992139648715646 0.00074255204343511082 -0.0046655461166889584 -0.00067395402554783896 -0.001816261739116907 -0.0039254033384018058 -0.0045078638315027963
leaf_weight=3.6353260539472094 15.695740908384321 1.3438673007767654 5.7436756175011388 0.80700308817904332 9.0647505978122336 0.11824569734744804
leaf_count=18 28 22 78 20 30 14
internal_value=0 -0.0110052 -0.0279445 -0.0386906 -0.0376192 -0.039329
internal_weight=0 32.7733 17.0775 11.3339 9.99 9.183
internal_count=210 192 164 86 64 44
shrinkage=0.1


Tree=85
num_leaves=7
num_cat=0
split_feature=0 0 0 0 0 0
split_gain=0.330272 0.0382146 0.0593033 0.00407801 0.000977571 0.00036146
threshold=1.0000000180025095e-35 0.35000000000000003 0.45000000000000007 0.15000000000000005 0.25000000000000006 0.75000000000000011
decision_type=2 2 2 2 2 2
left_child=-1 3 -3 -2 -5 -4
right_child=1 2 5 4 -6 -7
leaf_value=-0.023132352313618737 0.0014099506690275745 0.013703046774160222 0.0054980592052401847 -0.0048960762807494056 -0.00047807526700734918 0.00024573116109606467
leaf_weight=5.2772563844919196 15.414066866040235 7.6729657091200334 0.13407547667156894 1.3421636610291892 0.79898327495902755 5.760333904530853
leaf_count=18 28 30 14 22 20 78
internal_value=0 0.0392241 0.0790836 0.00841902 -0.0324747 0.00365202
internal_weight=0 31.1226 13.5674 17.5552 2.14115 5.89441
internal_count=210 192 122 70 42 92
shrinkage=0.1


Tree=86
num_leaves=7
num_cat=0
split_feature=0 0 0 0 0 0
split_gain=0.0115318 0.00434652 0.00126697 0.000499561 7.86268e-05 3.08561e-05
threshold=1.0000000180025095e-35 0.15000000000000005 0.25000000000000006 0.75000000000000011 0.45000000000000007 0.35000000000000003
decision_type=2 2 2 2 2 2
left_child=-1 -2 -3 4 5 -4
right_child=1 2 3 -5 -6 -7
leaf_value=0.0058182005263963275 0.00063465136249512329 -0.0046198205177042512 -0.0024122136182671218 -0.00067825868266378233 -0.0042649172763618388 -0.0017614400447524621
leaf_weight=3.1121932044625273 15.948701009154318 1.3368517350172648 0.79377941833808563 5.8180767823941997 0.13278664904646653 8.871127100661397
leaf_count=18 28 22 20 78 14 30
internal_value=0 -0.00550354 -0.0166518 -0.0141224 -0.0184809 -0.0181489
internal_weight=0 32.9013 16.9526 15.6158 9.79769 9.66491
internal_count=210 192 164 142 64 50
shrinkage=0.1


Tree=87
num_leaves=7
num_cat=0
split_feature=0 0 0 0 0 0
split_gain=0.0150352 0.00500662 0.00120157 0.000710588 5.47036e-05 1.87023e-08
threshold=1.0000000180025095e-35 0.15000000000000005 0.75000000000000011 0.25000000000000006 0.45000000000000007 0.35000000000000003
decision_type=2 2 2 2 2 2
left_child=-1 -2 3 -3 5 -5
right_child=1 2 -4 4 -6 -7
leaf_value=0.0065089003842580817 0.00063500197412528884 -0.0046068925016205849 -0.000667836440251879 -0.00213531253157844 -0.0041897574132917044 -0.0021192710895546517
leaf_weight=3.231154801324009 15.89650699496269 1.3347863818053163 5.8023295244202009 0.79138831072486671 0.12947386875748712 8.9035752909258008
leaf_count=18 28 22 78 20 14 30
internal_value=0 -0.00640066 -0.0183507 -0.0244198 -0.0214785 -0.0212058
internal_weight=0 32.8581 16.9616 11.1592 9.82444 9.69496
internal_count=210 192 164 86 64 50
shrinkage=0.1


Tree=88
num_leaves=7
num_cat=0
split_feature=0 0 0 0 0 0
split_gain=0.0234804 0.00674762 0.00213989 0.000377007 9.46552e-05 1.94464e-05
threshold=1.0000000180025095e-35 0.15000000000000005 0.75000000000000011 0.25000000000000006 0.35000000000000003 0.45000000000000007
decision_type=2 2 2 2 2 2
left_child=-1 -2 3 -3 -5 -6
right_child=1 2 -4 4 5 -7
leaf_value=0.0078868525667276403 0.00066497461743771687 -0.0045897415353010921 -0.00064167768521764294 -0.0017466833468493662 -0.0028717930906083235 -0.0041319658030363254
leaf_weight=3.4185530357062808 15.809284552931784 1.3325182131957269 5.7761873649433246 0.78826658986508735 8.9707783749327046 0.124150426010602
leaf_count=18 28 22 78 20 30 14
internal_value=0 -0.00821972 -0.0220543 -0.0301077 -0.0279789 -0.02889
internal_weight=0 32.8012 16.9919 11.2157 9.8832 9.09493
internal_count=210 192 164 86 64 44
shrinkage=0.1


Tree=89
num_leaves=7
num_cat=0
split_feature=0 0 0 0 0 0
split_gain=0.0585338 0.0138297 0.00657051 0.000571335 0.000621402 1.00572e-05
threshold=1.0000000180025095e-35 0.15000000000000005 0.75000000000000011 0.35000000000000003 0.25000000000000006 0.45000000000000007
decision_type=2 2 2 2 2 2
left_child=-1 -2 3 4 -3 -5
right_child=1 2 -4 5 -6 -7
leaf_value=0.011705365150268222 0.00078393361943977075 -0.004553944926020145 -0.00056706106146613762 -0.0050717303283463536 -0.0010028915663377923 -0.0041209922751141098
leaf_weight=3.8247704915702334 15.603635191917418 1.3297308424953382 5.7171250772662452 9.1597391720861179 0.78293456288520225 0.11263287824113
leaf_count=18 28 22 78 30 20 14
internal_value=0 -0.0136888 -0.0333306 -0.0472204 -0.0323796 -0.0506018
internal_weight=0 32.7058 17.1022 11.385 2.11267 9.27237
internal_count=210 192 164 86 42 44
shrinkage=0.1


Tree=90
num_leaves=7
num_cat=0
split_feature=0 0 0 0 0 0
split_gain=0.285405 0.0294944 0.0461316 0.00416936 0.000871389 0.00052852
threshold=1.0000000180025095e-35 0.35000000000000003 0.45000000000000007 0.15000000000000005 0.25000000000000006 0.75000000000000011
decision_type=2 2 2 2 2 2
left_child=-1 3 -3 -2 -5 -4
right_child=1 2 5 4 -6 -7
leaf_value=-0.022547944510989248 0.0013966383783555758 0.012292330781300653 0.0063162740023604662 -0.0048949762188575108 -0.00069230920339343198 0.00036382834332388621
leaf_weight=4.8562419470399609 15.557618170976644 7.4623145023360831 0.15307048067916174 1.3301104629645117 0.7842461677500977 5.8481306307949126
leaf_count=18 28 30 14 22 20 78
internal_value=0 0.0351683 0.0704302 0.00830386 -0.0333614 0.00515655
internal_weight=0 31.1355 13.4635 17.672 2.11436 6.0012
internal_count=210 192 122 70 42 92
shrinkage=0.1


Tree=91
num_leaves=7
num_cat=0
split_feature=0 0 0 0 0 0
split_gain=0.0162477 0.00492228 0.00132337 0.000624041 3.92438e-05 1.80771e-05
threshold=1.0000000180025095e-35 0.15000000000000005 0.75000000000000011 0.25000000000000006 0.45000000000000007 0.35000000000000003
decision_type=2 2 2 2 2 2
left_child=-1 -2 3 -3 5 -5
right_child=1 2 -4 4 -6 -7
leaf_value=0.0067406230115636045 0.00059649143567270006 -0.0045290216374459054 -0.00062924540665471322 -0.0017309039026567 -0.0039521259215477677 -0.0022340952701626385
leaf_weight=3.2534717638045541 15.884203895926474 1.324817206477747 5.8014457346871486 0.77614130580331853 0.12861340097151774 8.9086612556129694
leaf_count=18 28 22 78 20 14 30
internal_value=0 -0.00668123 -0.0185394 -0.0249184 -0.0221681 -0.0219377
internal_weight=0 32.8239 16.9397 11.1382 9.81342 9.6848
internal_count=210 192 164 86 64 50
shrinkage=0.1


Tree=92
num_leaves=7
num_cat=0
split_feature=0 0 0 0 0 0
split_gain=0.0267093 0.00704451 0.0025173 0.000267097 0.000235311 7.39713e-06
threshold=1.0000000180025095e-35 0.15000000000000005 0.75000000000000011 0.25000000000000006 0.35000000000000003 0.45000000000000007
decision_type=2 2 2 2 2 2
left_child=-1 -2 3 -3 -5 -6
right_child=1 2 -4 4 5 -7
leaf_value=0.0083523778365475181 0.00063798144681441438 -0.004504933483735935 -0.00059990449495242926 -0.0013172019429298649 -0.003123485134030489 -0.0039053278576276964
leaf_weight=3.4626681096851817 15.785552218556402 1.3227905333042151 5.7717520063742986 0.77340942330192675 8.9877314027398807 0.12266242434270758
leaf_count=18 28 22 78 20 30 14
internal_value=0 -0.00882725 -0.022966 -0.0317045 -0.0299185 -0.0313401
internal_weight=0 32.7639 16.9783 11.2066 9.8838 9.11039
internal_count=210 192 164 86 64 44
shrinkage=0.1


Tree=93
num_leaves=7
num_cat=0
split_feature=0 0 0 0 0 0
split_gain=0.0793619 0.0173379 0.00935016 0.0015898 0.000789028 4.8739e-05
threshold=1.0000000180025095e-35 0.15000000000000005 0.75000000000000011 0.35000000000000003 0.25000000000000006 0.45000000000000007
decision_type=2 2 2 2 2 2
left_child=-1 -2 3 4 -3 -5
right_child=1 2 -4 5 -6 -7
leaf_value=0.013352498535826349 0.00079760925209577591 -0.004453577253912276 -0.00050707515809688699 -0.0060479352420061338 -0.00042203143783727513 -0.00391564413110393
leaf_weight=3.9689100161194792 15.524102240800856 1.3201397371012729 5.6977851702831677 9.2361790714785439 0.76779751887079317 0.10845596191939044
leaf_count=18 28 22 78 30 20 14
internal_value=0 -0.016229 -0.0381645 -0.0546577 -0.0297106 -0.0602319
internal_weight=0 32.6545 17.1304 11.4326 2.08794 9.34464
internal_count=210 192 164 86 42 44
shrinkage=0.1


Tree=94
num_leaves=7
num_cat=0
split_feature=0 0 0 0 0 0
split_gain=0.253026 0.024834 0.0389508 0.00402364 0.000834302 0.000350018
threshold=1.0000000180025095e-35 0.35000000000000003 0.75000000000000011 0.15000000000000005 0.25000000000000006 0.45000000000000007
decision_type=2 2 2 2 2 2
left_child=-1 3 5 -2 -5 -3
right_child=1 2 -4 4 -6 -7
leaf_value=-0.021697674068553847 0.0013495452344495151 0.011360957426228762 0.0004063785926183893 -0.0048437087337546798 -0.00071057746514249006 0.0066630619973248734
leaf_weight=4.6731377169489852 15.61117927730084 7.3767668614163977 5.8897214191965759 1.321680175722576 0.77462993469089259 0.16207715764176087
leaf_count=18 28 30 78 22 20 14
internal_value=0 0.0325655 0.0649962 0.00797161 -0.0331643 0.1126
internal_weight=0 31.1361 13.4286 17.7075 2.09631 7.53884
internal_count=210 192 122 70 42 44
shrinkage=0.1


Tree=95
num_leaves=7
num_cat=0
split_feature=0 0 0 0 0 0
split_gain=0.0240073 0.00605421 0.00210477 0.000332825 0.000200363 1.07075e-05
threshold=1.0000000180025095e-35 0.15000000000000005 0.75000000000000011 0.25000000000000006 0.35000000000000003 0.45000000000000007
decision_type=2 2 2 2 2 2
left_child=-1 -2 3 -3 -5 -6
right_child=1 2 -4 4 5 -7
leaf_value=0.0080001629683914711 0.00057753724987871606 -0.0044385065470303213 -0.00059464448818827103 -0.0011909661974084359 -0.0028636046964491636 -0.0037980371437740857
leaf_weight=3.3984208740293971 15.810318514704703 1.316423793439754 5.783041574060916 0.7647218827623864 8.9587129177525622 0.12433067115489473
leaf_count=18 28 22 78 20 30 14
internal_value=0 -0.00829975 -0.0214306 -0.0294514 -0.0274551 -0.028764
internal_weight=0 32.7575 16.9472 11.1642 9.84777 9.08304
internal_count=210 192 164 86 64 44
shrinkage=0.1


Tree=96
num_leaves=7
num_cat=0
split_feature=0 0 0 0 0 0
split_gain=0.0584032 0.012705 0.00640064 0.000708887 0.000739188 1.68366e-05
threshold=1.0000000180025095e-35 0.15000000000000005 0.75000000000000011 0.35000000000000003 0.25000000000000006 0.45000000000000007
decision_type=2 2 2 2 2 2
left_child=-1 -2 3 4 -3 -5
right_child=1 2 -4 5 -6 -7
leaf_value=0.011740527730174678 0.00069723640127060296 -0.00439308269742264 -0.00052547067562862585 -0.0050172449881207976 -0.00047610780333802737 -0.0037893548236627474
leaf_weight=3.7959291525185099 15.609523504972456 1.314247964997777 5.7247146363370112 9.1439454676583392 0.76061595289502271 0.11305029632058072
leaf_count=18 28 22 78 30 20 14
internal_value=0 -0.0136429 -0.0325093 -0.046278 -0.0295717 -0.0500225
internal_weight=0 32.6661 17.0566 11.3319 2.07486 9.257
internal_count=210 192 164 86 42 44
shrinkage=0.1


Tree=97
num_leaves=7
num_cat=0
split_feature=0 0 0 0 0 0
split_gain=0.285739 0.0302149 0.0464816 0.00344969 0.00100529 0.000511897
threshold=1.0000000180025095e-35 0.35000000000000003 0.75000000000000011 0.15000000000000005 0.25000000000000006 0.45000000000000007
decision_type=2 2 2 2 2 2
left_child=-1 3 5 -2 -5 -3
right_child=1 2 -4 4 -6 -7
leaf_value=-0.02252437063432567 0.0013143673096602069 0.012358909080603896 0.00038846074213976005 -0.0046991259910527002 -0.00013582079375884615 0.0064973189791014936
leaf_weight=4.8693649917840949 15.5463507026434 7.4658507639542204 5.8475926918908954 1.3150876845465966 0.76276571059133835 0.15202196233440179
leaf_count=18 28 30 78 22 20 14
internal_value=0 0.0352784 0.0709438 0.00802887 -0.0302397 0.122419
internal_weight=0 31.0897 13.4655 17.6242 2.07785 7.61787
internal_count=210 192 122 70 42 44
shrinkage=0.1


Tree=98
num_leaves=7
num_cat=0
split_feature=0 0 0 0 0 0
split_gain=0.0166175 0.00442497 0.0013257 0.000536249 7.32149e-05 2.49459e-05
threshold=1.0000000180025095e-35 0.15000000000000005 0.75000000000000011 0.25000000000000006 0.35000000000000003 0.45000000000000007
decision_type=2 2 2 2 2 2
left_child=-1 -2 3 -3 -5 -6
right_child=1 2 -4 4 5 -7
leaf_value=0.0068318420084225746 0.00052313121957841039 -0.0043415218217015168 -0.00057697536464701134 -0.0012427400943779423 -0.002246870795410433 -0.0036492783437471811
leaf_weight=3.2401120178401461 15.884618461132048 1.3107954340521253 5.8043961180374017 0.75656895898282428 8.8995278039947134 0.12867208779789585
leaf_count=18 28 22 78 20 30 14
internal_value=0 -0.00675195 -0.0180153 -0.0244212 -0.0218767 -0.0226686
internal_weight=0 32.7846 16.9 11.0956 9.78477 9.0282
internal_count=210 192 164 86 64 44
shrinkage=0.1


Tree=99
num_leaves=7
num_cat=0
split_feature=0 0 0 0 0 0
split_gain=0.027091 0.00646274 0.00251672 0.000209637 0.000364789 2.76239e-06
threshold=1.0000000180025095e-35 0.15000000000000005 0.75000000000000011 0.25000000000000006 0.35000000000000003 0.45000000000000007
decision_type=2 2 2 2 2 2
left_child=-1 -2 3 -3 -5 -6
right_child=1 2 -4 4 5 -7
leaf_value=0.0084318307131768643 0.00056746730276059718 -0.0043102692840407773 -0.00054992804823581604 -0.00085082612927829971 -0.0031322019033919951 -0.0036097552062668036
leaf_weight=3.4473576284945002 15.78712624311447 1.3092322881566367 5.7745837378315619 0.75474134320393105 8.9783619828522188 0.12278335390146899
leaf_count=18 28 22 78 20 30 14
internal_value=0 -0.00888185 -0.022448 -0.0312138 -0.0296345 -0.0313864
internal_weight=0 32.7268 16.9397 11.1651 9.85589 9.10115
internal_count=210 192 164 86 64 44
shrinkage=0.1


end of trees

feature importances:
geographical=600

parameters:
[boosting: gbdt]
[objective: lambdarank]
[metric: ndcg]
[tree_learner: serial]
[device_type: cpu]
[data: ]
[valid: ]
[num_iterations: 100]
[learning_rate: 0.1]
[num_leaves: 16]
[num_threads: -1]
[max_depth: -1]
[min_data_in_leaf: 5]
[min_sum_hessian_in_leaf: 0.001]
[bagging_fraction: 1]
[pos_bagging_fraction: 1]
[neg_bagging_fraction: 1]
[bagging_freq: 0]
[bagging_seed: 3]
[feature_fraction: 1]
[feature_fraction_bynode: 1]
[feature_fraction_seed: 2]
[early_stopping_round: 0]
[first_metric_only: 0]
[max_delta_step: 0]
[lambda_l1: 0]
[lambda_l2: 0]
[min_gain_to_split: 0]
[drop_rate: 0.1]
[max_drop: 50]
[skip_drop: 0.5]
[xgboost_dart_mode: 0]
[uniform_drop: 0]
[drop_seed: 4]
[top_rate: 0.2]
[other_rate: 0.1]
[min_data_per_group: 100]
[max_cat_threshold: 32]
[cat_l2: 10]
[cat_smooth: 10]
[max_cat_to_onehot: 4]
[top_k: 20]
[monotone_constraints: ]
[feature_contri: ]
[forcedsplits_filename: ]
[forcedbins_filename: ]
[refit_decay_rate: 0.9]
[cegb_tradeoff: 1]
[cegb_penalty_split: 0]
[cegb_penalty_feature_lazy: ]
[cegb_penalty_feature_coupled: ]
[verbosity: -1]
[max_bin: 255]
[max_bin_by_feature: ]
[min_data_in_bin: 3]
[bin_construct_sample_cnt: 200000]
[histogram_pool_size: -1]
[data_random_seed: 1]
[output_model: LightGBM_model.txt]
[snapshot_freq: -1]
[input_model: ]
[output_result: LightGBM_predict_result.txt]
[initscore_filename: ]
[valid_data_initscores: ]
[pre_partition: 0]
[enable_bundle: 1]
[max_conflict_rate: 0]
[is_enable_sparse: 1]
[sparse_threshold: 0.8]
[use_missing: 1]
[zero_as_missing: 0]
[two_round: 0]
[save_binary: 0]
[header: 0]
[label_column: ]
[weight_column: ]
[group_column: ]
[ignore_column: ]
[categorical_feature: ]
[predict_raw_score: 0]
[predict_leaf_index: 0]
[predict_contrib: 0]
[num_iteration_predict: -1]
[pred_early_stop: 0]
[pred_early_stop_freq: 10]
[pred_early_stop_margin: 10]
[convert_model_language: ]
[convert_model: gbdt_prediction.cpp]
[num_class: 1]
[is_unbalance: 0]
[scale_pos_weight: 1]
[sigmoid: 1]
[boost_from_average: 1]
[reg_sqrt: 0]
[alpha: 0.9]
[fair_c: 1]
[poisson_max_delta_step: 0.7]
[tweedie_variance_power: 1.5]
[max_position: 20]
[lambdamart_norm: 1]
[label_gain: ]
[metric_freq: 1]
[is_provide_training_metric: 0]
[eval_at: 1]
[multi_error_top_k: 1]
[num_machines: 1]
[local_listen_port: 12400]
[time_out: 120]
[machine_list_filename: ]
[machines: ]
[gpu_platform_id: -1]
[gpu_device_id: -1]
[gpu_use_dp: 0]

end of parameters

pandas_categorical:null
