tree
version=v3
num_class=1
num_tree_per_iteration=1
label_index=0
max_feature_idx=0
objective=lambdarank
feature_names=geographical
feature_infos=[0:1]
tree_sizes=850 853 847 854 864 858 859 850 854 851 865 867 862 859 855 861 860 857 861 859 860 861 862 863 861 865 861 862 863 863 867 865 864 868 861 868 863 866 861 868 867 863 872 865 863 868 876 871 864 868 866 871 869 868 865 867 875 871 866 869 874 870 869 872 869 865 869 866 868 870 867 872 870 873 875 873 872 872 870 867 867 871 871 870 872 870 870 867 868 869 867 871 865 868 873 871 869 874 870 869

Tree=0
num_leaves=7
num_cat=0
split_feature=0 0 0 0 0 0
split_gain=1.20834 1.44881 0.557676 0.532269 0.0494199 0.00944802
threshold=0.75000000000000011 0.15000000000000005 0.35000000000000003 0.45000000000000007 1.0000000180025095e-35 0.25000000000000006
decision_type=2 2 2 2 2 2
left_child=1 4 5 -4 -1 -3
right_child=-2 2 3 -5 -6 -7
leaf_value=-0.00023331936455094632 0.028714997613563154 -0.11800334692735313 -0.0086847879997372316 -0.12769144056700835 0.022290264676004496 -0.13454523920424352
leaf_weight=1.7827659025788309 7.2964098518714309 0.85380565002560638 1.3504497539252041 0.52075145952403534 2.1477345870807767 0.57971726544201374
leaf_count=26 78 22 22 14 32 16
internal_value=0 -0.289578 -0.777596 -0.418041 0.120742 -1.24693
internal_weight=0 7.23522 3.30472 1.8712 3.9305 1.43352
internal_count=210 132 74 36 58 38
shrinkage=0.1


Tree=1
num_leaves=7
num_cat=0
split_feature=0 0 0 0 0 0
split_gain=1.36429 0.46751 0.182495 0.29415 0.0125089 0.00128385
threshold=0.15000000000000005 0.35000000000000003 0.45000000000000007 0.75000000000000011 1.0000000180025095e-35 0.25000000000000006
decision_type=2 2 2 2 2 2
left_child=4 5 -3 -4 -1 -2
right_child=1 2 3 -5 -6 -7
leaf_value=0.021770576970325035 -0.048512398603019861 0.012281762898156856 -0.085985101158046584 -0.0097730533835923145 0.028190737648558169 -0.053006805058545027
leaf_weight=4.5680231973528835 2.0697005800902875 3.7548969797790077 0.51884875446558254 21.161525993607938 9.0415414050221443 0.91725506540387836
leaf_count=26 22 22 14 78 32 16
internal_value=0 -0.124669 -0.0807183 -0.115969 0.260358 -0.498926
internal_weight=0 28.4222 25.4353 21.6804 13.6096 2.98696
internal_count=210 152 114 92 58 38
shrinkage=0.1


Tree=2
num_leaves=7
num_cat=0
split_feature=0 0 0 0 0 0
split_gain=0.429577 0.614354 0.234188 0.258537 0.17893 0.00013964
threshold=0.35000000000000003 0.45000000000000007 0.15000000000000005 1.0000000180025095e-35 0.75000000000000011 0.25000000000000006
decision_type=2 2 2 2 2 2
left_child=2 -2 3 -1 -3 -4
right_child=1 4 5 -5 -6 -7
leaf_value=-0.020627474975398602 0.0460233164324221 -0.070598185118242548 -0.036163881370629668 0.002301974580551194 0.0033716716393501819 -0.037861619021105117
leaf_weight=7.1412633992731616 4.1377940922975549 0.33656660187989373 1.9393148077651852 15.79073478281498 11.527422028593719 0.64580375421792258
leaf_count=26 22 14 22 32 78 16
internal_value=0 0.128449 -0.0805501 -0.048385 0.0127324 -0.36588
internal_weight=0 16.0018 25.5171 22.932 11.864 2.58512
internal_count=210 114 96 58 92 38
shrinkage=0.1


Tree=3
num_leaves=7
num_cat=0
split_feature=0 0 0 0 0 0
split_gain=0.723151 0.355522 0.0845498 0.0597505 0.0117782 0.119107
threshold=0.15000000000000005 0.35000000000000003 0.25000000000000006 1.0000000180025095e-35 0.75000000000000011 0.45000000000000007
decision_type=2 2 2 2 2 2
left_child=3 2 -2 -1 5 -3
right_child=1 4 -4 -5 -6 -7
leaf_value=0.024184594255498123 -0.036724790594107042 -0.0086003633855852753 -0.077316513820856331 0.010623452435851256 -0.0057662230694029938 -0.072860187661348663
leaf_weight=4.0479237064719227 1.9763877866789727 8.0686530135571939 0.6930949194356798 16.461700424551964 9.6109599536284804 0.29913494084030468
leaf_count=26 22 22 16 32 78 14
internal_value=0 -0.132107 -0.472639 0.133 -0.0815448 -0.108975
internal_weight=0 20.6482 2.66948 20.5096 17.9787 8.36779
internal_count=210 152 38 58 114 36
shrinkage=0.1


Tree=4
num_leaves=7
num_cat=0
split_feature=0 0 0 0 0 0
split_gain=0.123967 0.36358 0.129883 0.0352173 0.00291958 0.0952611
threshold=0.15000000000000005 0.35000000000000003 0.25000000000000006 1.0000000180025095e-35 0.45000000000000007 0.75000000000000011
decision_type=2 2 2 2 2 2
left_child=3 2 -2 -1 -3 -6
right_child=1 4 -4 -5 5 -7
leaf_value=0.012275561409450582 -0.029538054115453894 0.00084768688762083149 -0.085123820436030978 0.0029200192997739195 -0.062957340586853067 -0.00013593311950990279
leaf_weight=5.3680439963936832 1.9180454974994092 7.7125323880463847 0.53834937419742335 16.065786346793175 0.24782276293262737 9.2838681759312749
leaf_count=26 22 22 16 32 14 78
internal_value=0 -0.0572612 -0.417204 0.0526309 -0.00598834 -0.0176928
internal_weight=0 19.7006 2.45639 21.4338 17.2442 9.53169
internal_count=210 152 38 58 114 92
shrinkage=0.1


Tree=5
num_leaves=7
num_cat=0
split_feature=0 0 0 0 0 0
split_gain=0.213303 0.0896305 0.22911 0.118456 0.003574 0.0485199
threshold=1.0000000180025095e-35 0.15000000000000005 0.35000000000000003 0.25000000000000006 0.75000000000000011 0.45000000000000007
decision_type=2 2 2 2 2 2
left_child=-1 -2 3 -3 5 -4
right_child=1 2 4 -5 -6 -7
leaf_value=0.017805622640508147 0.002565473055983359 -0.025702801212371541 -0.0036716809885800361 -0.082296378630641778 -0.0020521545411562952 -0.051244536718278236
leaf_weight=5.785020235925912 16.252132162451744 1.8897059173323243 7.8937955666333437 0.45984733104705799 8.7758205616846681 0.22037351597100485
leaf_count=26 32 22 22 16 78 14
internal_value=0 -0.0290225 -0.0752098 -0.367791 -0.0345091 -0.0496372
internal_weight=0 35.4917 19.2395 2.34955 16.89 8.11417
internal_count=210 184 152 38 114 36
shrinkage=0.1


Tree=6
num_leaves=7
num_cat=0
split_feature=0 0 0 0 0 0
split_gain=0.261964 0.432883 0.298277 0.0725963 0.103065 0.00175028
threshold=0.35000000000000003 0.45000000000000007 0.25000000000000006 0.15000000000000005 1.0000000180025095e-35 0.75000000000000011
decision_type=2 2 2 2 2 2
left_child=2 -2 3 4 -1 -3
right_child=1 5 -4 -5 -6 -7
leaf_value=-0.012908638011250194 0.031508126849951072 0.004342901461156525 -0.086577559720949548 -0.023497100495712988 0.0012581135082204704 -0.0037621373102561008
leaf_weight=7.3878753483295538 5.9543638769537184 0.27516588661819602 0.45070586353540321 1.8726517292670894 16.843255020678043 8.4011548170819879
leaf_count=26 22 14 16 22 32 78
internal_value=0 0.107445 -0.0591989 -0.0452726 -0.0306121 -0.0350509
internal_weight=0 14.6307 26.5545 26.1038 24.2311 8.67632
internal_count=210 114 96 80 58 92
shrinkage=0.1


Tree=7
num_leaves=7
num_cat=0
split_feature=0 0 0 0 0 0
split_gain=0.746155 0.22741 0.017492 0.0640878 0.0147546 0.00387021
threshold=0.15000000000000005 0.75000000000000011 0.35000000000000003 0.25000000000000006 0.45000000000000007 1.0000000180025095e-35
decision_type=2 2 2 2 2 2
left_child=5 2 3 -2 -4 -1
right_child=1 -3 4 -5 -6 -7
leaf_value=0.010171467140650793 -0.023502582584211323 -0.001509812850365097 -0.021110256166454622 -0.065688883769362064 -0.046238125571690651 0.013267087543056805
leaf_weight=5.3349871039390591 1.8850736324675392 7.7467223992571226 8.4521100521087629 0.445143814664334 0.24032191000878889 16.62119272351265
leaf_count=26 22 78 22 16 14 32
internal_value=0 -0.146398 -0.238675 -0.315615 -0.21805 0.125149
internal_weight=0 18.7694 11.0226 2.33022 8.69243 21.9562
internal_count=210 152 74 38 36 58
shrinkage=0.1


Tree=8
num_leaves=7
num_cat=0
split_feature=0 0 0 0 0 0
split_gain=0.357321 0.143591 0.499979 0.194578 0.0517788 0.0235556
threshold=1.0000000180025095e-35 0.35000000000000003 0.45000000000000007 0.15000000000000005 0.25000000000000006 0.75000000000000011
decision_type=2 2 2 2 2 2
left_child=-1 3 -3 -2 -5 -4
right_child=1 2 5 4 -6 -7
leaf_value=-0.019821145802756016 0.002501821129525468 0.033679629909551874 -0.036684766453147305 -0.021982368558894402 -0.06236296981228439 -0.0033635423553185122
leaf_weight=7.4183901995420447 16.406200096011165 6.0979388169944277 0.21804907033219745 1.871160100679844 0.38244940130971361 7.8484084056690335
leaf_count=26 32 22 14 22 16 78
internal_value=0 0.0447965 0.12071 -0.0128286 -0.288352 -0.0426427
internal_weight=0 32.8242 14.1644 18.6598 2.25361 8.06646
internal_count=210 184 114 70 38 92
shrinkage=0.1


Tree=9
num_leaves=7
num_cat=0
split_feature=0 0 0 0 0 0
split_gain=0.54458 0.179026 0.0145564 0.040156 0.0113401 0.0013399
threshold=0.15000000000000005 0.75000000000000011 0.35000000000000003 0.25000000000000006 0.45000000000000007 1.0000000180025095e-35
decision_type=2 2 2 2 2 2
left_child=5 2 3 -2 -4 -1
right_child=1 -3 4 -5 -6 -7
leaf_value=0.0094370813667653576 -0.02166032181390978 -0.00083485913583220017 -0.018376386292123983 -0.055628164965012598 -0.040653139615862789 0.011325699075205741
leaf_weight=4.8745699413120773 1.876255126670004 7.5578781506046644 8.2288900166749936 0.4272852768190204 0.23504032380879003 16.377783752977848
leaf_count=26 22 78 22 16 14 32
internal_value=0 -0.126323 -0.209132 -0.27961 -0.18995 0.108925
internal_weight=0 18.3253 10.7675 2.30354 8.46393 21.2524
internal_count=210 152 74 38 36 58
shrinkage=0.1


Tree=10
num_leaves=7
num_cat=0
split_feature=0 0 0 0 0 0
split_gain=0.126426 0.0506048 0.104101 0.0352578 0.00231368 0.0283504
threshold=1.0000000180025095e-35 0.15000000000000005 0.35000000000000003 0.25000000000000006 0.75000000000000011 0.45000000000000007
decision_type=2 2 2 2 2 2
left_child=-1 -2 3 -3 5 -4
right_child=1 2 4 -5 -6 -7
leaf_value=0.014523387042331951 0.0017974156659967438 -0.02027702488778127 -0.0031764717485898708 -0.053345592169151385 -0.0017503599540047714 -0.039566877277611892
leaf_weight=5.1999147385358802 16.337062872946262 1.8636857816018193 7.6367776952683908 0.38987047015689297 7.6121772034093738 0.22025909228250373
leaf_count=26 32 22 22 16 78 14
internal_value=0 -0.0221729 -0.0591809 -0.25998 -0.0299285 -0.0419662
internal_weight=0 34.0598 17.7228 2.25356 15.4692 7.85704
internal_count=210 184 152 38 114 36
shrinkage=0.1


Tree=11
num_leaves=7
num_cat=0
split_feature=0 0 0 0 0 0
split_gain=0.312743 0.0929826 0.0601224 0.0285221 0.0156378 0.0157069
threshold=1.0000000180025095e-35 0.15000000000000005 0.35000000000000003 0.25000000000000006 0.75000000000000011 0.45000000000000007
decision_type=2 2 2 2 2 2
left_child=-1 -2 3 -3 5 -4
right_child=1 2 4 -5 -6 -7
leaf_value=0.021523947222910116 0.0017928397947094906 -0.018989472984112479 -0.0088060294724244953 -0.049361124685593449 -0.0031345970011357575 -0.037245883056173157
leaf_weight=5.7698111534118643 16.279888667166233 1.8507900000549882 7.8844251818954927 0.37122156983241433 7.3568682428449383 0.19909787108190349
leaf_count=26 32 22 22 16 78 14
internal_value=0 -0.0365883 -0.0868377 -0.240635 -0.0647049 -0.0950651
internal_weight=0 33.9423 17.6624 2.22201 15.4404 8.08352
internal_count=210 184 152 38 114 36
shrinkage=0.1


Tree=12
num_leaves=7
num_cat=0
split_feature=0 0 0 0 0 0
split_gain=0.155765 0.292849 0.0807329 0.0658903 0.0241649 0.00713131
threshold=0.35000000000000003 0.45000000000000007 0.15000000000000005 1.0000000180025095e-35 0.25000000000000006 0.75000000000000011
decision_type=2 2 2 2 2 2
left_child=2 -2 3 -1 -4 -3
right_child=1 5 4 -5 -6 -7
leaf_value=-0.010937874954012106 0.025444735520994296 -0.021371866563244787 -0.018278263465368597 0.00058379437136510718 -0.046865346388359597 -0.0037451136501271418
leaf_weight=7.0488808490336003 5.8939856505021435 0.23695722897537039 1.843800526345148 16.777653343975544 0.35217526392079879 7.3149502128362656
leaf_count=26 22 14 22 32 16 78
internal_value=0 0.0873957 -0.0451576 -0.028248 -0.228629 -0.0429819
internal_weight=0 13.4459 26.0225 23.8265 2.19598 7.55191
internal_count=210 114 96 58 38 92
shrinkage=0.1


Tree=13
num_leaves=7
num_cat=0
split_feature=0 0 0 0 0 0
split_gain=0.211867 0.0777769 0.047357 0.024463 0.0186226 0.00948623
threshold=0.15000000000000005 1.0000000180025095e-35 0.35000000000000003 0.75000000000000011 0.25000000000000006 0.45000000000000007
decision_type=2 2 2 2 2 2
left_child=1 -1 4 5 -2 -4
right_child=2 -3 3 -5 -6 -7
leaf_value=0.016405045353334268 -0.017812951574677265 0.002935198954571042 -0.0095397399415084322 -0.0019836158652429344 -0.042144046120712153 -0.03169905550988926
leaf_weight=5.7831873856484917 1.8429339099675446 16.56629691272974 7.8203477691858989 6.9578420175239435 0.37931512249633659 0.19808161631226529
leaf_count=26 22 32 22 78 16 14
internal_value=0 0.0642068 -0.0834367 -0.0632232 -0.21966 -0.100871
internal_weight=0 22.3495 17.1985 14.9763 2.22225 8.01843
internal_count=210 58 152 114 38 36
shrinkage=0.1


Tree=14
num_leaves=7
num_cat=0
split_feature=0 0 0 0 0 0
split_gain=0.157345 0.0710284 0.209521 0.100539 0.0157503 0.00570553
threshold=1.0000000180025095e-35 0.35000000000000003 0.45000000000000007 0.15000000000000005 0.25000000000000006 0.75000000000000011
decision_type=2 2 2 2 2 2
left_child=-1 3 -3 -2 -5 -4
right_child=1 2 5 4 -6 -7
leaf_value=-0.013200791094900327 0.001739165760156575 0.022442806271829589 -0.01876379752095771 -0.017234915089282835 -0.040040126621827141 -0.0024039652014870476
leaf_weight=7.3500154726207247 16.832049511373047 6.0013335812836868 0.2199541716836392 1.8368236036039882 0.36263538990169752 6.91767368465662
leaf_count=26 32 22 14 22 16 78
internal_value=0 0.03016 0.0867114 -0.00888198 -0.209949 -0.0290811
internal_weight=0 32.1705 13.139 19.0315 2.19946 7.13763
internal_count=210 184 114 70 38 92
shrinkage=0.1


Tree=15
num_leaves=7
num_cat=0
split_feature=0 0 0 0 0 0
split_gain=0.238545 0.0637271 0.0339641 0.0111348 0.0129638 0.00503316
threshold=0.15000000000000005 0.75000000000000011 1.0000000180025095e-35 0.35000000000000003 0.25000000000000006 0.45000000000000007
decision_type=2 2 2 2 2 2
left_child=2 3 -1 4 -2 -5
right_child=1 -3 -4 5 -6 -7
leaf_value=0.013567802517517179 -0.016670055002311626 -0.0013761385494757258 0.0045572591697260658 -0.011747356083351618 -0.036966531175686566 -0.027881557117394269
leaf_weight=5.5858002007007626 1.8343274311628204 6.7750819073989978 16.660959139466286 7.852339830249548 0.37986534216906864 0.19823200558312223
leaf_count=26 22 78 32 22 16 14
internal_value=0 -0.0890356 0.0681966 -0.138719 -0.201521 -0.121446
internal_weight=0 17.0398 22.2468 10.2648 2.21419 8.05057
internal_count=210 152 58 74 38 36
shrinkage=0.1


Tree=16
num_leaves=7
num_cat=0
split_feature=0 0 0 0 0 0
split_gain=0.291355 0.0695209 0.230225 0.0957275 0.0108152 0.00517877
threshold=1.0000000180025095e-35 0.35000000000000003 0.45000000000000007 0.15000000000000005 0.25000000000000006 0.75000000000000011
decision_type=2 2 2 2 2 2
left_child=-1 3 -3 -2 -5 -4
right_child=1 2 5 4 -6 -7
leaf_value=-0.017634446418314718 0.0028882596582421611 0.023884021223291738 -0.018906873544336525 -0.016213154986985605 -0.035113354748902724 -0.0022749680096859413
leaf_weight=7.5717045478522769 16.66865964233876 6.140634408220647 0.19259554799646128 1.8290240615606301 0.36282120342366392 6.702561454847455
leaf_count=26 32 22 14 22 16 78
internal_value=0 0.0418616 0.0980175 0.00304833 -0.193417 -0.0273953
internal_weight=0 31.8963 13.0358 18.8605 2.19185 6.89516
internal_count=210 184 114 70 38 92
shrinkage=0.1


Tree=17
num_leaves=7
num_cat=0
split_feature=0 0 0 0 0 0
split_gain=0.30441 0.0913054 0.0114172 0.00223371 0.00937585 0.00202851
threshold=0.15000000000000005 0.75000000000000011 1.0000000180025095e-35 0.35000000000000003 0.25000000000000006 0.45000000000000007
decision_type=2 2 2 2 2 2
left_child=2 3 -1 4 -2 -5
right_child=1 -3 -4 5 -6 -7
leaf_value=0.01190701073020407 -0.015753483242324829 -0.0009100504833314812 0.006540097863411848 -0.014889143860706134 -0.033011580798097621 -0.025093374418639743
leaf_weight=5.2059764713048962 1.8277728573884826 6.6844482040032736 16.612130977213383 7.9380116648972034 0.3802888036007061 0.1997132708784192
leaf_count=26 22 78 32 22 16 14
internal_value=0 -0.100194 0.0782069 -0.15905 -0.187258 -0.151396
internal_weight=0 17.0302 21.8181 10.3458 2.20806 8.13772
internal_count=210 152 58 74 38 36
shrinkage=0.1


Tree=18
num_leaves=7
num_cat=0
split_feature=0 0 0 0 0 0
split_gain=0.221996 0.090662 0.0446643 0.00822799 0.00857925 0.00357034
threshold=1.0000000180025095e-35 0.15000000000000005 0.75000000000000011 0.35000000000000003 0.25000000000000006 0.45000000000000007
decision_type=2 2 2 2 2 2
left_child=-1 -2 3 4 -3 -5
right_child=1 2 -4 5 -6 -7
leaf_value=0.018194059979360851 0.0021400387482271243 -0.015093785223597365 -0.0019204800666140498 -0.010646487396753192 -0.03189535504717405 -0.024677704969830072
leaf_weight=5.7231725566089144 16.501939423382282 1.8208366413600763 6.648037137463688 7.7935855742543936 0.36480190022848535 0.18567108805291344
leaf_count=26 32 22 78 22 16 14
internal_value=0 -0.0312556 -0.0829376 -0.12462 -0.178981 -0.10973
internal_weight=0 33.3149 16.8129 10.1649 2.18564 7.97926
internal_count=210 184 152 74 38 36
shrinkage=0.1


Tree=19
num_leaves=7
num_cat=0
split_feature=0 0 0 0 0 0
split_gain=0.130678 0.061828 0.167134 0.0669085 0.00756773 0.0025468
threshold=1.0000000180025095e-35 0.35000000000000003 0.45000000000000007 0.15000000000000005 0.25000000000000006 0.75000000000000011
decision_type=2 2 2 2 2 2
left_child=-1 3 -3 -2 -5 -4
right_child=1 2 5 4 -6 -7
leaf_value=-0.012215368389066551 0.0012564845749631365 0.020375489379019056 -0.013171940539610134 -0.014796988130658564 -0.030789293428267101 -0.002164831118124115
leaf_weight=7.1491324082016936 16.775399543344982 5.9531743451952917 0.21706073591485608 1.81746935006231 0.3534423952223732 6.6578447809442878
leaf_count=26 32 22 14 22 16 78
internal_value=0 0.0274842 0.0810929 -0.00881295 -0.174007 -0.0251236
internal_weight=0 31.7744 12.8281 18.9463 2.17091 6.87491
internal_count=210 184 114 70 38 92
shrinkage=0.1


Tree=20
num_leaves=7
num_cat=0
split_feature=0 0 0 0 0 0
split_gain=0.200919 0.0760503 0.0498141 0.00434833 0.00627695 0.00209144
threshold=0.15000000000000005 1.0000000180025095e-35 0.75000000000000011 0.35000000000000003 0.25000000000000006 0.45000000000000007
decision_type=2 2 2 2 2 2
left_child=1 -1 3 4 -2 -5
right_child=2 -3 -4 5 -6 -7
leaf_value=0.016170192864854549 -0.014238558834212593 0.0027841265517706041 -0.0014826702582562243 -0.0113571650790638 -0.028605236520418732 -0.02212920004593575
leaf_weight=5.7021142020821598 1.8135344013571759 16.599545925855637 6.5122210737317792 7.7842353209853172 0.36538590025156725 0.18451136793009928
leaf_count=26 22 32 78 22 16 14
internal_value=0 0.0620669 -0.0830855 -0.12689 -0.166477 -0.116066
internal_weight=0 22.3017 16.6599 10.1477 2.17892 7.96875
internal_count=210 58 152 74 38 36
shrinkage=0.1


Tree=21
num_leaves=7
num_cat=0
split_feature=0 0 0 0 0 0
split_gain=0.1662 0.0539594 0.150869 0.0624421 0.00550558 0.00210067
threshold=1.0000000180025095e-35 0.35000000000000003 0.45000000000000007 0.15000000000000005 0.25000000000000006 0.75000000000000011
decision_type=2 2 2 2 2 2
left_child=-1 3 -3 -2 -5 -4
right_child=1 2 5 4 -6 -7
leaf_value=-0.013620836586202301 0.0018123981744053884 0.019679849213585648 -0.012063205119819981 -0.014000741053738964 -0.027626159992007644 -0.0018162187788744379
leaf_weight=7.2829515039920798 16.77074649184943 6.0093753505498153 0.20640641846694041 1.8106243405491107 0.35463796160183841 6.5089184194803238
leaf_count=26 32 22 14 22 16 78
internal_value=0 0.0313322 0.0816931 -0.00250956 -0.162324 -0.0213118
internal_weight=0 31.6607 12.7247 18.936 2.16526 6.71532
internal_count=210 184 114 70 38 92
shrinkage=0.1


Tree=22
num_leaves=7
num_cat=0
split_feature=0 0 0 0 0 0
split_gain=0.199018 0.0541063 0.0536983 0.00210141 0.00472682 0.00122164
threshold=0.15000000000000005 0.75000000000000011 1.0000000180025095e-35 0.35000000000000003 0.25000000000000006 0.45000000000000007
decision_type=2 2 2 2 2 2
left_child=2 3 -1 4 -2 -5
right_child=1 -3 -4 5 -6 -7
leaf_value=0.014680635188677399 -0.01350897434393201 -0.001122686781216664 0.0033405119177576412 -0.011905957490151371 -0.025981739477595175 -0.020134146033742084
leaf_weight=5.5745502263307598 1.8074167456943562 6.4323180997744194 16.639956712722778 7.7757089622318745 0.36523840250447376 0.18472807016223655
leaf_count=26 22 78 32 22 16 14
internal_value=0 -0.0829584 0.0618622 -0.128492 -0.156057 -0.120969
internal_weight=0 16.5654 22.2145 10.1331 2.17266 7.96044
internal_count=210 152 58 74 38 36
shrinkage=0.1


Tree=23
num_leaves=7
num_cat=0
split_feature=0 0 0 0 0 0
split_gain=0.246383 0.0560989 0.167799 0.0596028 0.00405589 0.00194594
threshold=1.0000000180025095e-35 0.35000000000000003 0.45000000000000007 0.15000000000000005 0.25000000000000006 0.75000000000000011
decision_type=2 2 2 2 2 2
left_child=-1 3 -3 -2 -5 -4
right_child=1 2 5 4 -6 -7
leaf_value=-0.016380070701268987 0.0024267957895142776 0.020977259263876166 -0.012045553542071831 -0.013309817251951996 -0.025009362631632288 -0.0017616578704586568
leaf_weight=7.4303201250731936 16.673836231231697 6.0863926112651807 0.18945076200179745 1.8046500869095319 0.35452179145067919 6.3932244069874287
leaf_count=26 32 22 14 22 16 78
internal_value=0 0.0386353 0.0900864 0.00402382 -0.152308 -0.0205763
internal_weight=0 31.5021 12.6691 18.833 2.15917 6.58268
internal_count=210 184 114 70 38 92
shrinkage=0.1


Tree=24
num_leaves=7
num_cat=0
split_feature=0 0 0 0 0 0
split_gain=0.204434 0.0614545 0.0336921 0.000615084 0.0036109 0.000606768
threshold=0.15000000000000005 0.75000000000000011 1.0000000180025095e-35 0.35000000000000003 0.25000000000000006 0.45000000000000007
decision_type=2 2 2 2 2 2
left_child=2 3 -1 4 -2 -5
right_child=1 -3 -4 5 -6 -7
leaf_value=0.013238924154801568 -0.012900285425485781 -0.00072117312089433835 0.0041036930145265408 -0.012703967617199042 -0.023796515263254915 -0.018477460393431868
leaf_weight=5.3313823267817524 1.8025559091474881 6.3870047759264699 16.63260343670845 7.779216893017292 0.36586234159767617 0.18639242160134009
leaf_count=26 22 78 32 22 16 14
internal_value=0 -0.0840364 0.0632111 -0.132455 -0.147387 -0.128391
internal_weight=0 16.521 21.964 10.134 2.16842 7.96561
internal_count=210 152 58 74 38 36
shrinkage=0.1


Tree=25
num_leaves=7
num_cat=0
split_feature=0 0 0 0 0 0
split_gain=0.329289 0.126044 0.0675729 0.00157771 0.00196151 0.000162159
threshold=1.0000000180025095e-35 0.15000000000000005 0.75000000000000011 0.25000000000000006 0.35000000000000003 0.45000000000000007
decision_type=2 2 2 2 2 2
left_child=-1 -2 3 -3 -5 -6
right_child=1 2 -4 4 5 -7
leaf_value=0.021485818872828966 0.0022721304759212085 -0.012411663042001194 -0.0019377532426739395 -0.022945300405868809 -0.015290208654419199 -0.018423505533442564
leaf_weight=6.0303358398377886 16.439474925398827 1.7967196023091681 6.2943940060213199 0.35546922276262094 7.9238827936351299 0.16868869587779034
leaf_count=26 32 22 78 16 22 14
internal_value=0 -0.0392881 -0.100924 -0.151026 -0.156749 -0.153555
internal_weight=0 32.9786 16.5392 10.2448 8.44804 8.09257
internal_count=210 184 152 74 52 36
shrinkage=0.1


Tree=26
num_leaves=7
num_cat=0
split_feature=0 0 0 0 0 0
split_gain=0.0852315 0.10922 0.0294991 0.0393889 0.00316659 0.00061578
threshold=0.35000000000000003 0.45000000000000007 1.0000000180025095e-35 0.15000000000000005 0.25000000000000006 0.75000000000000011
decision_type=2 2 2 2 2 2
left_child=2 -2 -1 -4 -5 -3
right_child=1 5 3 4 -6 -7
leaf_value=-0.0087032297994029135 0.01669739036227727 -0.0072194526516382723 0.0004335172112580858 -0.012270697833585023 -0.022713702141875562 -0.0018561253242413214
leaf_weight=7.1690852046012905 5.8913152664899808 0.22150816139765075 16.956657432019714 1.794943165034055 0.34639855090063054 6.3756585204973817
leaf_count=26 22 14 32 22 16 78
internal_value=0 0.0680118 -0.0323357 -0.0118034 -0.1396 -0.0203621
internal_weight=0 12.4885 26.2671 19.098 2.14134 6.59717
internal_count=210 114 96 70 38 92
shrinkage=0.1


Tree=27
num_leaves=7
num_cat=0
split_feature=0 0 0 0 0 0
split_gain=0.244052 0.0475097 0.141171 0.0492483 0.00239739 0.00121305
threshold=1.0000000180025095e-35 0.35000000000000003 0.45000000000000007 0.15000000000000005 0.25000000000000006 0.75000000000000011
decision_type=2 2 2 2 2 2
left_child=-1 3 -3 -2 -5 -4
right_child=1 2 5 4 -6 -7
leaf_value=-0.016252220636067308 0.0025269663353382332 0.019541953736499099 -0.0096709289551405366 -0.012081380560802091 -0.021096925159237334 -0.001461303541047475
leaf_weight=7.4638298824429503 16.697961278259761 6.0966956317424756 0.18532514641992737 1.7935896171256893 0.35300660273060191 6.2438034759834409
leaf_count=26 32 22 14 22 16 78
internal_value=0 0.0386683 0.0864015 0.00694036 -0.13564 -0.0169795
internal_weight=0 31.3704 12.5258 18.8446 2.1466 6.42913
internal_count=210 184 114 70 38 92
shrinkage=0.1


Tree=28
num_leaves=7
num_cat=0
split_feature=0 0 0 0 0 0
split_gain=0.20195 0.0621573 0.0374348 0.000521563 0.00166003 0.000125522
threshold=0.15000000000000005 0.75000000000000011 1.0000000180025095e-35 0.25000000000000006 0.35000000000000003 0.45000000000000007
decision_type=2 2 2 2 2 2
left_child=2 3 -1 -2 -5 -6
right_child=1 -3 -4 4 5 -7
leaf_value=0.013503914293291789 -0.011717318261717879 -0.00058047513178552076 0.003907778034760309 -0.0202193325140269 -0.013236094612335556 -0.015895148752833134
leaf_weight=5.3785549513995674 1.7916138404980326 6.2538040783256283 16.648170351982117 0.36218684958293845 7.7707796394824982 0.18167754658497856
leaf_count=26 22 78 32 16 22 14
internal_value=0 -0.0841616 0.0625099 -0.132649 -0.135984 -0.132968
internal_weight=0 16.3601 22.0267 10.1063 8.31464 7.95246
internal_count=210 152 58 74 52 36
shrinkage=0.1


Tree=29
num_leaves=7
num_cat=0
split_feature=0 0 0 0 0 0
split_gain=0.40855 0.156026 0.0865884 0.00683178 7.25864e-05 5.88073e-05
threshold=1.0000000180025095e-35 0.15000000000000005 0.75000000000000011 0.25000000000000006 0.35000000000000003 0.45000000000000007
decision_type=2 2 2 2 2 2
left_child=-1 -2 3 -3 -5 -6
right_child=1 2 -4 4 5 -7
leaf_value=0.023530588932806087 0.0024636013492617052 -0.011295017135161003 -0.001924049918887573 -0.019500370915611964 -0.018073440579004032 -0.016142940092530044
leaf_weight=6.2059836797416201 16.379452839493752 1.7862735349917791 6.1447969404980531 0.35283201665151764 8.0175805781036598 0.16096213425044048
leaf_count=26 32 22 78 16 22 14
internal_value=0 -0.0444647 -0.113217 -0.169186 -0.18096 -0.180354
internal_weight=0 32.8419 16.4624 10.3176 8.53137 8.17854
internal_count=210 184 152 74 52 36
shrinkage=0.1


Tree=30
num_leaves=7
num_cat=0
split_feature=0 0 0 0 0 0
split_gain=0.0732262 0.0915772 0.0212342 0.0277484 0.00201183 0.000241419
threshold=0.35000000000000003 0.45000000000000007 0.15000000000000005 1.0000000180025095e-35 0.25000000000000006 0.75000000000000011
decision_type=2 2 2 2 2 2
left_child=2 -2 3 -1 -4 -3
right_child=1 5 4 -5 -6 -7
leaf_value=-0.0073208846429338066 0.015408454178118064 -0.0050756907903145654 -0.011196349530112381 7.0194210980475833e-05 -0.019545106478637136 -0.0017258056052853591
leaf_weight=7.234601613134152 5.8669085241854173 0.22280362609308199 1.784924274310469 17.051974974572659 0.34431112313177425 6.2511058188974857
leaf_count=26 22 14 22 32 16 78
internal_value=0 0.0635946 -0.0297098 -0.021315 -0.125464 -0.0184109
internal_weight=0 12.3408 26.4158 24.2866 2.12924 6.47391
internal_count=210 114 96 58 38 92
shrinkage=0.1


Tree=31
num_leaves=7
num_cat=0
split_feature=0 0 0 0 0 0
split_gain=0.135946 0.0364638 0.0916564 0.0368054 0.00156598 0.000537926
threshold=1.0000000180025095e-35 0.35000000000000003 0.45000000000000007 0.15000000000000005 0.25000000000000006 0.75000000000000011
decision_type=2 2 2 2 2 2
left_child=-1 3 -3 -2 -5 -4
right_child=1 2 5 4 -6 -7
leaf_value=-0.012312523222815947 0.0016719543740565128 0.015957046784044828 -0.0063347309914805403 -0.011065718694527986 -0.018377154109311362 -0.001095382126019606
leaf_weight=7.2779227159917346 16.837553098797805 5.9969146437942964 0.20237870630808164 1.7842697483720251 0.3504839134402572 6.1785638360306621
leaf_count=26 32 22 14 22 16 78
internal_value=0 0.0285835 0.0708064 0.00103651 -0.122661 -0.0126155
internal_weight=0 31.3502 12.3779 18.9723 2.13475 6.38094
internal_count=210 184 114 70 38 92
shrinkage=0.1


Tree=32
num_leaves=7
num_cat=0
split_feature=0 0 0 0 0 0
split_gain=0.223614 0.0887668 0.0620228 0.0020708 0.000338735 4.83356e-07
threshold=0.15000000000000005 1.0000000180025095e-35 0.75000000000000011 0.25000000000000006 0.35000000000000003 0.45000000000000007
decision_type=2 2 2 2 2 2
left_child=1 -1 3 -2 -5 -6
right_child=2 -3 -4 4 5 -7
leaf_value=0.017070458436027707 -0.010656660836583402 0.0027358711136327204 -0.0009872835732506319 -0.017431986640737855 -0.014282379484519762 -0.014111972585758803
leaf_weight=5.8371939212083843 1.7808540319092596 16.620083004236221 6.1038362346589556 0.35587717266753127 7.8072424773126841 0.17007973499130449
leaf_count=26 22 32 78 16 22 14
internal_value=0 0.0646178 -0.0894777 -0.137519 -0.144134 -0.142787
internal_weight=0 22.4573 16.2179 10.1141 8.3332 7.97732
internal_count=210 58 152 74 52 36
shrinkage=0.1


Tree=33
num_leaves=7
num_cat=0
split_feature=0 0 0 0 0 0
split_gain=0.115831 0.0352178 0.0832855 0.0325057 0.00127143 0.000377695
threshold=1.0000000180025095e-35 0.35000000000000003 0.45000000000000007 0.15000000000000005 0.25000000000000006 0.75000000000000011
decision_type=2 2 2 2 2 2
left_child=-1 3 -3 -2 -5 -4
right_child=1 2 5 4 -6 -7
leaf_value=-0.011410248326791883 0.0014018765867627372 0.015275391280149101 -0.0053870191002065373 -0.010628398221751085 -0.017228106464192098 -0.0010295137021852393
leaf_weight=7.2284229770302764 16.858188442885883 5.9718352481722814 0.20556020375806827 1.7802100357366719 0.34915755584370334 6.1521017933264375
leaf_count=26 32 22 14 22 16 78
internal_value=0 0.0263365 0.0679517 -0.000686242 -0.117106 -0.011704
internal_weight=0 31.3171 12.3295 18.9876 2.12937 6.35766
internal_count=210 184 114 70 38 92
shrinkage=0.1


Tree=34
num_leaves=7
num_cat=0
split_feature=0 0 0 0 0 0
split_gain=0.267391 0.121884 0.0714812 0.00477268 0.000101553 3.12123e-06
threshold=0.15000000000000005 1.0000000180025095e-35 0.75000000000000011 0.25000000000000006 0.45000000000000007 0.35000000000000003
decision_type=2 2 2 2 2 2
left_child=1 -1 3 -2 5 -5
right_child=2 -3 -4 4 -6 -7
leaf_value=0.019222024692556038 -0.010206969774130494 0.0026057798799214355 -0.0011845332836547934 -0.016252477458514738 -0.013451997197168492 -0.015948766477703612
leaf_weight=6.019291769713166 1.7763167673256255 16.557872369885445 6.0441661942750207 0.35357279161689614 0.16443683730904091 7.875240558758378
leaf_count=26 22 32 78 16 14 22
internal_value=0 0.0703583 -0.097972 -0.14916 -0.159126 -0.159618
internal_weight=0 22.5772 16.2137 10.1696 8.39325 8.22881
internal_count=210 58 152 74 52 38
shrinkage=0.1


Tree=35
num_leaves=7
num_cat=0
split_feature=0 0 0 0 0 0
split_gain=0.0758372 0.0341062 0.071664 0.0271391 0.00105856 0.000193319
threshold=1.0000000180025095e-35 0.35000000000000003 0.45000000000000007 0.15000000000000005 0.25000000000000006 0.75000000000000011
decision_type=2 2 2 2 2 2
left_child=-1 3 -3 -2 -5 -4
right_child=1 2 5 4 -6 -7
leaf_value=-0.0092327943935627006 0.00081963330916375683 0.01415099040527755 -0.0041097828207803345 -0.010186288815694554 -0.016224328610813951 -0.0010457367666992805
leaf_weight=7.2292291000485411 16.964399158954627 5.9246466206386668 0.21308013319503505 1.7758247941965231 0.34710501646623004 6.1218881830573082
leaf_count=26 32 22 14 22 16 78
internal_value=0 0.0212927 0.0624506 -0.00514269 -0.111735 -0.011488
internal_weight=0 31.3469 12.2596 19.0873 2.12293 6.33497
internal_count=210 184 114 70 38 92
shrinkage=0.1


Tree=36
num_leaves=7
num_cat=0
split_feature=0 0 0 0 0 0
split_gain=0.274693 0.0397902 0.119472 0.0353154 0.000777595 0.000543467
threshold=1.0000000180025095e-35 0.35000000000000003 0.45000000000000007 0.15000000000000005 0.25000000000000006 0.75000000000000011
decision_type=2 2 2 2 2 2
left_child=-1 3 -3 -2 -5 -4
right_child=1 2 5 4 -6 -7
leaf_value=-0.017090278523379306 0.0028050618159379719 0.018457174381170192 -0.0067467353295286095 -0.010032879642864471 -0.015187266194480853 -0.0010723186138349361
leaf_weight=7.5662518031895152 16.684849895536907 6.1362501550465804 0.17365394730586547 1.7743802184704685 0.3504991583758964 6.0183965880423784
leaf_count=26 32 22 14 22 16 78
internal_value=0 0.0415278 0.085683 0.0125875 -0.108831 -0.0123146
internal_weight=0 31.138 12.3283 18.8097 2.12488 6.19205
internal_count=210 184 114 70 38 92
shrinkage=0.1


Tree=37
num_leaves=7
num_cat=0
split_feature=0 0 0 0 0 0
split_gain=0.200057 0.0660349 0.0375704 0.00289163 8.48995e-05 9.02886e-06
threshold=0.15000000000000005 0.75000000000000011 1.0000000180025095e-35 0.25000000000000006 0.45000000000000007 0.35000000000000003
decision_type=2 2 2 2 2 2
left_child=2 3 -1 -2 5 -5
right_child=1 -3 -4 4 -6 -7
leaf_value=0.013477251996692736 -0.0097616327470604058 -0.00021702338133449892 0.0038538469181711556 -0.014749184280921779 -0.012038363243447016 -0.014235321722553165
leaf_weight=5.3627821542322662 1.7730553293367872 6.0633795950561753 16.659198924899101 0.35769358766264847 0.17606539966072965 7.7594674788415432
leaf_count=26 22 78 32 16 14 22
internal_value=0 -0.0846128 0.0619733 -0.134272 -0.142108 -0.14258
internal_weight=0 16.1297 22.022 10.0663 8.29323 8.11716
internal_count=210 152 58 74 52 38
shrinkage=0.1


Tree=38
num_leaves=7
num_cat=0
split_feature=0 0 0 0 0 0
split_gain=0.395086 0.148038 0.0897657 0.0115396 0.000588801 0.000608162
threshold=1.0000000180025095e-35 0.15000000000000005 0.75000000000000011 0.25000000000000006 0.35000000000000003 0.45000000000000007
decision_type=2 2 2 2 2 2
left_child=-1 -2 3 -3 -5 -6
right_child=1 2 -4 4 5 -7
leaf_value=0.023255838025947089 0.0023201669685941934 -0.0094765573208198863 -0.0014028468107364488 -0.014340594549250461 -0.018648240553866297 -0.012367879705799396
leaf_weight=6.1471608318388453 16.40001142770052 1.7692354671889923 5.9717458719387642 0.35042557277483766 7.9843781236559153 0.15722399624064554
leaf_count=26 32 22 78 16 22 14
internal_value=0 -0.0438076 -0.111506 -0.168235 -0.183542 -0.18527
internal_weight=0 32.633 16.233 10.2613 8.49203 8.1416
internal_count=210 184 152 74 52 36
shrinkage=0.1


Tree=39
num_leaves=7
num_cat=0
split_feature=0 0 0 0 0 0
split_gain=0.062447 0.0658034 0.0215075 0.0205816 0.000735624 5.293e-05
threshold=0.35000000000000003 0.45000000000000007 1.0000000180025095e-35 0.15000000000000005 0.25000000000000006 0.75000000000000011
decision_type=2 2 2 2 2 2
left_child=2 -2 -1 -4 -5 -3
right_child=1 5 3 4 -6 -7
leaf_value=-0.0074234855216782488 0.01353599931510497 -0.0027023260817891945 0.00016248758015843248 -0.0094789758140925561 -0.014532371799239824 -0.0011203950047528012
leaf_weight=7.1493613682687309 5.8725229892879707 0.21912353788502503 17.002492800354961 1.7690750685287633 0.34409416816197325 6.0856086341664195
leaf_count=26 22 14 32 22 16 78
internal_value=0 0.0591924 -0.0274433 -0.00994307 -0.103018 -0.0117538
internal_weight=0 12.1773 26.265 19.1157 2.11317 6.30473
internal_count=210 114 96 70 38 92
shrinkage=0.1


Tree=40
num_leaves=7
num_cat=0
split_feature=0 0 0 0 0 0
split_gain=0.126893 0.0317738 0.0727169 0.0252547 0.000560972 0.000183622
threshold=1.0000000180025095e-35 0.35000000000000003 0.45000000000000007 0.15000000000000005 0.25000000000000006 0.75000000000000011
decision_type=2 2 2 2 2 2
left_child=-1 3 -3 -2 -5 -4
right_child=1 2 5 4 -6 -7
leaf_value=-0.01197185163052795 0.0014949745330333699 0.014619876939704702 -0.0037916708934365205 -0.0093734007307536907 -0.013764703571949897 -0.0007150663975627608
leaf_weight=7.1923359334468833 16.807482443749912 5.9797574002295715 0.20043281908147023 1.7683628529775881 0.34818618843564758 6.0361366649158299
leaf_count=26 32 22 14 22 16 78
internal_value=0 0.0276508 0.0674074 0.0019861 -0.100958 -0.00813943
internal_weight=0 31.1404 12.2163 18.924 2.11655 6.23657
internal_count=210 184 114 70 38 92
shrinkage=0.1


Tree=41
num_leaves=7
num_cat=0
split_feature=0 0 0 0 0 0
split_gain=0.250499 0.112835 0.0695353 0.00632195 0.000333572 0.000254482
threshold=1.0000000180025095e-35 0.15000000000000005 0.75000000000000011 0.25000000000000006 0.45000000000000007 0.35000000000000003
decision_type=2 2 2 2 2 2
left_child=-1 -2 3 -3 5 -5
right_child=1 2 -4 4 -6 -7
leaf_value=0.018946132618391218 0.0023605691548576526 -0.0090124868214628822 -0.0008255952840995961 -0.013058087364661916 -0.011121817531796871 -0.015807213882317692
leaf_weight=5.9084587730467311 16.560702621936798 1.7649785379180709 5.9501874465495339 0.35184460104209936 0.16310117812827307 7.8323409128934145
leaf_count=26 32 22 78 16 14 22
internal_value=0 -0.0343138 -0.09403 -0.1445 -0.155998 -0.15689
internal_weight=0 32.6232 16.0625 10.1123 8.34729 8.18419
internal_count=210 184 152 74 52 38
shrinkage=0.1


Tree=42
num_leaves=7
num_cat=0
split_feature=0 0 0 0 0 0
split_gain=0.0845224 0.0303217 0.0612813 0.0212705 0.000476183 8.41142e-05
threshold=1.0000000180025095e-35 0.35000000000000003 0.45000000000000007 0.15000000000000005 0.25000000000000006 0.75000000000000011
decision_type=2 2 2 2 2 2
left_child=-1 3 -3 -2 -5 -4
right_child=1 2 5 4 -6 -7
leaf_value=-0.0098139475319622711 0.00093537567746488541 0.013422650000741183 -0.0027475867220986272 -0.0090445968020812974 -0.013098958363547819 -0.00070720125930130099
leaf_weight=7.1400605738162986 16.888637609779842 5.9314362211152893 0.20905179914552707 1.7650842694565647 0.34656567289493967 6.026684582233429
leaf_count=26 32 22 14 22 16 78
internal_value=0 0.0224825 0.0614597 -0.00247728 -0.0971 -0.00775605
internal_weight=0 31.1675 12.1672 19.0003 2.11165 6.23574
internal_count=210 184 114 70 38 92
shrinkage=0.1


Tree=43
num_leaves=7
num_cat=0
split_feature=0 0 0 0 0 0
split_gain=0.313641 0.0447757 0.126922 0.0280171 0.000351017 0.000324503
threshold=1.0000000180025095e-35 0.35000000000000003 0.45000000000000007 0.15000000000000005 0.75000000000000011 0.25000000000000006
decision_type=2 2 2 2 2 2
left_child=-1 3 -3 -2 -4 -5
right_child=1 2 4 5 -6 -7
leaf_value=-0.018185220773786658 0.0027767716301373788 0.01929656965255732 -0.0056337695856221405 -0.0088990643290900017 -0.00094796268691074042 -0.012236926211060921
leaf_weight=7.6123233176767817 16.611805438995368 6.1564457695931178 0.16430924867745478 1.7634229342220344 5.91363425552845 0.34888596000382666
leaf_count=26 32 22 14 22 78 16
internal_value=0 0.0447153 0.0917632 0.013974 -0.0107464 -0.0945037
internal_weight=0 30.9585 12.2344 18.7241 6.07794 2.11231
internal_count=210 184 114 70 92 38
shrinkage=0.1


Tree=44
num_leaves=7
num_cat=0
split_feature=0 0 0 0 0 0
split_gain=0.183824 0.0644889 0.0380975 0.00411286 0.000279442 0.000167301
threshold=0.15000000000000005 0.75000000000000011 1.0000000180025095e-35 0.25000000000000006 0.45000000000000007 0.35000000000000003
decision_type=2 2 2 2 2 2
left_child=2 3 -1 -2 5 -5
right_child=1 -3 -4 4 -6 -7
leaf_value=0.013349806313655508 -0.0086699319160318377 6.7883193680579184e-05 0.0035999663329475346 -0.011956414733127252 -0.01002697689974281 -0.014174358657662879
leaf_weight=5.2787762600928572 1.7624422254739318 5.9795882133767 16.644907936453819 0.35575160267762473 0.17405529739335257 7.7265294697135687
leaf_count=26 22 78 32 16 14 22
internal_value=0 -0.0815031 0.0594753 -0.130552 -0.139914 -0.140767
internal_weight=0 15.9984 21.9237 10.0188 8.25634 8.08228
internal_count=210 152 58 74 52 38
shrinkage=0.1


Tree=45
num_leaves=7
num_cat=0
split_feature=0 0 0 0 0 0
split_gain=0.302864 0.107661 0.0721326 0.00876237 0.000602479 0.000311288
threshold=1.0000000180025095e-35 0.15000000000000005 0.75000000000000011 0.35000000000000003 0.45000000000000007 0.25000000000000006
decision_type=2 2 2 2 2 2
left_child=-1 -2 3 5 -5 -3
right_child=1 2 -4 4 -6 -7
leaf_value=0.020886063080926921 0.0018997932856168508 -0.0084650774593468658 -0.00084096929276290973 -0.016375016287673159 -0.010184188334704636 -0.011730756541596379
leaf_weight=5.8794956989586344 16.475771076977253 1.759682811680251 5.9177208598703137 7.8466416299343109 0.16041071573272336 0.34993211040273298
leaf_count=26 32 22 78 22 14 16
internal_value=0 -0.0377726 -0.0961059 -0.147404 -0.16251 -0.0900677
internal_weight=0 32.5102 16.0344 10.1167 8.00705 2.10961
internal_count=210 184 152 74 36 38
shrinkage=0.1


Tree=46
num_leaves=7
num_cat=0
split_feature=0 0 0 0 0 0
split_gain=0.0724029 0.0313179 0.0581448 0.0175159 0.000322092 3.18326e-05
threshold=1.0000000180025095e-35 0.35000000000000003 0.45000000000000007 0.15000000000000005 0.25000000000000006 0.75000000000000011
decision_type=2 2 2 2 2 2
left_child=-1 3 -3 -2 -5 -4
right_child=1 2 5 4 -6 -7
leaf_value=-0.0091846713594460061 0.00060555934999749874 0.013150467505825304 -0.0019087035833738428 -0.0085214692045237576 -0.011862642995305742 -0.00066165273242010047
leaf_weight=7.0041280463337889 16.844912052154548 5.9013160075992328 0.21190835034940381 1.7601396456593641 0.34509206749498839 6.0120597849600017
leaf_count=26 32 22 14 22 16 78
internal_value=0 0.0207014 0.0603884 -0.00469236 -0.0906916 -0.00704111
internal_weight=0 31.0754 12.1253 18.9501 2.10523 6.22397
internal_count=210 184 114 70 38 92
shrinkage=0.1


Tree=47
num_leaves=7
num_cat=0
split_feature=0 0 0 0 0 0
split_gain=0.22658 0.0409905 0.0998516 0.0221829 0.000219924 0.000168006
threshold=1.0000000180025095e-35 0.35000000000000003 0.45000000000000007 0.15000000000000005 0.25000000000000006 0.75000000000000011
decision_type=2 2 2 2 2 2
left_child=-1 3 -3 -2 -5 -4
right_child=1 2 5 4 -6 -7
leaf_value=-0.015829146375359246 0.0020367045853885565 0.017373282243746017 -0.0037679704730484579 -0.0084012226225079669 -0.011153474922432488 -0.00065983119422099133
leaf_weight=7.3122937195003024 16.630906797945507 6.0505362171679717 0.17916414863429952 1.7588509146589779 0.34773293964099128 5.9294578731060028
leaf_count=26 32 22 14 22 16 78
internal_value=0 0.0374628 0.0826785 0.00812132 -0.0885554 -0.00750992
internal_weight=0 30.8966 12.1592 18.7375 2.10658 6.10862
internal_count=210 184 114 70 38 92
shrinkage=0.1


Tree=48
num_leaves=7
num_cat=0
split_feature=0 0 0 0 0 0
split_gain=0.156682 0.0646581 0.0538934 0.00329152 0.000244272 0.000179598
threshold=0.15000000000000005 1.0000000180025095e-35 0.75000000000000011 0.25000000000000006 0.45000000000000007 0.35000000000000003
decision_type=2 2 2 2 2 2
left_child=1 -1 3 -2 5 -5
right_child=2 -3 -4 4 -6 -7
leaf_value=0.014968119801764268 -0.0081357198701287482 0.0023728270487637414 -2.6426877471038288e-05 -0.01077906395462889 -0.0091564267750453097 -0.013086147988234082
leaf_weight=5.399912295863035 1.7569645124021906 16.620691359043121 5.9378291913308194 0.35293769155395782 0.1702042893739425 7.676101166754961
leaf_count=26 22 32 78 16 14 22
internal_value=0 0.0546146 -0.0756664 -0.120636 -0.129053 -0.129847
internal_weight=0 22.0206 15.894 9.95621 8.19924 8.02904
internal_count=210 58 152 74 52 38
shrinkage=0.1


Tree=49
num_leaves=7
num_cat=0
split_feature=0 0 0 0 0 0
split_gain=0.317009 0.0550184 0.137116 0.0219003 0.000217316 0.000156129
threshold=1.0000000180025095e-35 0.35000000000000003 0.45000000000000007 0.15000000000000005 0.75000000000000011 0.25000000000000006
decision_type=2 2 2 2 2 2
left_child=-1 3 -3 -2 -4 -5
right_child=1 2 4 5 -6 -7
leaf_value=-0.018410327485122054 0.002302336076975386 0.020272745698686617 -0.0045723632872579764 -0.0081480916237572972 -0.0008633944583609723 -0.010468612368094812
leaf_weight=7.5177351720631114 16.529127821326263 6.1220605187118036 0.16233674366958428 1.7561753394547843 5.8783157402649522 0.34727777837542806
leaf_count=26 32 22 14 22 78 16
internal_value=0 0.0449432 0.0972591 0.0107933 -0.00963069 -0.0853121
internal_weight=0 30.7953 12.1627 18.6326 6.04065 2.10345
internal_count=210 184 114 70 92 38
shrinkage=0.1


Tree=50
num_leaves=7
num_cat=0
split_feature=0 0 0 0 0 0
split_gain=0.147711 0.0545648 0.047584 0.00340067 0.000313919 0.000154087
threshold=0.15000000000000005 0.75000000000000011 1.0000000180025095e-35 0.35000000000000003 0.45000000000000007 0.25000000000000006
decision_type=2 2 2 2 2 2
left_child=2 3 -1 5 -5 -2
right_child=1 -3 -4 4 -6 -7
leaf_value=0.013673650775076089 -0.0079226531010257277 0.00024429069058986311 0.0027228734614136527 -0.012925711973765217 -0.0086101495325263851 -0.010210048642168467
leaf_weight=5.2129446342587498 1.7550500893266856 5.9395437287166706 16.615057773888111 7.6568279825150967 0.17234926740638901 0.3538797289947978
leaf_count=26 22 78 32 22 14 16
internal_value=0 -0.0733866 0.0533813 -0.118706 -0.128307 -0.0830648
internal_weight=0 15.8777 21.828 9.93811 7.82918 2.10893
internal_count=210 152 58 74 36 38
shrinkage=0.1


Tree=51
num_leaves=7
num_cat=0
split_feature=0 0 0 0 0 0
split_gain=0.278724 0.0887229 0.0649398 0.00854978 0.000718188 0.000151704
threshold=1.0000000180025095e-35 0.15000000000000005 0.75000000000000011 0.35000000000000003 0.45000000000000007 0.25000000000000006
decision_type=2 2 2 2 2 2
left_child=-1 -2 3 5 -5 -3
right_child=1 2 -4 4 -6 -7
leaf_value=0.020331980877736845 0.0015500648226905987 -0.0077504749041554426 -0.00057242566550407198 -0.015438500600953224 -0.0086876251166433591 -0.010033513103710354
leaf_weight=5.7295064665377131 16.478702567517757 1.7526769021060302 5.8835507379844776 7.7846991159021854 0.16084199806209645 0.34901004348648701
leaf_count=26 32 22 78 22 14 16
internal_value=0 -0.0359438 -0.0891577 -0.138015 -0.153018 -0.081296
internal_weight=0 32.4095 15.9308 10.0472 7.94554 2.10169
internal_count=210 184 152 74 36 38
shrinkage=0.1


Tree=52
num_leaves=7
num_cat=0
split_feature=0 0 0 0 0 0
split_gain=0.0876221 0.0314342 0.0576 0.0148662 0.000155602 1.04143e-05
threshold=1.0000000180025095e-35 0.35000000000000003 0.45000000000000007 0.15000000000000005 0.25000000000000006 0.75000000000000011
decision_type=2 2 2 2 2 2
left_child=-1 3 -3 -2 -5 -4
right_child=1 2 5 4 -6 -7
leaf_value=-0.010175074685222716 0.00071684483416754809 0.013316805032473232 -0.0011920554323575552 -0.0078302672075887033 -0.010154014574067395 -0.00047113805999120484
leaf_weight=6.9165730141103259 16.748424611985691 5.906890803948043 0.20734218007419247 1.7533889177720987 0.34483573300531123 5.9688057061284781
leaf_count=26 32 22 14 22 16 78
internal_value=0 0.0227538 0.0625684 -0.00277235 -0.0821217 -0.0049534
internal_weight=0 30.9297 12.083 18.8466 2.09822 6.17615
internal_count=210 184 114 70 38 92
shrinkage=0.1


Tree=53
num_leaves=7
num_cat=0
split_feature=0 0 0 0 0 0
split_gain=0.312227 0.0555451 0.133335 0.0192125 0.000144975 8.84403e-05
threshold=1.0000000180025095e-35 0.35000000000000003 0.45000000000000007 0.15000000000000005 0.75000000000000011 0.25000000000000006
decision_type=2 2 2 2 2 2
left_child=-1 3 -3 -2 -4 -5
right_child=1 2 4 5 -6 -7
leaf_value=-0.018316001471100209 0.0021748712102482438 0.02013232154093398 -0.0037954187046202073 -0.0076947219896009531 -0.00076312099625338919 -0.0094427543254299098
leaf_weight=7.4844213984906665 16.515745818614967 6.1093835458159429 0.16203776886686672 1.7516034892760211 5.8495705146342516 0.34672851109644387
leaf_count=26 32 22 14 22 78 16
internal_value=0 0.044602 0.0972834 0.0102973 -0.00844854 -0.0798357
internal_weight=0 30.7351 12.121 18.6141 6.01161 2.09833
internal_count=210 184 114 70 92 38
shrinkage=0.1


Tree=54
num_leaves=7
num_cat=0
split_feature=0 0 0 0 0 0
split_gain=0.13926 0.0524716 0.0515488 0.00389749 0.000409308 8.80729e-05
threshold=0.15000000000000005 0.75000000000000011 1.0000000180025095e-35 0.35000000000000003 0.45000000000000007 0.25000000000000006
decision_type=2 2 2 2 2 2
left_child=2 3 -1 5 -5 -2
right_child=1 -3 -4 4 -6 -7
leaf_value=0.013858945784669056 -0.0074778464488776709 0.00031677011762581265 0.0024574663522197279 -0.012726483444522874 -0.0077792923233581113 -0.0092095023228478037
leaf_weight=5.2091876082122353 1.7504646067973211 5.907815634738653 16.609152175486088 7.6385245136916637 0.17098082427401085 0.35292818682501081
leaf_count=26 22 78 32 22 14 16
internal_value=0 -0.0714318 0.051796 -0.115891 -0.126182 -0.077684
internal_weight=0 15.8207 21.8183 9.9129 7.80951 2.10339
internal_count=210 152 58 74 36 38
shrinkage=0.1


Tree=55
num_leaves=7
num_cat=0
split_feature=0 0 0 0 0 0
split_gain=0.290647 0.0891418 0.067048 0.0107385 0.000981962 8.70908e-05
threshold=1.0000000180025095e-35 0.15000000000000005 0.75000000000000011 0.35000000000000003 0.45000000000000007 0.25000000000000006
decision_type=2 2 2 2 2 2
left_child=-1 -2 3 5 -5 -3
right_child=1 2 -4 4 -6 -7
leaf_value=0.020752737902685125 0.001480423891886521 -0.0073201299834384365 -0.00050696346388819655 -0.015812084215598179 -0.0078810517697616416 -0.0090516426356899559
leaf_weight=5.7329619117081156 16.464475609362125 1.7482307275058686 5.8494591871276489 7.7900879848748446 0.15930397692136455 0.34836733486736182
leaf_count=26 32 22 78 22 14 16
internal_value=0 -0.036766 -0.0901824 -0.139741 -0.156531 -0.0760784
internal_weight=0 32.3599 15.8954 10.046 7.94939 2.0966
internal_count=210 184 152 74 36 38
shrinkage=0.1


Tree=56
num_leaves=7
num_cat=0
split_feature=0 0 0 0 0 0
split_gain=0.0831864 0.030288 0.0533236 0.0129577 9.28987e-05 7.56009e-07
threshold=1.0000000180025095e-35 0.35000000000000003 0.45000000000000007 0.15000000000000005 0.25000000000000006 0.75000000000000011
decision_type=2 2 2 2 2 2
left_child=-1 3 -3 -2 -5 -4
right_child=1 2 5 4 -6 -7
leaf_value=-0.0099367373519834729 0.00063924428521325977 0.012923059575660749 -0.00057300161096481862 -0.0074097348048398548 -0.0092064352676960014 -0.00037883720901756522
leaf_weight=6.8885349892079821 16.744398042559631 5.9000339861959201 0.20754024351481337 1.7490842795232304 0.34445129212690506 5.9402295295149088
leaf_count=26 32 22 14 22 16 78
internal_value=0 0.0221622 0.06132 -0.00288124 -0.0770535 -0.00385392
internal_weight=0 30.8857 12.0478 18.8379 2.09354 6.14777
internal_count=210 184 114 70 38 92
shrinkage=0.1


Tree=57
num_leaves=7
num_cat=0
split_feature=0 0 0 0 0 0
split_gain=0.275869 0.0507297 0.116176 0.0166654 7.48181e-05 4.85102e-05
threshold=1.0000000180025095e-35 0.35000000000000003 0.45000000000000007 0.15000000000000005 0.75000000000000011 0.25000000000000006
decision_type=2 2 2 2 2 2
left_child=-1 3 -3 -2 -4 -5
right_child=1 2 4 5 -6 -7
leaf_value=-0.017376680855043052 0.0019617591799446408 0.018975632675250376 -0.0027249170580830248 -0.0072934143394687029 -0.00058211999421723607 -0.0085888899436393478
leaf_weight=7.3680601045489302 16.533215209841735 6.0695690894499403 0.16762485518120218 1.747558705043047 5.8381572929210961 0.34633565502008407
leaf_count=26 32 22 14 22 78 16
internal_value=0 0.0417011 0.0921867 0.00897288 -0.00641927 -0.0750769
internal_weight=0 30.7025 12.0754 18.6271 6.00578 2.09389
internal_count=210 184 114 70 92 38
shrinkage=0.1


Tree=58
num_leaves=7
num_cat=0
split_feature=0 0 0 0 0 0
split_gain=0.133886 0.0611718 0.0503755 0.00445781 0.000502156 4.7359e-05
threshold=0.15000000000000005 1.0000000180025095e-35 0.75000000000000011 0.35000000000000003 0.45000000000000007 0.25000000000000006
decision_type=2 2 2 2 2 2
left_child=1 -1 3 5 -5 -2
right_child=2 -3 -4 4 -6 -7
leaf_value=0.014466919208523069 -0.0070738483072955135 0.0020894601795165119 0.00031123509376990334 -0.012599591847486269 -0.0070884182714901992 -0.0083457718325969325
leaf_weight=5.25719418935478 1.7461752489907651 16.603284887969494 5.8752608755603424 7.6264788638800383 0.16899290785659091 0.35170006577391166
leaf_count=26 22 32 78 22 14 16
internal_value=0 0.050661 -0.0702327 -0.113789 -0.124801 -0.0728708
internal_weight=0 21.8605 15.7686 9.89335 7.79547 2.09788
internal_count=210 58 152 74 36 38
shrinkage=0.1


Tree=59
num_leaves=7
num_cat=0
split_feature=0 0 0 0 0 0
split_gain=0.399348 0.12036 0.0886353 0.0223278 0.000656293 4.43819e-05
threshold=1.0000000180025095e-35 0.15000000000000005 0.45000000000000007 0.35000000000000003 0.75000000000000011 0.25000000000000006
decision_type=2 2 2 2 2 2
left_child=-1 -2 3 5 -4 -3
right_child=1 2 4 -5 -6 -7
leaf_value=0.023842696433048916 0.001645440714100404 -0.0069106955570108902 -0.0073500927554668782 -0.018735353943607227 -0.00071914686053727527 -0.0081489142127740537
leaf_weight=5.9350011534988871 16.369007080793381 1.7437136343214645 0.15320953621994604 7.9139587767422199 5.7916738172061741 0.3470971481874584
leaf_count=26 32 22 14 22 78 16
internal_value=0 -0.0437848 -0.105608 -0.163072 -0.00890037 -0.0711625
internal_weight=0 32.3187 15.9497 10.0048 5.94488 2.09081
internal_count=210 184 152 60 92 38
shrinkage=0.1


Tree=60
num_leaves=7
num_cat=0
split_feature=0 0 0 0 0 0
split_gain=0.0542038 0.0440216 0.0270042 0.010259 5.86915e-05 1.11939e-05
threshold=0.35000000000000003 0.45000000000000007 1.0000000180025095e-35 0.15000000000000005 0.25000000000000006 0.75000000000000011
decision_type=2 2 2 2 2 2
left_child=2 -2 -1 -4 -5 -3
right_child=1 5 3 4 -6 -7
leaf_value=-0.0079470240363384206 0.011745528166616724 0.00033783913019860509 0.00018868999132022496 -0.0070079144758713368 -0.0084386717423305096 -0.00039796255583953333
leaf_weight=6.8805361576378372 5.8667524512857181 0.21424333751201616 16.833598315715793 1.7447824078844854 0.34308780200080929 5.9164757174439728
leaf_count=26 22 14 32 22 16 78
internal_value=0 0.0555333 -0.025822 -0.00631355 -0.0724302 -0.00372249
internal_weight=0 11.9975 25.802 18.9215 2.08787 6.13072
internal_count=210 114 96 70 38 92
shrinkage=0.1


Tree=61
num_leaves=7
num_cat=0
split_feature=0 0 0 0 0 0
split_gain=0.127141 0.0309722 0.0592643 0.012669 3.32924e-05 2.07302e-06
threshold=1.0000000180025095e-35 0.35000000000000003 0.45000000000000007 0.15000000000000005 0.25000000000000006 0.75000000000000011
decision_type=2 2 2 2 2 2
left_child=-1 3 -3 -2 -5 -4
right_child=1 2 5 4 -6 -7
leaf_value=-0.012173230253306307 0.001146070980734319 0.013824303947928041 -0.00054097504555327639 -0.006936083054296229 -0.0080105695705129567 -0.00021042724506569211
leaf_weight=6.9919406436383715 16.682227820158012 5.9462281353771669 0.19606021372601376 1.7440651141805568 0.34548870887374494 5.8756971871480346
leaf_count=26 32 22 14 22 16 78
internal_value=0 0.0276438 0.0672825 0.00226642 -0.0711374 -0.00221101
internal_weight=0 30.7898 12.018 18.7718 2.08955 6.07176
internal_count=210 184 114 70 38 92
shrinkage=0.1


Tree=62
num_leaves=7
num_cat=0
split_feature=0 0 0 0 0 0
split_gain=0.309507 0.100406 0.075546 0.0171303 0.000625344 2.34769e-05
threshold=1.0000000180025095e-35 0.15000000000000005 0.45000000000000007 0.35000000000000003 0.75000000000000011 0.25000000000000006
decision_type=2 2 2 2 2 2
left_child=-1 -2 3 5 -4 -3
right_child=1 2 4 -5 -6 -7
leaf_value=0.02122809003249005 0.0016462923603491665 -0.0066522310340990827 -0.0068252378310912024 -0.016995243855619513 -0.00041546181551994503 -0.0075521165044613332
leaf_weight=5.8200300037860861 16.462725274264812 1.7410670205717891 0.1563219609670331 7.8241190910339355 5.7815516004338861 0.34783036535372946
leaf_count=26 32 22 14 22 78 16
internal_value=0 -0.0382341 -0.0950424 -0.148473 -0.00584207 -0.0680207
internal_weight=0 32.3136 15.8509 9.91302 5.93787 2.0889
internal_count=210 184 152 60 92 38
shrinkage=0.1


Tree=63
num_leaves=7
num_cat=0
split_feature=0 0 0 0 0 0
split_gain=0.0716157 0.026432 0.0434856 0.0103555 2.93103e-05 6.0896e-06
threshold=1.0000000180025095e-35 0.35000000000000003 0.45000000000000007 0.15000000000000005 0.25000000000000006 0.75000000000000011
decision_type=2 2 2 2 2 2
left_child=-1 3 -3 -2 -5 -4
right_child=1 2 5 4 -6 -7
leaf_value=-0.0091962610320110282 0.00055497910964620177 0.011856332816376184 0.00033864495053527352 -0.0067485069032943608 -0.0077583493027546316 -0.00021116552313239138
leaf_weight=6.9177334085106841 16.795731648802764 5.8950729342177492 0.20859262219164507 1.7420407000463449 0.34420769941061724 5.8814645106904209
leaf_count=26 32 22 14 22 16 78
internal_value=0 0.02061 0.0573399 -0.00270384 -0.0691512 -0.00192334
internal_weight=0 30.8671 11.9851 18.882 2.08625 6.09006
internal_count=210 184 114 70 38 92
shrinkage=0.1


Tree=64
num_leaves=7
num_cat=0
split_feature=0 0 0 0 0 0
split_gain=0.204254 0.0372067 0.0800173 0.013351 1.29248e-05 1.16361e-05
threshold=1.0000000180025095e-35 0.35000000000000003 0.45000000000000007 0.15000000000000005 0.75000000000000011 0.25000000000000006
decision_type=2 2 2 2 2 2
left_child=-1 3 -3 -2 -4 -5
right_child=1 2 4 5 -6 -7
leaf_value=-0.015159752639547995 0.0017118070940273567 0.016046381192715634 -0.0011143000474384197 -0.0066686300613526999 -0.00025270029516728185 -0.007303515194822802
leaf_weight=7.1995934769511214 16.609260268509395 6.0150490710511786 0.17947941529564548 1.7410565806785592 5.8155289934948087 0.34605810052016733
leaf_count=26 32 22 14 22 78 16
internal_value=0 0.0355444 0.0789756 0.0076453 -0.00278495 -0.067739
internal_weight=0 30.7064 12.0101 18.6964 5.99501 2.08711
internal_count=210 184 114 70 92 38
shrinkage=0.1


Tree=65
num_leaves=7
num_cat=0
split_feature=0 0 0 0 0 0
split_gain=0.165505 0.06869 0.0538772 0.00769115 0.000856467 1.021e-05
threshold=1.0000000180025095e-35 0.15000000000000005 0.75000000000000011 0.35000000000000003 0.45000000000000007 0.25000000000000006
decision_type=2 2 2 2 2 2
left_child=-1 -2 3 5 -5 -3
right_child=1 2 -4 4 -6 -7
leaf_value=0.016140814619067918 0.0017712322300424876 -0.0064463141046791272 0.00019393272286734735 -0.013529001397898886 -0.0062372339792125149 -0.0070384260233095049
leaf_weight=5.4376334175467482 16.592654041945934 1.7392517320113241 5.808007742278277 7.6564090475440025 0.16454312542919058 0.34978683793451626
leaf_count=26 32 22 78 22 14 16
internal_value=0 -0.0271637 -0.074537 -0.119358 -0.133756 -0.0654546
internal_weight=0 32.3107 15.718 9.90999 7.82095 2.08904
internal_count=210 184 152 74 36 38
shrinkage=0.1


Tree=66
num_leaves=7
num_cat=0
split_feature=0 0 0 0 0 0
split_gain=0.224302 0.0411216 0.0881686 0.012817 1.27085e-05 5.89171e-06
threshold=1.0000000180025095e-35 0.35000000000000003 0.45000000000000007 0.15000000000000005 0.75000000000000011 0.25000000000000006
decision_type=2 2 2 2 2 2
left_child=-1 3 -3 -2 -4 -5
right_child=1 2 4 5 -6 -7
leaf_value=-0.015846310573863424 0.0017283937470926151 0.016839501002541606 -0.0011413538724501543 -0.0065151805794418805 -0.00027755332902070694 -0.0069671003970609895
leaf_weight=7.2284686043858519 16.57472678273917 6.0244961725547892 0.17547143844421942 1.7394168615574011 5.8015653849579394 0.34583939862204705
leaf_count=26 32 22 14 22 78 16
internal_value=0 0.0373578 0.0830219 0.00798797 -0.00302912 -0.0659013
internal_weight=0 30.6615 12.0015 18.66 5.97704 2.08526
internal_count=210 184 114 70 92 38
shrinkage=0.1


Tree=67
num_leaves=7
num_cat=0
split_feature=0 0 0 0 0 0
split_gain=0.153658 0.0642167 0.0516662 0.00718992 0.000833232 5.30694e-06
threshold=1.0000000180025095e-35 0.15000000000000005 0.75000000000000011 0.35000000000000003 0.45000000000000007 0.25000000000000006
decision_type=2 2 2 2 2 2
left_child=-1 -2 3 5 -5 -3
right_child=1 2 -4 4 -6 -7
leaf_value=0.015667512256349672 0.0017328060297707891 -0.006303154427377374 0.00029656020781672549 -0.01313419675575841 -0.0059576472900546599 -0.0067300363907208871
leaf_weight=5.367447316646575 16.59302182495594 1.7377891574287772 5.8073198520578435 7.6347594317048788 0.16528605727944512 0.34985450992826361
leaf_count=26 32 22 78 22 14 16
internal_value=0 -0.0260451 -0.0718999 -0.115871 -0.129821 -0.0637469
internal_weight=0 32.288 15.695 9.88769 7.80005 2.08764
internal_count=210 184 152 74 36 38
shrinkage=0.1


Tree=68
num_leaves=7
num_cat=0
split_feature=0 0 0 0 0 0
split_gain=0.286697 0.0511968 0.112674 0.0127742 2.37875e-05 1.55461e-06
threshold=1.0000000180025095e-35 0.35000000000000003 0.45000000000000007 0.15000000000000005 0.75000000000000011 0.25000000000000006
decision_type=2 2 2 2 2 2
left_child=-1 3 -3 -2 -4 -5
right_child=1 2 4 5 -6 -7
leaf_value=-0.017683790915634337 0.001912849342829828 0.018933497234914998 -0.0016342519048255775 -0.006358523252936359 -0.00041136018156849282 -0.0065907343870149175
leaf_weight=7.3853341210633507 16.510428786277778 6.0731055624783021 0.16357653273735184 1.737621451262384 5.7666560895740986 0.34566036885371421
leaf_count=26 32 22 14 22 78 16
internal_value=0 0.0426841 0.0935953 0.00981789 -0.00445092 -0.0639705
internal_weight=0 30.597 12.0033 18.5937 5.93023 2.08328
internal_count=210 184 114 70 92 38
shrinkage=0.1


Tree=69
num_leaves=7
num_cat=0
split_feature=0 0 0 0 0 0
split_gain=0.128124 0.0623201 0.0501557 0.00663397 0.000817559 1.79371e-06
threshold=1.0000000180025095e-35 0.15000000000000005 0.75000000000000011 0.35000000000000003 0.45000000000000007 0.25000000000000006
decision_type=2 2 2 2 2 2
left_child=-1 -2 3 5 -5 -3
right_child=1 2 -4 4 -6 -7
leaf_value=0.014509076552169393 0.0019159241862878919 -0.0061703775748804604 0.00049340044977302737 -0.012713593356333526 -0.0056419131205620796 -0.0064183707559720363
leaf_weight=5.2366094272583714 16.59955957531929 1.7364824905525877 5.8111333837732664 7.6093221828341484 0.16707303200382728 0.35053272917866696
leaf_count=26 32 22 78 22 14 16
internal_value=0 -0.0235416 -0.0687623 -0.112181 -0.125617 -0.0621203
internal_weight=0 32.2741 15.6745 9.86341 7.7764 2.08702
internal_count=210 184 152 74 36 38
shrinkage=0.1


Tree=70
num_leaves=7
num_cat=0
split_feature=0 0 0 0 0 0
split_gain=0.386372 0.111987 0.0878067 0.0259179 0.00043715 1.71169e-06
threshold=1.0000000180025095e-35 0.15000000000000005 0.45000000000000007 0.35000000000000003 0.75000000000000011 0.25000000000000006
decision_type=2 2 2 2 2 2
left_child=-1 -2 3 5 -4 -3
right_child=1 2 4 -5 -6 -7
leaf_value=0.023577918583187103 0.0014991962958624727 -0.0060442540003062097 -0.005894665667533187 -0.018631341503122102 -0.00046747659957454272 -0.0062876995037068027
leaf_weight=5.8781167529523364 16.377644382417202 1.7344861777964964 0.15235918061807652 7.8848769096657634 5.7343418090604246 0.34651575132738788
leaf_count=26 32 22 14 22 78 16
internal_value=0 -0.0430012 -0.102915 -0.160115 -0.00607943 -0.0608479
internal_weight=0 32.2302 15.8526 9.96588 5.8867 2.081
internal_count=210 184 152 60 92 38
shrinkage=0.1


Tree=71
num_leaves=7
num_cat=0
split_feature=0 0 0 0 0 0
split_gain=0.0559197 0.0257405 0.0381115 0.00769565 3.82145e-05 5.06625e-06
threshold=1.0000000180025095e-35 0.35000000000000003 0.45000000000000007 0.15000000000000005 0.75000000000000011 0.25000000000000006
decision_type=2 2 2 2 2 2
left_child=-1 3 -3 -2 -4 -5
right_child=1 2 4 5 -6 -7
leaf_value=-0.0081834020724171584 0.00022692681590165536 0.011196053486770668 0.0012120805806480719 -0.0061535505800449745 -0.00015399332383585483 -0.006574089072621663
leaf_weight=6.8343368396162978 16.796865880489356 5.86792696546763 0.21219484857283519 1.735723675694316 5.8571962988935411 0.34309156768722449
leaf_count=26 32 22 14 22 78 16
internal_value=0 0.0181508 0.0544954 -0.00483411 -0.00106233 -0.0622296
internal_weight=0 30.813 11.9373 18.8757 6.06939 2.07882
internal_count=210 184 114 70 92 38
shrinkage=0.1


Tree=72
num_leaves=7
num_cat=0
split_feature=0 0 0 0 0 0
split_gain=0.132557 0.0304001 0.0557176 0.00967529 2.83537e-06 5.1202e-07
threshold=1.0000000180025095e-35 0.35000000000000003 0.45000000000000007 0.15000000000000005 0.75000000000000011 0.25000000000000006
decision_type=2 2 2 2 2 2
left_child=-1 3 -3 -2 -4 -5
right_child=1 2 4 5 -6 -7
leaf_value=-0.012450436065833452 0.001116225505588821 0.013632451702875579 0.0003551066824265803 -0.0060951400961148901 -3.407891019297992e-05 -0.0062285172625060605
leaf_weight=6.9687562659382811 16.651460886001594 5.9440219663083536 0.19341948302462689 1.735067434725351 5.8174418983981013 0.34506246744422231
leaf_count=26 32 22 14 22 78 16
internal_value=0 0.0282744 0.0676728 0.00312951 -0.000215556 -0.0611727
internal_weight=0 30.6865 11.9549 18.7316 6.01086 2.08013
internal_count=210 184 114 70 92 38
shrinkage=0.1


Tree=73
num_leaves=7
num_cat=0
split_feature=0 0 0 0 0 0
split_gain=0.302537 0.0924936 0.0745644 0.019969 0.000428694 4.13575e-09
threshold=1.0000000180025095e-35 0.15000000000000005 0.45000000000000007 0.35000000000000003 0.75000000000000011 0.25000000000000006
decision_type=2 2 2 2 2 2
left_child=-1 -2 3 5 -4 -3
right_child=1 2 4 -5 -6 -7
leaf_value=0.021112392715012265 0.0014701408166626394 -0.0058482567474379887 -0.0055192808425065503 -0.016878944960714379 -0.00019855541467570702 -0.0058602148252075784
leaf_weight=5.7584375403821459 16.461700364947319 1.7324319479521348 0.15553696767892589 7.7974441451951861 5.7318414971232414 0.34718243969837198
leaf_count=26 32 22 14 22 78 16
internal_value=0 -0.0377254 -0.0924711 -0.145569 -0.00339122 -0.0585025
internal_weight=0 32.2261 15.7644 9.87706 5.88738 2.07961
internal_count=210 184 152 60 92 38
shrinkage=0.1


Tree=74
num_leaves=7
num_cat=0
split_feature=0 0 0 0 0 0
split_gain=0.0757811 0.0250989 0.0394864 0.00791066 2.62026e-05 3.82326e-07
threshold=1.0000000180025095e-35 0.35000000000000003 0.45000000000000007 0.15000000000000005 0.75000000000000011 0.25000000000000006
decision_type=2 2 2 2 2 2
left_child=-1 3 -3 -2 -4 -5
right_child=1 2 4 5 -6 -7
leaf_value=-0.009495460230455114 0.00056888979701781952 0.011531140635553902 0.0011315497306838603 -0.0059540239850521372 -1.4831664568812381e-05 -0.0060694301683913796
leaf_weight=6.870412189513444 16.754315905272968 5.8943720990791899 0.20644222875125692 1.7335373131791123 5.8297750730998814 0.34403139469213773
leaf_count=26 32 22 14 22 78 16
internal_value=0 0.0212069 0.0570935 -0.00152839 0.000243753 -0.0597313
internal_weight=0 30.7625 11.9306 18.8319 6.03622 2.07757
internal_count=210 184 114 70 92 38
shrinkage=0.1


Tree=75
num_leaves=7
num_cat=0
split_feature=0 0 0 0 0 0
split_gain=0.218024 0.0391348 0.0809252 0.0104132 1.19731e-06 7.45186e-07
threshold=1.0000000180025095e-35 0.35000000000000003 0.45000000000000007 0.15000000000000005 0.25000000000000006 0.75000000000000011
decision_type=2 2 2 2 2 2
left_child=-1 3 -3 -2 -5 -4
right_child=1 2 5 4 -6 -7
leaf_value=-0.015652846306255474 0.0016583914029516655 0.016324937477313478 -0.00033576400502145093 -0.005884963653231671 -0.0056810997376560389 -0.00012656025573264557
leaf_weight=7.2030734568834296 16.572405278682716 6.0160845723003131 0.17545149673242111 1.7325751461321481 0.34554586466401804 5.7600680906325579
leaf_count=26 32 22 14 22 16 78
internal_value=0 0.0368434 0.0815157 0.00821656 -0.0585107 -0.00132744
internal_weight=0 30.6021 11.9516 18.6505 2.07812 5.93552
internal_count=210 184 114 70 38 92
shrinkage=0.1


Tree=76
num_leaves=7
num_cat=0
split_feature=0 0 0 0 0 0
split_gain=0.160941 0.0623767 0.0528058 0.00981232 0.000471027 1.33154e-06
threshold=1.0000000180025095e-35 0.15000000000000005 0.45000000000000007 0.35000000000000003 0.75000000000000011 0.25000000000000006
decision_type=2 2 2 2 2 2
left_child=-1 -2 3 5 -4 -3
right_child=1 2 4 -5 -6 -7
leaf_value=0.016007192746387292 0.0015984337747505474 -0.0056913084452620572 -0.0050557380972612899 -0.013403158768529126 0.00038507147327591722 -0.0054772201499575937
leaf_weight=5.3821611478924742 16.586431860923767 1.731042686500585 0.16363659384660323 7.6320074405521154 5.7619389053434134 0.34910299547482271
leaf_count=26 32 22 14 22 78 16
internal_value=0 -0.0267356 -0.0720473 -0.117437 0.00234822 -0.0565538
internal_weight=0 32.2242 15.6377 9.71215 5.92558 2.08015
internal_count=210 184 152 60 92 38
shrinkage=0.1


Tree=77
num_leaves=7
num_cat=0
split_feature=0 0 0 0 0 0
split_gain=0.255515 0.0456688 0.0956699 0.0102359 3.61806e-06 2.31417e-06
threshold=1.0000000180025095e-35 0.35000000000000003 0.45000000000000007 0.15000000000000005 0.25000000000000006 0.75000000000000011
decision_type=2 2 2 2 2 2
left_child=-1 3 -3 -2 -5 -4
right_child=1 2 5 4 -6 -7
leaf_value=-0.016823246777626834 0.0017465305711072531 0.017685579672486722 -0.00057694492411415848 -0.005761285175723458 -0.0054068188276427519 -0.00020061911089122825
leaf_weight=7.2891330998390904 16.527821876108653 6.0416594892740232 0.16819473297800858 1.7311568829463788 0.34540975868003432 5.7392069702036679
leaf_count=26 32 22 14 22 16 78
internal_value=0 0.0401352 0.0883767 0.00915111 -0.0570232 -0.00211334
internal_weight=0 30.5534 11.9491 18.6044 2.07657 5.9074
internal_count=210 184 114 70 38 92
shrinkage=0.1


Tree=78
num_leaves=7
num_cat=0
split_feature=0 0 0 0 0 0
split_gain=0.141963 0.0587259 0.0505068 0.00896862 0.000457447 3.38665e-06
threshold=1.0000000180025095e-35 0.15000000000000005 0.45000000000000007 0.35000000000000003 0.75000000000000011 0.25000000000000006
decision_type=2 2 2 2 2 2
left_child=-1 -2 3 5 -4 -3
right_child=1 2 4 -5 -6 -7
leaf_value=0.01518608295426317 0.0016495026795200912 -0.005581582196516853 -0.0048188118527108569 -0.012935088315962183 0.00052235926215499846 -0.0052402861040996328
leaf_weight=5.2876833751797667 16.591904275119305 1.7299122252734362 0.16493702423758705 7.6070096865296364 5.7652154704555869 0.34947756031760929
leaf_count=26 32 22 14 22 78 16
internal_value=0 -0.0249311 -0.0689446 -0.113442 0.00373804 -0.0552422
internal_weight=0 32.2085 15.6166 9.6864 5.93015 2.07939
internal_count=210 184 152 60 92 38
shrinkage=0.1


Tree=79
num_leaves=7
num_cat=0
split_feature=0 0 0 0 0 0
split_gain=0.391799 0.067846 0.150679 0.0108454 2.93242e-05 9.93476e-06
threshold=1.0000000180025095e-35 0.35000000000000003 0.45000000000000007 0.15000000000000005 0.75000000000000011 0.25000000000000006
decision_type=2 2 2 2 2 2
left_child=-1 3 -3 -2 -4 -5
right_child=1 2 4 5 -6 -7
leaf_value=-0.020153517633122255 0.0021528536192294574 0.02181677403886725 -0.0020270791003459128 -0.005619070685760382 -0.00057579083892551094 -0.0050314194071437767
leaf_weight=7.7005579788237801 16.407976634800441 6.1822016444057208 0.14273123326711346 1.7292640776140609 5.6684193694964051 0.34509673347929481
leaf_count=26 32 22 14 22 78 16
internal_value=0 0.0509236 0.109496 0.0129155 -0.00611437 -0.0552131
internal_weight=0 30.4757 11.9934 18.4823 5.81115 2.07436
internal_count=210 184 114 70 92 38
shrinkage=0.1


Tree=80
num_leaves=7
num_cat=0
split_feature=0 0 0 0 0 0
split_gain=0.121085 0.0519272 0.0500937 0.00904006 0.000456547 7.4493e-06
threshold=0.15000000000000005 0.45000000000000007 1.0000000180025095e-35 0.35000000000000003 0.75000000000000011 0.25000000000000006
decision_type=2 2 2 2 2 2
left_child=2 3 -1 5 -3 -2
right_child=1 4 -4 -5 -6 -7
leaf_value=0.013493356239706669 -0.0054796332784610843 -0.0045037177902770972 0.0021667066988147795 -0.012835704105193763 0.00079268346759672065 -0.0049742385267865681
leaf_weight=5.105805583298209 1.728921002009882 0.16747315332759072 16.597388587892056 7.5927594769746065 5.7720750570297241 0.35082364117261006
leaf_count=26 22 14 32 22 78 16
internal_value=0 -0.0671636 0.0483137 -0.112357 0.00643345 -0.0539438
internal_weight=0 15.6121 21.7032 9.6725 5.93955 2.07974
internal_count=210 152 58 60 92 38
shrinkage=0.1


Tree=81
num_leaves=7
num_cat=0
split_feature=0 0 0 0 0 0
split_gain=0.217772 0.0609003 0.0560856 0.0127135 0.000356766 5.64155e-06
threshold=1.0000000180025095e-35 0.15000000000000005 0.45000000000000007 0.35000000000000003 0.75000000000000011 0.25000000000000006
decision_type=2 2 2 2 2 2
left_child=-1 -2 3 5 -4 -3
right_child=1 2 4 -5 -6 -7
leaf_value=0.018433174048961186 0.0010951581936571196 -0.0054041914773620353 -0.004574943398820243 -0.014153357367058342 0.00021295325079628675 -0.0049626788674597133
leaf_weight=5.4764131009578696 16.515824005007744 1.7277748029446214 0.15996844077017058 7.6634043548256159 5.7384633608162403 0.34763995342655096
leaf_count=26 32 22 14 22 78 16
internal_value=0 -0.031396 -0.0761228 -0.122731 0.000831031 -0.0533024
internal_weight=0 32.1531 15.6373 9.73882 5.89843 2.07541
internal_count=210 184 152 60 92 38
shrinkage=0.1


Tree=82
num_leaves=7
num_cat=0
split_feature=0 0 0 0 0 0
split_gain=0.141611 0.0332002 0.0581028 0.00762732 1.53415e-05 6.02756e-06
threshold=1.0000000180025095e-35 0.35000000000000003 0.45000000000000007 0.15000000000000005 0.75000000000000011 0.25000000000000006
decision_type=2 2 2 2 2 2
left_child=-1 3 -3 -2 -4 -5
right_child=1 2 4 5 -6 -7
leaf_value=-0.012918022779961902 0.0010057044243423658 0.014056561282036709 0.00097051677051506889 -0.0055035333927501724 5.9239970831555439e-05 -0.0050455662768513999
leaf_weight=6.920058010146021 16.594372093677528 5.9352369923144561 0.1908358895452692 1.7285947017371648 5.7857999312691391 0.34469986427575339
leaf_count=26 32 22 14 22 78 16
internal_value=0 0.0292331 0.0704818 0.00291223 0.000883373 -0.0542739
internal_weight=0 30.5795 11.9119 18.6677 5.97664 2.07329
internal_count=210 184 114 70 92 38
shrinkage=0.1


Tree=83
num_leaves=7
num_cat=0
split_feature=0 0 0 0 0 0
split_gain=0.283143 0.0772189 0.0682744 0.0192413 0.000309289 8.69644e-06
threshold=1.0000000180025095e-35 0.15000000000000005 0.45000000000000007 0.35000000000000003 0.75000000000000011 0.25000000000000006
decision_type=2 2 2 2 2 2
left_child=-1 -2 3 5 -4 -3
right_child=1 2 4 -5 -6 -7
leaf_value=0.020674761189515539 0.001159515790066166 -0.0052806219221038916 -0.0045011940690223183 -0.016035778938660237 9.5177195491062713e-06 -0.0047319040008400532
leaf_weight=5.6359555106610051 16.460811339318752 1.7262271086219683 0.15616758656687935 7.7453733617439866 5.7105501731857657 0.34686846513068287
leaf_count=26 32 22 14 22 78 16
internal_value=0 -0.0362478 -0.0864565 -0.137455 -0.00110554 -0.0518881
internal_weight=0 32.146 15.6852 9.81847 5.86672 2.0731
internal_count=210 184 152 60 92 38
shrinkage=0.1


Tree=84
num_leaves=7
num_cat=0
split_feature=0 0 0 0 0 0
split_gain=0.0891643 0.0265028 0.0411265 0.00646746 4.44605e-05 6.42301e-06
threshold=1.0000000180025095e-35 0.35000000000000003 0.45000000000000007 0.15000000000000005 0.75000000000000011 0.25000000000000006
decision_type=2 2 2 2 2 2
left_child=-1 3 -3 -2 -4 -5
right_child=1 2 4 5 -6 -7
leaf_value=-0.010349553234192919 0.00061201653272025588 0.011923977298582508 0.001620477184002829 -0.0053911069100000012 0.00011380350880934722 -0.0049179630963667419
leaf_weight=6.8107106089591971 16.677256569266326 5.8954481100663525 0.20270123961381603 1.7273745948914432 5.7993024066090584 0.34406233520712687
leaf_count=26 32 22 14 22 78 16
internal_value=0 0.0230006 0.0599167 -0.000425518 0.00164687 -0.0531252
internal_weight=0 30.6461 11.8975 18.7487 6.002 2.07144
internal_count=210 184 114 70 92 38
shrinkage=0.1


Tree=85
num_leaves=7
num_cat=0
split_feature=0 0 0 0 0 0
split_gain=0.289781 0.0528137 0.10855 0.00880473 1.84141e-05 3.22161e-07
threshold=1.0000000180025095e-35 0.35000000000000003 0.45000000000000007 0.15000000000000005 0.25000000000000006 0.75000000000000011
decision_type=2 2 2 2 2 2
left_child=-1 3 -3 -2 -5 -4
right_child=1 2 5 4 -6 -7
leaf_value=-0.017805405685849027 0.0017366140433204683 0.018876139812889232 -0.000350326830829082 -0.0053142189275149666 -0.0045141278325486062 -0.00020688083935044207
leaf_weight=7.3618220183998337 16.478159599006183 6.0621757833287102 0.16098866355605412 1.7261073642875993 0.34517892356961954 5.698590278159827
leaf_count=26 32 22 14 22 16 78
internal_value=0 0.0430178 0.0949484 0.00964186 -0.0518088 -0.00210822
internal_weight=0 30.4712 11.9218 18.5494 2.07129 5.85958
internal_count=210 184 114 70 38 92
shrinkage=0.1


Tree=86
num_leaves=7
num_cat=0
split_feature=0 0 0 0 0 0
split_gain=0.131605 0.0537953 0.0489264 0.00942216 0.000362495 1.70285e-05
threshold=1.0000000180025095e-35 0.15000000000000005 0.45000000000000007 0.35000000000000003 0.75000000000000011 0.25000000000000006
decision_type=2 2 2 2 2 2
left_child=-1 -2 3 5 -4 -3
right_child=1 2 4 -5 -6 -7
leaf_value=0.014739912995346436 0.0015729678899312285 -0.0051547939829588467 -0.004066051568336275 -0.012631249217554345 0.00068781048431620104 -0.0043893261167332175
leaf_weight=5.2123683281242839 16.587492771446705 1.7251503487350404 0.16500947950407763 7.5823552571237087 5.7443848550319672 0.34949359123129387
leaf_count=26 32 22 14 22 78 16
internal_value=0 -0.0238944 -0.0661177 -0.109974 0.00555067 -0.0502584
internal_weight=0 32.1539 15.5664 9.657 5.90939 2.07464
internal_count=210 184 152 60 92 38
shrinkage=0.1


Tree=87
num_leaves=7
num_cat=0
split_feature=0 0 0 0 0 0
split_gain=0.398003 0.108071 0.0909092 0.0324792 0.000244925 1.64537e-05
threshold=1.0000000180025095e-35 0.15000000000000005 0.45000000000000007 0.35000000000000003 0.75000000000000011 0.25000000000000006
decision_type=2 2 2 2 2 2
left_child=-1 -2 3 5 -4 -3
right_child=1 2 4 -5 -6 -7
leaf_value=0.024012264689855258 0.0013279232011196669 -0.0050613091704456298 -0.0043270945667546528 -0.019012432957010179 -0.0002418751686129332 -0.0043056884587687923
leaf_weight=5.8408174384385338 16.360550910234451 1.723552535171619 0.15065829595550795 7.8759062122553587 5.669567815028131 0.34603030158905301
leaf_count=26 32 22 14 22 78 16
internal_value=0 -0.0436562 -0.10274 -0.16083 -0.00347622 -0.0493497
internal_weight=0 32.1263 15.7657 9.94549 5.82023 2.06958
internal_count=210 184 152 60 92 38
shrinkage=0.1


Tree=88
num_leaves=7
num_cat=0
split_feature=0 0 0 0 0 0
split_gain=0.055021 0.023646 0.0320465 0.00508405 9.33827e-05 9.59941e-06
threshold=1.0000000180025095e-35 0.35000000000000003 0.45000000000000007 0.15000000000000005 0.75000000000000011 0.25000000000000006
decision_type=2 2 2 2 2 2
left_child=-1 3 -3 -2 -4 -5
right_child=1 2 4 5 -6 -7
leaf_value=-0.0081594816450359271 0.00017335834310677233 0.01055575186741498 0.0022277245275882343 -0.0051778935285382369 8.7393208333019301e-05 -0.0045987430673483775
leaf_weight=6.770885966718196 16.761890731751926 5.8615774037316424 0.21127749863080669 1.7249397231498727 5.7962426212616265 0.34312447404954566
leaf_count=26 32 22 14 22 78 16
internal_value=0 0.0179963 0.0529531 -0.00403808 0.00162666 -0.050818
internal_weight=0 30.6991 11.8691 18.83 6.00752 2.06806
internal_count=210 184 114 70 92 38
shrinkage=0.1


Tree=89
num_leaves=7
num_cat=0
split_feature=0 0 0 0 0 0
split_gain=0.124356 0.0287862 0.0483514 0.0065196 3.2719e-05 1.83084e-05
threshold=1.0000000180025095e-35 0.35000000000000003 0.45000000000000007 0.15000000000000005 0.75000000000000011 0.25000000000000006
decision_type=2 2 2 2 2 2
left_child=-1 3 -3 -2 -4 -5
right_child=1 2 4 5 -6 -7
leaf_value=-0.012124666522650769 0.00094916853082380095 0.012978755278343777 0.0014987058860040786 -0.0051360256287619008 0.00017793543906815482 -0.0043377652382436448
leaf_weight=6.9016318581998339 16.630350463092334 5.9274933589622361 0.19387344876304255 1.7244124143035144 5.7614228161983192 0.34475989820202801
leaf_count=26 32 22 14 22 78 16
internal_value=0 0.0273623 0.0658492 0.00290536 0.00220933 -0.0500302
internal_weight=0 30.5823 11.8828 18.6995 5.9553 2.06917
internal_count=210 184 114 70 92 38
shrinkage=0.1


Tree=90
num_leaves=7
num_cat=0
split_feature=0 0 0 0 0 0
split_gain=0.36853 0.103864 0.0876758 0.0313218 0.000237317 2.3757e-05
threshold=1.0000000180025095e-35 0.15000000000000005 0.45000000000000007 0.35000000000000003 0.75000000000000011 0.25000000000000006
decision_type=2 2 2 2 2 2
left_child=-1 -2 3 5 -4 -3
right_child=1 2 4 -5 -6 -7
leaf_value=0.023144029070292851 0.0013739875483995097 -0.0049178513686802443 -0.0041530372171885042 -0.018598185682349142 -0.00014164364606009602 -0.0040101269304460736
leaf_weight=5.8241844847798339 16.393648579716682 1.7219092751038245 0.15142788691446085 7.8519705068320036 5.6594275976531208 0.34631445835111646
leaf_count=26 32 22 14 22 78 16
internal_value=0 -0.04196 -0.100006 -0.157143 -0.00246178 -0.0476586
internal_weight=0 32.1247 15.731 9.92019 5.81086 2.06822
internal_count=210 184 152 60 92 38
shrinkage=0.1


Tree=91
num_leaves=7
num_cat=0
split_feature=0 0 0 0 0 0
split_gain=0.0591156 0.0227374 0.0310776 0.00494658 9.10979e-05 1.61191e-05
threshold=1.0000000180025095e-35 0.35000000000000003 0.45000000000000007 0.15000000000000005 0.75000000000000011 0.25000000000000006
decision_type=2 2 2 2 2 2
left_child=-1 3 -3 -2 -4 -5
right_child=1 2 4 5 -6 -7
leaf_value=-0.0084356389123821391 0.00027835153416350892 0.010469805151032843 0.0022777622631668685 -0.0050313717550614055 0.00015636296787281863 -0.0042811878527598954
leaf_weight=6.8005246780812731 16.765224933624275 5.870186794549225 0.20977335690986357 1.7232351275160902 5.7784106638282537 0.34351710620103398
leaf_count=26 32 22 14 22 78 16
internal_value=0 0.0186921 0.052993 -0.0029069 0.00230678 -0.0490668
internal_weight=0 30.6903 11.8584 18.832 5.98818 2.06675
internal_count=210 184 114 70 92 38
shrinkage=0.1


Tree=92
num_leaves=7
num_cat=0
split_feature=0 0 0 0 0 0
split_gain=0.138667 0.0290582 0.0504326 0.0064649 2.91987e-05 2.67922e-05
threshold=1.0000000180025095e-35 0.35000000000000003 0.45000000000000007 0.15000000000000005 0.75000000000000011 0.25000000000000006
decision_type=2 2 2 2 2 2
left_child=-1 3 -3 -2 -4 -5
right_child=1 2 4 5 -6 -7
leaf_value=-0.01274274096071047 0.0010985979885720393 0.013279181865439409 0.0014630839880071561 -0.0049916176799531132 0.00020433640801316444 -0.004026187849431425
leaf_weight=6.9565457925200453 16.624497495591648 5.9430232560262066 0.19039569434244172 1.7227042689337388 5.7403091783635318 0.34502475091721846
leaf_count=26 32 22 14 22 78 16
internal_value=0 0.0290014 0.0676873 0.0044272 0.00244746 -0.0483052
internal_weight=0 30.566 11.8737 18.6922 5.9307 2.06773
internal_count=210 184 114 70 92 38
shrinkage=0.1


Tree=93
num_leaves=7
num_cat=0
split_feature=0 0 0 0 0 0
split_gain=0.296685 0.085841 0.0749965 0.0248147 0.000241068 3.11296e-05
threshold=1.0000000180025095e-35 0.15000000000000005 0.45000000000000007 0.35000000000000003 0.75000000000000011 0.25000000000000006
decision_type=2 2 2 2 2 2
left_child=-1 -2 3 5 -4 -3
right_child=1 2 4 -5 -6 -7
leaf_value=0.021012889970459386 0.0013092264917231146 -0.0047923586920907806 -0.003930872137521065 -0.016945183858708183 7.2638645361180476e-05 -0.0037538796171945523
leaf_weight=5.7057509310543528 16.461777649819851 1.7205506960162877 0.15450613375287403 7.7723059235140681 5.66425064438954 0.34684352728072543
leaf_count=26 32 22 14 22 78 16
internal_value=0 -0.0373267 -0.0903324 -0.143552 -0.00033667 -0.0461813
internal_weight=0 32.1202 15.6585 9.8397 5.81876 2.06739
internal_count=210 184 152 60 92 38
shrinkage=0.1


Tree=94
num_leaves=7
num_cat=0
split_feature=0 0 0 0 0 0
split_gain=0.0790433 0.0231519 0.0340049 0.00519331 7.11493e-05 2.53089e-05
threshold=1.0000000180025095e-35 0.35000000000000003 0.45000000000000007 0.15000000000000005 0.75000000000000011 0.25000000000000006
decision_type=2 2 2 2 2 2
left_child=-1 3 -3 -2 -4 -5
right_child=1 2 4 5 -6 -7
leaf_value=-0.0097281162189758741 0.00056898434201326951 0.011016001281087279 0.0021390046446738632 -0.0049020127465317911 0.00024027445509253393 -0.0039627178595648812
leaf_weight=6.8299598507583132 16.718777284026153 5.8925831932574493 0.20435469108633689 1.7217418286600144 5.760297694709152 0.34420779679203395
leaf_count=26 32 22 14 22 78 16
internal_value=0 0.0216835 0.0562811 -0.00015506 0.00305327 -0.0474552
internal_weight=0 30.642 11.8572 18.7847 5.96465 2.06595
internal_count=210 184 114 70 92 38
shrinkage=0.1


Tree=95
num_leaves=7
num_cat=0
split_feature=0 0 0 0 0 0
split_gain=0.225745 0.0396196 0.0775207 0.00711496 4.08715e-05 7.60081e-06
threshold=1.0000000180025095e-35 0.35000000000000003 0.45000000000000007 0.15000000000000005 0.25000000000000006 0.75000000000000011
decision_type=2 2 2 2 2 2
left_child=-1 3 -3 -2 -5 -4
right_child=1 2 5 4 -6 -7
leaf_value=-0.015930053029662994 0.0015719880559594932 0.016252201527776528 0.00074576781764081827 -0.0048509633929187217 -0.0036589508650912562 7.1832281905710038e-05
leaf_weight=7.1967709455639115 16.543114744126804 6.012344806455074 0.17241973371710617 1.7209026226773851 0.34537540009478096 5.6902512144297361
leaf_count=26 32 22 14 22 16 78
internal_value=0 0.0376077 0.0827377 0.00880944 -0.0465172 0.000916526
internal_weight=0 30.4844 11.875 18.6094 2.06628 5.86267
internal_count=210 184 114 70 38 92
shrinkage=0.1


Tree=96
num_leaves=7
num_cat=0
split_feature=0 0 0 0 0 0
split_gain=0.161862 0.0569117 0.0530655 0.013196 0.000277619 4.03778e-05
threshold=1.0000000180025095e-35 0.15000000000000005 0.45000000000000007 0.35000000000000003 0.75000000000000011 0.25000000000000006
decision_type=2 2 2 2 2 2
left_child=-1 -2 3 5 -4 -3
right_child=1 2 4 -5 -6 -7
leaf_value=0.016104623280272845 0.001393015181322355 -0.0046926814024754251 -0.0035982473441783097 -0.013501525369601003 0.00059669040410762853 -0.0035123130958678466
leaf_weight=5.3497624490410081 16.577818997204304 1.7196764612453974 0.16225318715441872 7.6117844227701426 5.6972766541875899 0.34854450926650304
leaf_count=26 32 22 14 22 78 16
internal_value=0 -0.0268254 -0.070304 -0.115769 0.00480531 -0.0449376
internal_weight=0 32.1174 15.5395 9.68001 5.85953 2.06822
internal_count=210 184 152 60 92 38
shrinkage=0.1


Tree=97
num_leaves=7
num_cat=0
split_feature=0 0 0 0 0 0
split_gain=0.264952 0.0466539 0.0928816 0.00708384 4.8062e-05 3.72282e-06
threshold=1.0000000180025095e-35 0.35000000000000003 0.45000000000000007 0.15000000000000005 0.25000000000000006 0.75000000000000011
decision_type=2 2 2 2 2 2
left_child=-1 3 -3 -2 -5 -4
right_child=1 2 5 4 -6 -7
leaf_value=-0.017116759031315109 0.0016618479019094132 0.017688853484959684 0.00046742099933855567 -0.0047667852455195942 -0.0034739771543627939 -1.4564815685075532e-05
leaf_weight=7.2950367070734492 16.500290654599674 6.0405133133754116 0.16491245361976314 1.7198614007211284 0.34529803128680203 5.6706656832247972
leaf_count=26 32 22 14 22 16 78
internal_value=0 0.0410188 0.0899658 0.00970793 -0.0455063 -9.43978e-06
internal_weight=0 30.4415 11.8761 18.5655 2.06516 5.83558
internal_count=210 184 114 70 38 92
shrinkage=0.1


Tree=98
num_leaves=7
num_cat=0
split_feature=0 0 0 0 0 0
split_gain=0.142423 0.0534813 0.0506017 0.0120306 0.000273515 4.61905e-05
threshold=1.0000000180025095e-35 0.15000000000000005 0.45000000000000007 0.35000000000000003 0.75000000000000011 0.25000000000000006
decision_type=2 2 2 2 2 2
left_child=-1 -2 3 5 -4 -3
right_child=1 2 4 -5 -6 -7
leaf_value=0.015252663817061861 0.0014493518064563303 -0.0046200250389914202 -0.0034236879580493182 -0.013011486627466477 0.00072296416635397225 -0.003358132973236159
leaf_weight=5.2601473927497855 16.584906451404095 1.7188999448553643 0.16363386961165716 7.5869730859994888 5.7024725009687245 0.3489634443540125
leaf_count=26 32 22 14 22 78 16
internal_value=0 -0.0249896 -0.0671793 -0.111686 0.00607294 -0.0440707
internal_weight=0 32.1058 15.5209 9.65484 5.86611 2.06786
internal_count=210 184 152 60 92 38
shrinkage=0.1


Tree=99
num_leaves=7
num_cat=0
split_feature=0 0 0 0 0 0
split_gain=0.583464 0.175713 0.175027 0.00664492 0.000161809 4.74563e-05
threshold=1.0000000180025095e-35 0.35000000000000003 0.45000000000000007 0.15000000000000005 0.75000000000000011 0.25000000000000006
decision_type=2 2 2 2 2 2
left_child=-1 3 -3 -2 -4 -5
right_child=1 2 4 5 -6 -7
leaf_value=0.028301983926587428 0.0017154054718897882 -0.023406713371169979 -0.0038809509987549925 -0.0045259220169035523 -0.00047722853086201115 -0.0032412374597222135
leaf_weight=6.1177713572978965 16.217307470738891 8.0680513419210893 0.14324234914965828 1.7171302327187725 5.5965691618621349 0.34537655109306786
leaf_count=26 32 22 14 22 78 16
internal_value=0 -0.05396 -0.139104 0.0103547 -0.00562172 -0.043108
internal_weight=0 32.0877 13.8079 18.2798 5.73981 2.06251
internal_count=210 184 114 70 92 38
shrinkage=0.1


end of trees

feature importances:
geographical=600

parameters:
[boosting: gbdt]
[objective: lambdarank]
[metric: ndcg]
[tree_learner: serial]
[device_type: cpu]
[data: ]
[valid: ]
[num_iterations: 100]
[learning_rate: 0.1]
[num_leaves: 16]
[num_threads: -1]
[max_depth: -1]
[min_data_in_leaf: 5]
[min_sum_hessian_in_leaf: 0.001]
[bagging_fraction: 1]
[pos_bagging_fraction: 1]
[neg_bagging_fraction: 1]
[bagging_freq: 0]
[bagging_seed: 3]
[feature_fraction: 1]
[feature_fraction_bynode: 1]
[feature_fraction_seed: 2]
[early_stopping_round: 0]
[first_metric_only: 0]
[max_delta_step: 0]
[lambda_l1: 0]
[lambda_l2: 0]
[min_gain_to_split: 0]
[drop_rate: 0.1]
[max_drop: 50]
[skip_drop: 0.5]
[xgboost_dart_mode: 0]
[uniform_drop: 0]
[drop_seed: 4]
[top_rate: 0.2]
[other_rate: 0.1]
[min_data_per_group: 100]
[max_cat_threshold: 32]
[cat_l2: 10]
[cat_smooth: 10]
[max_cat_to_onehot: 4]
[top_k: 20]
[monotone_constraints: ]
[feature_contri: ]
[forcedsplits_filename: ]
[forcedbins_filename: ]
[refit_decay_rate: 0.9]
[cegb_tradeoff: 1]
[cegb_penalty_split: 0]
[cegb_penalty_feature_lazy: ]
[cegb_penalty_feature_coupled: ]
[verbosity: -1]
[max_bin: 255]
[max_bin_by_feature: ]
[min_data_in_bin: 3]
[bin_construct_sample_cnt: 200000]
[histogram_pool_size: -1]
[data_random_seed: 1]
[output_model: LightGBM_model.txt]
[snapshot_freq: -1]
[input_model: ]
[output_result: LightGBM_predict_result.txt]
[initscore_filename: ]
[valid_data_initscores: ]
[pre_partition: 0]
[enable_bundle: 1]
[max_conflict_rate: 0]
[is_enable_sparse: 1]
[sparse_threshold: 0.8]
[use_missing: 1]
[zero_as_missing: 0]
[two_round: 0]
[save_binary: 0]
[header: 0]
[label_column: ]
[weight_column: ]
[group_column: ]
[ignore_column: ]
[categorical_feature: ]
[predict_raw_score: 0]
[predict_leaf_index: 0]
[predict_contrib: 0]
[num_iteration_predict: -1]
[pred_early_stop: 0]
[pred_early_stop_freq: 10]
[pred_early_stop_margin: 10]
[convert_model_language: ]
[convert_model: gbdt_prediction.cpp]
[num_class: 1]
[is_unbalance: 0]
[scale_pos_weight: 1]
[sigmoid: 1]
[boost_from_average: 1]
[reg_sqrt: 0]
[alpha: 0.9]
[fair_c: 1]
[poisson_max_delta_step: 0.7]
[tweedie_variance_power: 1.5]
[max_position: 20]
[lambdamart_norm: 1]
[label_gain: ]
[metric_freq: 1]
[is_provide_training_metric: 0]
[eval_at: 1]
[multi_error_top_k: 1]
[num_machines: 1]
[local_listen_port: 12400]
[time_out: 120]
[machine_list_filename: ]
[machines: ]
[gpu_platform_id: -1]
[gpu_device_id: -1]
[gpu_use_dp: 0]

end of parameters

pandas_categorical:null
