tree
version=v3
num_class=1
num_tree_per_iteration=1
label_index=0
max_feature_idx=0
objective=lambdarank
feature_names=geographical
feature_infos=[0:0.5]
tree_sizes=743 747 745 748 751 757 756 750 763 748 758 762 748 758 753 763 766 763 763 760 760 744 751 768 761 761 747 766 767 767 760 749 762 747 766 751 763 765 763 761 756 762 749 758 759 758 750 747 766 757 763 759 759 751 758 755 767 760 757 752 750 749 761 764 765 761 760 750 756 757 749 760 762 751 764 759 745 752 762 750 763 759 762 762 758 746 761 761 752 748 759 748 761 762 758 761 760 747 748 764

Tree=0
num_leaves=6
num_cat=0
split_feature=0 0 0 0 0
split_gain=0.290897 0.675223 0.0346 0.01228 0.0034703
threshold=0.25000000000000006 0.35000000000000003 0.15000000000000005 1.0000000180025095e-35 0.45000000000000007
decision_type=2 2 2 2 2
left_child=2 -2 3 -1 -3
right_child=1 4 -4 -5 -6
leaf_value=0.0086490464415058792 -0.083408714505947834 0.0031249074495485318 0.0036750396577912309 0.019244340015902615 0.015333834930142794
leaf_weight=1.7105353847146014 1.2584682498127229 2.6705582290887837 5.3119858875870705 3.0343888625502586 0.2550503946840762
leaf_count=24 28 44 64 44 6
internal_value=0 -0.221581 0.0921864 0.154248 0.0418926
internal_weight=0 4.18408 10.0569 4.74492 2.92561
internal_count=210 78 132 68 50
shrinkage=0.1


Tree=1
num_leaves=6
num_cat=0
split_feature=0 0 0 0 0
split_gain=0.648024 0.697433 0.471898 0.146677 0.000671193
threshold=0.35000000000000003 0.15000000000000005 0.45000000000000007 1.0000000180025095e-35 0.25000000000000006
decision_type=2 2 2 2 2
left_child=1 3 -2 -1 -3
right_child=2 4 -4 -5 -6
leaf_value=0.018339115427220616 0.030690905007389441 -0.0223717395837887 -0.028043945973631631 0.00030557312186657478 -0.025099406817553901
leaf_weight=5.6992418840527561 9.1618885099887812 14.440816972404715 1.6079855710268027 21.618938200175762 0.9622310176491744
leaf_count=24 44 64 6 44 28
internal_value=0 -0.0552635 0.219216 0.0406781 -0.225421
internal_weight=0 42.7212 10.7699 27.3182 15.403
internal_count=210 160 50 68 92
shrinkage=0.1


Tree=2
num_leaves=6
num_cat=0
split_feature=0 0 0 0 0
split_gain=9.18497 1.28584 0.322765 0.0689592 0.0600524
threshold=0.15000000000000005 0.25000000000000006 0.45000000000000007 0.35000000000000003 1.0000000180025095e-35
decision_type=2 2 2 2 2
left_child=4 -2 3 -3 -1
right_child=1 2 -4 -5 -6
leaf_value=0.065956682968817501 -0.0026345753988562242 -0.072962592835491294 0.047804814402804818 -0.045249209436022009 0.053776634027148752
leaf_weight=6.2635637670755395 10.650321717374025 0.93799692392349843 0.36955463327467342 20.987769782543182 11.44339644908905
leaf_count=24 64 28 6 44 44
internal_value=0 -0.312184 -0.448727 -0.464348 0.580851
internal_weight=0 32.9456 22.2953 21.9258 17.707
internal_count=210 142 78 72 68
shrinkage=0.1


Tree=3
num_leaves=6
num_cat=0
split_feature=0 0 0 0 0
split_gain=1.20256 0.356602 0.742852 0.0702704 0.0696136
threshold=1.0000000180025095e-35 0.15000000000000005 0.35000000000000003 0.45000000000000007 0.25000000000000006
decision_type=2 2 2 2 2
left_child=-1 -2 4 -4 -3
right_child=1 2 3 -5 -6
leaf_value=-0.026433942269499584 0.022598425153669013 -0.012657910721826236 0.025232215863752967 -0.0042845067769445265 -0.042860815534246179
leaf_weight=12.6351425871253 13.115293119102715 11.349075994454322 8.7246080748736841 0.88871713355183679 0.81814006203785616
leaf_count=24 44 64 44 6 28
internal_value=0 0.0957125 0.0172685 0.225035 -0.146888
internal_weight=0 34.8958 21.7805 9.61333 12.1672
internal_count=210 186 142 50 92
shrinkage=0.1


Tree=4
num_leaves=6
num_cat=0
split_feature=0 0 0 0 0
split_gain=0.211153 0.134757 0.107531 0.0797762 0.0415147
threshold=0.35000000000000003 1.0000000180025095e-35 0.45000000000000007 0.25000000000000006 0.15000000000000005
decision_type=2 2 2 2 2
left_child=1 -1 -2 4 -3
right_child=2 3 -4 -5 -6
leaf_value=0.010441059824716326 0.016727279587905389 -0.0025969188809046554 -0.014885200218346793 -0.036410626156420309 -0.010412159246508939
leaf_weight=5.8361408710479727 8.8049132656305993 19.850286252796657 1.225816689431668 0.84586945408955105 10.336276380810885
leaf_count=24 44 44 6 28 64
internal_value=0 -0.0349988 0.12864 -0.061217 -0.0527296
internal_weight=0 36.8686 10.0307 31.0324 30.1866
internal_count=210 160 50 136 108
shrinkage=0.1


Tree=5
num_leaves=6
num_cat=0
split_feature=0 0 0 0 0
split_gain=0.171051 0.118468 0.0280392 0.000452885 0.000224822
threshold=0.35000000000000003 1.0000000180025095e-35 0.25000000000000006 0.45000000000000007 0.15000000000000005
decision_type=2 2 2 2 2
left_child=1 -1 4 -2 -3
right_child=3 2 -4 -5 -6
leaf_value=0.00936089245590805 0.011509259855155834 -0.005041620075105468 -0.024818343347069043 0.0087715196371159314 -0.0056228837252146587
leaf_weight=6.276660479605197 9.7545216409489477 20.320981532335288 0.7490173950791349 0.64413131959736425 9.8939319709315878
leaf_count=24 44 44 28 6 64
internal_value=0 -0.0316637 -0.0570575 0.113397 -0.0523196
internal_weight=0 37.2406 30.9639 10.3987 30.2149
internal_count=210 160 136 50 108
shrinkage=0.1


Tree=6
num_leaves=6
num_cat=0
split_feature=0 0 0 0 0
split_gain=0.199361 0.111935 0.0105946 0.00826519 0.00148879
threshold=0.35000000000000003 1.0000000180025095e-35 0.25000000000000006 0.15000000000000005 0.45000000000000007
decision_type=2 2 2 2 2
left_child=1 -1 3 -3 -2
right_child=4 2 -4 -5 -6
leaf_value=0.0077065101392509786 0.012749974558686037 -0.0066824859608340271 -0.018249926121125189 -0.0031462447770572743 0.007671216613835118
leaf_weight=7.5336750522255889 9.5953850857913459 21.34950332343579 0.67522466531954606 9.5732479342259449 0.61412980780005533
leaf_count=24 44 44 28 64 6
internal_value=0 -0.0324678 -0.058583 -0.0558772 0.124445
internal_weight=0 39.1317 31.598 30.9228 10.2095
internal_count=210 160 136 108 50
shrinkage=0.1


Tree=7
num_leaves=6
num_cat=0
split_feature=0 0 0 0 0
split_gain=1.65748 0.0548739 0.140836 0.0143339 0.00485928
threshold=1.0000000180025095e-35 0.35000000000000003 0.15000000000000005 0.25000000000000006 0.45000000000000007
decision_type=2 2 2 2 2
left_child=-1 2 -2 -4 -3
right_child=1 4 3 -5 -6
leaf_value=-0.030868598217783351 0.014983838874909337 0.017770899201337908 0.00055161427362864358 -0.01533641287047382 0.0083391528196218156
leaf_weight=12.757984630763529 14.411201979964972 9.9634156208485329 9.5481587257236225 0.60374467982910651 0.5779297351837166
leaf_count=24 44 44 64 28 6
internal_value=0 0.112186 0.086285 -0.00393264 0.172538
internal_weight=0 35.1045 24.5631 10.1519 10.5413
internal_count=210 186 136 92 50
shrinkage=0.1


Tree=8
num_leaves=6
num_cat=0
split_feature=0 0 0 0 0
split_gain=0.744922 0.0260722 0.0163265 0.00148249 0.0124633
threshold=1.0000000180025095e-35 0.45000000000000007 0.15000000000000005 0.35000000000000003 0.25000000000000006
decision_type=2 2 2 2 2
left_child=-1 2 -2 4 -4
right_child=1 -3 3 -5 -6
leaf_value=0.037232247319796401 -0.0058969971061562116 -0.025410534681057112 -0.0019914069981040571 -0.0012067445588113139 -0.017034802291952263
leaf_weight=4.8316305428743354 20.766100138425827 0.57061436772346397 9.5066620460711402 11.638787336647511 0.58460127119906324
leaf_count=24 44 6 64 44 28
internal_value=0 -0.0417706 -0.0389195 -0.0197585 -0.0286289
internal_weight=0 43.0668 42.4962 21.7301 10.0913
internal_count=210 186 180 136 92
shrinkage=0.1


Tree=9
num_leaves=6
num_cat=0
split_feature=0 0 0 0 0
split_gain=1.89659 0.0795526 0.116283 0.00855349 0.00790287
threshold=1.0000000180025095e-35 0.35000000000000003 0.15000000000000005 0.25000000000000006 0.45000000000000007
decision_type=2 2 2 2 2
left_child=-1 2 -2 -4 -3
right_child=1 4 3 -5 -6
leaf_value=-0.033015033955025912 0.014394277399896186 0.019619687982362674 0.0011141831756796333 -0.011882641626892983 0.0044808605499903915
leaf_weight=12.788593120872973 14.85044239833951 10.334243791177865 9.3893472976051253 0.53523674467578608 0.35672917962074358
leaf_count=24 44 44 64 28 6
internal_value=0 0.119048 0.0879365 0.00413259 0.191145
internal_weight=0 35.466 24.775 9.92458 10.691
internal_count=210 186 136 92 50
shrinkage=0.1


Tree=10
num_leaves=6
num_cat=0
split_feature=0 0 0 0 0
split_gain=0.404635 0.0757797 0.041042 0.0173835 0.00916376
threshold=1.0000000180025095e-35 0.35000000000000003 0.45000000000000007 0.15000000000000005 0.25000000000000006
decision_type=2 2 2 2 2
left_child=-1 3 -3 -2 -5
right_child=1 2 -4 4 -6
leaf_value=0.029347963695991131 -0.0070645999701453854 0.004765858735411084 -0.029715650873958145 -0.0012896436449870829 -0.015076627769844177
leaf_weight=4.2796888761222354 21.574395261704922 11.985273368656632 0.35542500019073564 9.3679902604781091 0.5082536118570723
leaf_count=24 44 44 6 64 28
internal_value=0 -0.0286815 0.0377276 -0.0547393 -0.0199915
internal_weight=0 43.7913 12.3407 31.4506 9.87624
internal_count=210 186 50 136 92
shrinkage=0.1


Tree=11
num_leaves=6
num_cat=0
split_feature=0 0 0 0 0
split_gain=0.265344 0.0696849 0.0517394 0.00961094 0.00461541
threshold=0.35000000000000003 1.0000000180025095e-35 0.15000000000000005 0.45000000000000007 0.25000000000000006
decision_type=2 2 2 2 2
left_child=1 -1 -3 -2 -4
right_child=3 2 4 -5 -6
leaf_value=0.0052655022739900165 0.012857812860761928 -0.0084667473195812974 0.00078984176138741828 -0.0085873306387223691 -0.010341352195488797
leaf_weight=6.6587071493268004 12.601255573332306 23.424682646989822 8.9747471087612176 0.21250585094094357 0.38863115082494992
leaf_count=24 44 44 64 6 28
internal_value=0 -0.0406116 -0.0595525 0.125022 0.00327837
internal_weight=0 39.4468 32.7881 12.8138 9.36338
internal_count=210 160 136 50 92
shrinkage=0.1


Tree=12
num_leaves=6
num_cat=0
split_feature=0 0 0 0 0
split_gain=8.66556 1.26828 0.229672 0.169928 9.31317e-05
threshold=0.15000000000000005 0.25000000000000006 1.0000000180025095e-35 0.45000000000000007 0.35000000000000003
decision_type=2 2 2 2 2
left_child=2 -2 -1 4 -3
right_child=1 3 -4 -5 -6
leaf_value=0.071290808215895535 -0.001017544064110852 -0.044363103895478255 0.047512341860514368 0.055835004302844909 -0.045818636099073301
leaf_weight=6.3783863857388505 9.3882484789937752 0.44895763765089824 11.185159990563989 0.16580974776297708 21.081844806671143
leaf_count=24 64 28 44 6 44
internal_value=0 -0.317246 0.561477 -0.450117 -0.457883
internal_weight=0 31.0849 17.5635 21.6966 21.5308
internal_count=210 142 68 78 72
shrinkage=0.1


Tree=13
num_leaves=6
num_cat=0
split_feature=0 0 0 0 0
split_gain=0.80883 0.0500988 0.0778901 0.00419236 0.00365265
threshold=1.0000000180025095e-35 0.35000000000000003 0.15000000000000005 0.45000000000000007 0.25000000000000006
decision_type=2 2 2 2 2
left_child=-1 2 -2 -3 -4
right_child=1 3 4 -5 -6
leaf_value=-0.021544533936820962 0.010862660667405731 0.013712356413099328 -0.00038460451790450469 0.023313625578039045 -0.0085041729627817995
leaf_weight=12.603560902178286 12.823636393994093 9.4651808533817494 9.5891113709658367 0.47773452848196102 0.58801543619483787
leaf_count=24 44 44 64 6 28
internal_value=0 0.0824249 0.0567852 0.141737 -0.00853738
internal_weight=0 32.9437 23.0008 9.94292 10.1771
internal_count=210 186 136 50 92
shrinkage=0.1


Tree=14
num_leaves=6
num_cat=0
split_feature=0 0 0 0 0
split_gain=3.23258 0.434123 0.129579 0.0183607 0.000523244
threshold=1.0000000180025095e-35 0.15000000000000005 0.35000000000000003 0.45000000000000007 0.25000000000000006
decision_type=2 2 2 2 2
left_child=-1 -2 4 -4 -3
right_child=1 2 3 -5 -6
leaf_value=-0.041710194695090207 0.029539201508512598 -0.0011926630874703526 0.013747420239378767 0.032365512031241675 -0.0043247365148098744
leaf_weight=13.358902998268603 14.365831226110457 9.3515595397911948 9.3305750573053938 0.56156732514500696 0.56564676645211953
leaf_count=24 44 64 44 6 28
internal_value=0 0.163043 0.0670629 0.148044 -0.0137131
internal_weight=0 34.1752 19.8093 9.89214 9.91721
internal_count=210 186 142 50 92
shrinkage=0.1


Tree=15
num_leaves=6
num_cat=0
split_feature=0 0 0 0 0
split_gain=0.0844159 0.153272 0.0672641 0.00319938 0.000555668
threshold=0.45000000000000007 0.35000000000000003 1.0000000180025095e-35 0.25000000000000006 0.15000000000000005
decision_type=2 2 2 2 2
left_child=1 2 -1 4 -4
right_child=-2 -3 3 -5 -6
leaf_value=0.0079935307752039188 -0.021469795342391476 0.012306740899684677 -0.0036241791085119771 -0.011270343894499647 -0.0045589757760664627
leaf_weight=5.4705553390085688 1.7608423065394152 9.2395763425156456 19.144200555980213 0.60714072501286764 9.5215346822515112
leaf_count=24 6 44 44 28 64
internal_value=0 0.00859536 -0.021847 -0.0408683 -0.0393468
internal_weight=0 43.983 34.7434 29.2729 28.6657
internal_count=210 204 160 136 108
shrinkage=0.1


Tree=16
num_leaves=6
num_cat=0
split_feature=0 0 0 0 0
split_gain=0.0882045 0.0566414 0.0157466 0.000954773 0.00139593
threshold=0.35000000000000003 1.0000000180025095e-35 0.45000000000000007 0.15000000000000005 0.25000000000000006
decision_type=2 2 2 2 2
left_child=1 -1 -2 -3 -5
right_child=2 3 -4 4 -6
leaf_value=0.0068252505707825095 0.0086992792459263547 -0.0046028855918621697 -0.0094640751337736386 -0.0031083658842045656 -0.0081644079644752933
leaf_weight=5.5441881213337174 10.378307310864326 19.403817676007748 0.50031472742557603 9.4402264012023807 0.57959019718691773
leaf_count=24 44 44 6 64 28
internal_value=0 -0.024465 0.0786394 -0.0419354 -0.0340083
internal_weight=0 34.9678 10.8786 29.4236 10.0198
internal_count=210 160 50 136 92
shrinkage=0.1


Tree=17
num_leaves=6
num_cat=0
split_feature=0 0 0 0 0
split_gain=0.0978191 0.0551105 0.027231 0.00386395 0.00103065
threshold=0.35000000000000003 1.0000000180025095e-35 0.45000000000000007 0.15000000000000005 0.25000000000000006
decision_type=2 2 2 2 2
left_child=1 -1 -2 -3 -5
right_child=2 3 -4 4 -6
leaf_value=0.0065005469413862002 0.0092394968431381962 -0.0051021401463138601 -0.01699720757349904 -0.0024338174607806285 -0.0068653421536390598
leaf_weight=5.6329547911882392 10.540428512729701 19.678092285990715 0.41101572662592006 9.3688761726953089 0.55595869338139969
leaf_count=24 44 44 6 64 28
internal_value=0 -0.0256563 0.0825481 -0.0429077 -0.0268206
internal_weight=0 35.2359 10.9514 29.6029 9.92483
internal_count=210 160 50 136 92
shrinkage=0.1


Tree=18
num_leaves=6
num_cat=0
split_feature=0 0 0 0 0
split_gain=0.114936 0.0544034 0.0286721 0.00979811 0.00069765
threshold=0.35000000000000003 1.0000000180025095e-35 0.45000000000000007 0.15000000000000005 0.25000000000000006
decision_type=2 2 2 2 2
left_child=1 -1 -2 -3 -5
right_child=2 3 -4 4 -6
leaf_value=0.0061237878377286854 0.0097670869092622136 -0.0057529764618970891 -0.020234273858810391 -0.0016955107389763913 -0.0054463051873505346
leaf_weight=5.7657929956912986 10.781170106492933 20.054883018136024 0.32824872992932874 9.2825693115592003 0.52388364588841874
leaf_count=24 44 44 6 64 28
internal_value=0 -0.027692 0.0888064 -0.0448631 -0.0189589
internal_weight=0 35.6271 11.1094 29.8613 9.80645
internal_count=210 160 50 136 92
shrinkage=0.1


Tree=19
num_leaves=6
num_cat=0
split_feature=0 0 0 0 0
split_gain=0.142969 0.0546581 0.021129 0.0208305 0.00039297
threshold=0.35000000000000003 1.0000000180025095e-35 0.45000000000000007 0.15000000000000005 0.25000000000000006
decision_type=2 2 2 2 2
left_child=1 -1 -2 -3 -5
right_child=2 3 -4 4 -6
leaf_value=0.0056711286146229455 0.010414250007029738 -0.0065874230867745409 -0.018353548889135578 -0.00081238406379802891 -0.0037580071892490486
leaf_weight=5.9720498062670222 11.161520851776 20.656973965466022 0.26128508150577623 9.1642256123013794 0.47644988447427833
leaf_count=24 44 44 6 64 28
internal_value=0 -0.0307263 0.0975622 -0.0479613 -0.00957959
internal_weight=0 36.2697 11.4228 30.2976 9.64068
internal_count=210 160 50 136 92
shrinkage=0.1


Tree=20
num_leaves=6
num_cat=0
split_feature=0 0 0 0 0
split_gain=0.199444 0.0557472 0.0422672 0.010493 0.000157356
threshold=0.35000000000000003 1.0000000180025095e-35 0.15000000000000005 0.45000000000000007 0.25000000000000006
decision_type=2 2 2 2 2
left_child=1 -1 -3 -2 -4
right_child=3 2 4 -5 -6
leaf_value=0.004971611740443669 0.011521291119593883 -0.0077373291101119042 0.00037722639913071159 -0.011552148453111798 -0.0016626743462428253
leaf_weight=6.3105982393026343 11.943498197942969 21.892479322850704 8.9666119860485196 0.20040236413478929 0.39480162574909705
leaf_count=24 44 44 64 6 28
internal_value=0 -0.0360153 -0.0533256 0.111405 0.00291197
internal_weight=0 37.5645 31.2539 12.1439 9.36141
internal_count=210 160 136 50 92
shrinkage=0.1


Tree=21
num_leaves=6
num_cat=0
split_feature=0 0 0 0 0
split_gain=10.4657 1.60176 0.168816 0.0751804 0.0147057
threshold=0.15000000000000005 0.25000000000000006 0.45000000000000007 1.0000000180025095e-35 0.35000000000000003
decision_type=2 2 2 2 2
left_child=3 -2 4 -1 -3
right_child=1 2 -4 -5 -6
leaf_value=0.067697548492389639 6.1042893380546044e-05 -0.030117152635974139 0.067113925633361757 0.054358961743143731 -0.050970825351816795
leaf_weight=6.4108134061098108 8.982540907571094 0.3435113923624219 0.12241172511130471 12.396449532359838 21.704039737582207
leaf_count=24 64 28 6 44 44
internal_value=0 -0.355623 -0.499957 0.589057 -0.506459
internal_weight=0 31.1525 22.17 18.8073 22.0476
internal_count=210 142 78 68 72
shrinkage=0.1


Tree=22
num_leaves=6
num_cat=0
split_feature=0 0 0 0 0
split_gain=1.61831 0.143628 0.0868666 0.00636258 2.7176e-05
threshold=1.0000000180025095e-35 0.15000000000000005 0.35000000000000003 0.45000000000000007 0.25000000000000006
decision_type=2 2 2 2 2
left_child=-1 -2 4 -4 -3
right_child=1 2 3 -5 -6
leaf_value=-0.029931025791563044 0.019908855969726708 -0.0001727128732642517 0.01259442849923913 0.026011409541869118 -0.00089224742520612745
leaf_weight=12.947641707956789 13.160368770360945 9.304853189038111 9.375407360494135 0.36729343608021808 0.55628923606127578
leaf_count=24 44 64 44 6 28
internal_value=0 0.11828 0.0640325 0.131002 -0.00213303
internal_weight=0 32.7642 19.6038 9.7427 9.86114
internal_count=210 186 142 50 92
shrinkage=0.1


Tree=23
num_leaves=6
num_cat=0
split_feature=0 0 0 0 0
split_gain=0.0983258 0.0733119 0.00515679 7.04961e-05 2.79743e-05
threshold=0.35000000000000003 1.0000000180025095e-35 0.15000000000000005 0.45000000000000007 0.25000000000000006
decision_type=2 2 2 2 2
left_child=1 -1 -3 -2 -4
right_child=3 2 4 -5 -6
leaf_value=0.0076553400859590576 0.0086329397384908146 -0.0054549337313499844 -0.0026137209442416661 0.0098710155440826612 -0.0033350224335263559
leaf_weight=5.9419950544834128 9.6427097213454509 19.659505032002926 9.3184024901129305 0.48294115066528398 0.57060731551610011
leaf_count=24 44 44 64 6 28
internal_value=0 -0.0247987 -0.0451799 0.0869199 -0.0265534
internal_weight=0 35.4905 29.5485 10.1257 9.88901
internal_count=210 160 136 50 92
shrinkage=0.1


Tree=24
num_leaves=6
num_cat=0
split_feature=0 0 0 0 0
split_gain=0.104855 0.0822555 0.011224 5.51152e-05 2.82038e-06
threshold=0.35000000000000003 1.0000000180025095e-35 0.15000000000000005 0.45000000000000007 0.25000000000000006
decision_type=2 2 2 2 2
left_child=1 -1 -3 -2 -4
right_child=3 2 4 -5 -6
leaf_value=0.0078316263594670494 0.0089546846484953677 -0.0060707649159065964 -0.0019534175063657725 0.010032120542324536 -0.001721256372627935
leaf_weight=6.336117446422576 9.6014212444424594 20.03098601847887 9.2414447455666959 0.49947360716760242 0.55468056094832796
leaf_count=24 44 44 64 6 28
internal_value=0 -0.0251605 -0.0471419 0.0900796 -0.0194027
internal_weight=0 36.1632 29.8271 10.1009 9.79613
internal_count=210 160 136 50 92
shrinkage=0.1


Tree=25
num_leaves=6
num_cat=0
split_feature=0 0 0 0 0
split_gain=0.128031 0.0900612 0.0228096 0.000398209 0.000180426
threshold=0.35000000000000003 1.0000000180025095e-35 0.15000000000000005 0.45000000000000007 0.25000000000000006
decision_type=2 2 2 2 2
left_child=1 -1 -3 -2 -4
right_child=3 2 4 -5 -6
leaf_value=0.0073165425236584722 0.0099298428084960491 -0.006932492569744618 -0.001152187235021746 0.012800111660806605 0.00074257116564738765
leaf_weight=7.287340283393859 9.4609925048425758 20.723694324493408 9.1238904853817075 0.50937788933515626 0.53186064749024886
leaf_count=24 44 44 64 6 28
internal_value=0 -0.0266724 -0.0506212 0.100765 -0.0104782
internal_weight=0 37.6668 30.3794 9.97037 9.65575
internal_count=210 160 136 50 92
shrinkage=0.1


Tree=26
num_leaves=6
num_cat=0
split_feature=0 0 0 0 0
split_gain=2.34946 0.193609 0.085593 0.00470096 0.00020122
threshold=1.0000000180025095e-35 0.15000000000000005 0.35000000000000003 0.45000000000000007 0.25000000000000006
decision_type=2 2 2 2 2
left_child=-1 -2 4 -4 -3
right_child=1 2 3 -5 -6
leaf_value=-0.035916861690438034 0.022962348439431339 0.00073113417871950765 0.013522873839316361 0.023150640539751868 0.0027791095487032674
leaf_weight=13.109691619873045 14.013355910778044 9.1141442006919515 9.51026937458664 0.535716278478504 0.50641556875780303
leaf_count=24 44 64 44 6 28
internal_value=0 0.139804 0.0758035 0.140363 0.00838937
internal_weight=0 33.6799 19.6665 10.046 9.62056
internal_count=210 186 142 50 92
shrinkage=0.1


Tree=27
num_leaves=6
num_cat=0
split_feature=0 0 0 0 0
split_gain=0.0612851 0.0540552 0.00729521 0.00093392 9.41836e-06
threshold=0.35000000000000003 1.0000000180025095e-35 0.15000000000000005 0.45000000000000007 0.25000000000000006
decision_type=2 2 2 2 2
left_child=1 -1 -3 -2 -4
right_child=3 2 4 -5 -6
leaf_value=0.0069542152570250095 0.0067499631272486364 -0.0048924879237090269 -0.0015650675418343439 0.0030960873697526681 -0.0011325286975843397
leaf_weight=5.5908088721334925 10.266800015233454 19.518784515559673 9.204550362424925 0.75066999346017904 0.53253919375129122
leaf_count=24 44 44 64 6 28
internal_value=0 -0.0205542 -0.0377717 0.0650101 -0.0154141
internal_weight=0 34.8467 29.2559 11.0175 9.73709
internal_count=210 160 136 50 92
shrinkage=0.1


Tree=28
num_leaves=6
num_cat=0
split_feature=0 0 0 0 0
split_gain=0.0673938 0.0575228 0.0114713 0.00813466 3.23763e-05
threshold=0.35000000000000003 1.0000000180025095e-35 0.15000000000000005 0.45000000000000007 0.25000000000000006
decision_type=2 2 2 2 2
left_child=1 -1 -3 -2 -4
right_child=3 2 4 -5 -6
leaf_value=0.0070576528231140251 0.0075248788145959554 -0.0052909201837164944 -0.0011334240640269949 -0.0035930669309093091 -0.00031740839771191156
leaf_weight=5.7014848664402953 10.337216129526492 19.837824374437332 9.1551730730570853 0.70284308120608407 0.51348788850009519
leaf_count=24 44 44 64 6 28
internal_value=0 -0.0213761 -0.0391439 0.0681708 -0.0109009
internal_weight=0 35.208 29.5065 11.0401 9.66866
internal_count=210 160 136 50 92
shrinkage=0.1


Tree=29
num_leaves=6
num_cat=0
split_feature=0 0 0 0 0
split_gain=0.0858094 0.0625907 0.0271066 0.0191864 7.22699e-05
threshold=0.35000000000000003 1.0000000180025095e-35 0.45000000000000007 0.15000000000000005 0.25000000000000006
decision_type=2 2 2 2 2
left_child=1 -1 -2 -3 -5
right_child=2 3 -4 4 -6
leaf_value=0.0070306377525537096 0.0088682654142151554 -0.0059795383397626307 -0.013315514774830601 -0.00061297382408029906 0.00063719213502564038
leaf_weight=5.9023479856550685 10.471470188349482 20.295524105429649 0.58139581233263093 9.0901351550128311 0.48718754621222687
leaf_count=24 44 44 6 64 28
internal_value=0 -0.0237936 0.0770137 -0.0423861 -0.00549379
internal_weight=0 35.7752 11.0529 29.8728 9.57732
internal_count=210 160 50 136 92
shrinkage=0.1


Tree=30
num_leaves=6
num_cat=0
split_feature=0 0 0 0 0
split_gain=0.131329 0.0709962 0.0358461 0.0349609 0.000176129
threshold=0.35000000000000003 1.0000000180025095e-35 0.45000000000000007 0.15000000000000005 0.25000000000000006
decision_type=2 2 2 2 2
left_child=1 -1 -2 -3 -5
right_child=2 3 -4 4 -6
leaf_value=0.0067647615690584447 0.010657324685611211 -0.0071453417958587968 -0.0187689414211148 8.4810057838172561e-05 0.0021230161394424408
leaf_weight=6.3233689963817588 10.698702922090884 21.051450811326504 0.43063553795218551 8.9867493810597807 0.44496162654832078
leaf_count=24 44 44 6 64 28
internal_value=0 -0.0287821 0.0951871 -0.0487853 0.00180967
internal_weight=0 36.8065 11.1293 30.4832 9.43171
internal_count=210 160 50 136 92
shrinkage=0.1


Tree=31
num_leaves=6
num_cat=0
split_feature=0 0 0 0 0
split_gain=3.41319 0.0587662 0.175533 0.00618429 0.000774684
threshold=1.0000000180025095e-35 0.35000000000000003 0.15000000000000005 0.45000000000000007 0.25000000000000006
decision_type=2 2 2 2 2
left_child=-1 2 -2 -3 -4
right_child=1 3 4 -5 -6
leaf_value=-0.043603080190128485 0.019351315223448042 0.022121931590929428 0.0018287692943428696 0.0067222830693884879 0.0065611377852365432
leaf_weight=13.189804412424563 16.115601763129234 10.984905229881402 8.7997316650580615 0.26711742021143514 0.36006738687865514
leaf_count=24 44 44 64 6 28
internal_value=0 0.157448 0.130686 0.217564 0.020148
internal_weight=0 36.5274 25.2754 11.252 9.1598
internal_count=210 186 136 50 92
shrinkage=0.1


Tree=32
num_leaves=6
num_cat=0
split_feature=0 0 0 0 0
split_gain=0.233813 0.139484 0.0508961 0.0221261 1.21849e-05
threshold=1.0000000180025095e-35 0.15000000000000005 0.45000000000000007 0.35000000000000003 0.25000000000000006
decision_type=2 2 2 2 2
left_child=-1 -2 3 4 -3
right_child=1 2 -4 -5 -6
leaf_value=0.025213946361913448 -0.0075595485569723286 0.00050562015437659877 -0.037716070693346447 0.0069099143429152193 -8.8701337824050665e-05
leaf_weight=3.4151284992694846 22.140003681182861 8.8949603373184818 0.2935166098177423 12.715687442570925 0.35888720909133631
leaf_count=24 44 64 6 44 28
internal_value=0 -0.0193925 0.0364998 0.0420264 0.00482571
internal_weight=0 44.4031 22.2631 21.9695 9.25385
internal_count=210 186 142 136 92
shrinkage=0.1


Tree=33
num_leaves=6
num_cat=0
split_feature=0 0 0 0 0
split_gain=7.84567 1.18387 0.120012 0.0688422 0.00992247
threshold=0.15000000000000005 0.25000000000000006 1.0000000180025095e-35 0.45000000000000007 0.35000000000000003
decision_type=2 2 2 2 2
left_child=2 -2 -1 4 -3
right_child=1 3 -4 -5 -6
leaf_value=0.068681051136881985 0.00027836273567422677 -0.026033064161830023 0.048983015902747958 0.022790420874582402 -0.043746977334431114
leaf_weight=4.0172478221356878 8.9016984687186795 0.32098460674752161 13.443457895889878 0.15787751693278451 21.30729303508997
leaf_count=24 64 28 44 6 44
internal_value=0 -0.304489 0.53515 -0.430038 -0.434841
internal_weight=0 30.6879 17.4607 21.7862 21.6283
internal_count=210 142 68 78 72
shrinkage=0.1


Tree=34
num_leaves=6
num_cat=0
split_feature=0 0 0 0 0
split_gain=0.121514 0.0829441 0.0260464 0.00248242 0.000562848
threshold=0.35000000000000003 1.0000000180025095e-35 0.15000000000000005 0.45000000000000007 0.25000000000000006
decision_type=2 2 2 2 2
left_child=1 -1 -3 -2 -4
right_child=3 2 4 -5 -6
leaf_value=0.0072120806862944727 0.010145681696006275 -0.0069299628083201656 -0.00079945315070351704 0.00075829882203626493 0.0025473237276678615
leaf_weight=6.9523294344544402 9.5605880999937618 20.413580626249313 9.0678239930421114 0.29025174304843027 0.53198229463305402
leaf_count=24 44 44 64 6 28
internal_value=0 -0.0262997 -0.0490979 0.0986909 -0.00613988
internal_weight=0 36.9657 30.0134 9.85084 9.59981
internal_count=210 160 136 50 92
shrinkage=0.1


Tree=35
num_leaves=6
num_cat=0
split_feature=0 0 0 0 0
split_gain=3.14968 0.34143 0.0852406 0.00105752 0.000308081
threshold=1.0000000180025095e-35 0.15000000000000005 0.35000000000000003 0.25000000000000006 0.45000000000000007
decision_type=2 2 2 2 2
left_child=-1 -2 3 -3 -4
right_child=1 2 4 -5 -6
leaf_value=-0.041095787697851417 0.028060439556300887 0.00067449329511860541 0.014136157644316978 0.0053717640114069347 0.01766158071844803
leaf_weight=13.343125544488428 14.283170677721499 9.0087976355571282 9.4978656712919456 0.50622032524552274 0.2545233825221665
leaf_count=24 44 64 44 28 6
internal_value=0 0.163439 0.0765823 0.00924399 0.142282
internal_weight=0 33.5506 19.2674 9.51502 9.75239
internal_count=210 186 142 92 50
shrinkage=0.1


Tree=36
num_leaves=6
num_cat=0
split_feature=0 0 0 0 0
split_gain=0.0781386 0.0411086 0.0188996 0.0105961 0.000163633
threshold=0.35000000000000003 1.0000000180025095e-35 0.45000000000000007 0.15000000000000005 0.25000000000000006
decision_type=2 2 2 2 2
left_child=1 -1 -2 -3 -5
right_child=2 3 -4 4 -6
leaf_value=0.0055892768557706746 0.0082068506826318225 -0.0051796295099954268 -0.016950655303699529 -0.0012243993504344134 0.00056802155869234232
leaf_weight=5.526169689372181 10.355050363577899 19.26155186444521 0.30748678371310312 9.1442137672565877 0.53936304186936557
leaf_count=24 44 44 6 64 28
internal_value=0 -0.0231411 0.0748136 -0.0382301 -0.0112456
internal_weight=0 34.4713 10.6625 28.9451 9.68358
internal_count=210 160 50 136 92
shrinkage=0.1


Tree=37
num_leaves=6
num_cat=0
split_feature=0 0 0 0 0
split_gain=0.0872967 0.0412171 0.0197905 0.0143943 0.000214214
threshold=0.35000000000000003 1.0000000180025095e-35 0.45000000000000007 0.15000000000000005 0.25000000000000006
decision_type=2 2 2 2 2
left_child=1 -1 -2 -3 -5
right_child=2 3 -4 4 -6
leaf_value=0.0054171969371043767 0.0085461673940523675 -0.0055195542198152696 -0.019169187866855116 -0.00090517279567459922 0.0011763895349134123
leaf_weight=5.5961152687668791 10.501693038269874 19.453326508402824 0.2641212819144137 9.1062971502542496 0.52276984509080726
leaf_count=24 44 44 6 64 28
internal_value=0 -0.0244204 0.0786622 -0.0395433 -0.00792163
internal_weight=0 34.6785 10.7658 29.0824 9.62907
internal_count=210 160 50 136 92
shrinkage=0.1


Tree=38
num_leaves=6
num_cat=0
split_feature=0 0 0 0 0
split_gain=0.0995821 0.0416658 0.0195471 0.0173177 0.00028294
threshold=0.35000000000000003 1.0000000180025095e-35 0.15000000000000005 0.45000000000000007 0.25000000000000006
decision_type=2 2 2 2 2
left_child=1 -1 -3 -2 -4
right_child=3 2 4 -5 -6
leaf_value=0.0052251707986118168 0.0089148446044044136 -0.0059261253726044924 -0.0005435398588102484 -0.018942046208128782 0.0018986475519334523
leaf_weight=5.6907210834324351 10.696842357516285 19.710189871490002 9.0587344905361533 0.22791899833828289 0.50060700846370387
leaf_count=24 44 44 64 6 28
internal_value=0 -0.026042 -0.0412642 0.0833368 -0.00415647
internal_weight=0 34.9603 29.2695 10.9248 9.55934
internal_count=210 160 136 50 92
shrinkage=0.1


Tree=39
num_leaves=6
num_cat=0
split_feature=0 0 0 0 0
split_gain=0.117205 0.0423357 0.026801 0.0130794 0.000379869
threshold=0.35000000000000003 1.0000000180025095e-35 0.15000000000000005 0.45000000000000007 0.25000000000000006
decision_type=2 2 2 2 2
left_child=1 -1 -3 -2 -4
right_child=3 2 4 -5 -6
leaf_value=0.004972477178237112 0.0093870968248828054 -0.0064236103051614887 -0.00011378370904505801 -0.016567904013290918 0.0028038316884080772
leaf_weight=5.8236113414168349 10.976490639150139 20.084262445569038 8.9950368409045041 0.19765044469386417 0.46954400441609401
leaf_count=24 44 44 64 6 28
internal_value=0 -0.0282035 -0.0435619 0.08928 0.000309611
internal_weight=0 35.3725 29.5488 11.1741 9.46458
internal_count=210 160 136 50 92
shrinkage=0.1


Tree=40
num_leaves=6
num_cat=0
split_feature=0 0 0 0 0
split_gain=0.146905 0.0438334 0.0349389 0.00807275 0.0014981
threshold=0.25000000000000006 1.0000000180025095e-35 0.15000000000000005 0.45000000000000007 0.35000000000000003
decision_type=2 2 2 2 2
left_child=1 -1 -3 4 -2
right_child=3 2 -4 -5 -6
leaf_value=0.0045527134820121827 0.0040141871284535289 -0.0070614957843651563 0.00043060765989905202 -0.012097253662720674 0.010078917652480339
leaf_weight=6.0186155401170245 0.42233842518180159 20.70128457993269 8.9007428342010844 0.16979269124567586 11.440404942259192
leaf_count=24 28 44 64 6 44
internal_value=0 -0.0322701 -0.0480877 0.0955312 0.09863
internal_weight=0 35.6206 29.602 12.0325 11.8627
internal_count=210 132 108 78 72
shrinkage=0.1


Tree=41
num_leaves=6
num_cat=0
split_feature=0 0 0 0 0
split_gain=0.583006 0.100185 0.00102769 0.00072511 0.000248769
threshold=1.0000000180025095e-35 0.15000000000000005 0.35000000000000003 0.25000000000000006 0.45000000000000007
decision_type=2 2 2 2 2
left_child=-1 -2 3 -3 -4
right_child=1 2 4 -5 -6
leaf_value=0.028555010759365264 -0.0088276026344521683 0.0013769992670462933 0.00020392148268236915 0.0061034385402656145 -0.0041181896851909686
leaf_weight=6.2561077922582617 22.057450525462627 8.7237749597989005 12.529937064275144 0.337134512607009 0.13459966890513975
leaf_count=24 44 64 44 28 6
internal_value=0 -0.0408021 0.00739738 0.0155286 0.00157986
internal_weight=0 43.7829 21.7254 9.06091 12.6645
internal_count=210 186 142 92 50
shrinkage=0.1


Tree=42
num_leaves=6
num_cat=0
split_feature=0 0 0 0 0
split_gain=0.868447 2.17567 0.160902 0.052295 0.00129571
threshold=1.0000000180025095e-35 0.15000000000000005 0.25000000000000006 0.45000000000000007 0.35000000000000003
decision_type=2 2 2 2 2
left_child=-1 -2 -3 4 -4
right_child=1 2 3 -5 -6
leaf_value=-0.023336870872375844 0.04213656462740939 0.0013939443641816751 -0.02261835673193438 0.057387953591665632 -0.015785257383650657
leaf_weight=12.028379425406454 12.210231762379406 8.7991923564113677 0.28255167277529558 0.097946544643492284 15.539062261581421
leaf_count=24 44 64 28 6 44
internal_value=0 0.0760121 -0.094581 -0.154563 -0.159073
internal_weight=0 36.929 24.7188 15.9196 15.8216
internal_count=210 186 142 78 72
shrinkage=0.1


Tree=43
num_leaves=6
num_cat=0
split_feature=0 0 0 0 0
split_gain=0.104053 0.0491816 0.0209086 0.0146192 0.00179863
threshold=0.25000000000000006 1.0000000180025095e-35 0.15000000000000005 0.45000000000000007 0.35000000000000003
decision_type=2 2 2 2 2
left_child=1 -1 -3 4 -2
right_child=3 2 -4 -5 -6
leaf_value=0.0057283055997017175 0.0029893574698938285 -0.0062037201274379415 -0.00040215965703076917 -0.017293669128392714 0.0091567994206675322
leaf_weight=5.7610714994370928 0.4951471629319667 19.871363319456577 9.037198008270936 0.2176361847668894 10.505108017474413
leaf_count=24 28 44 64 6 44
internal_value=0 -0.027087 -0.0439008 0.0837141 0.0887919
internal_weight=0 34.6696 28.9086 11.2179 11.0003
internal_count=210 132 108 78 72
shrinkage=0.1


Tree=44
num_leaves=6
num_cat=0
split_feature=0 0 0 0 0
split_gain=0.12696 0.0539313 0.0293991 0.010704 0.00151869
threshold=0.25000000000000006 1.0000000180025095e-35 0.15000000000000005 0.45000000000000007 0.35000000000000003
decision_type=2 2 2 2 2
left_child=1 -1 -3 4 -2
right_child=3 2 -4 -5 -6
leaf_value=0.0057063463985424822 0.0039879614348454469 -0.0068307765659448121 4.2050685034693317e-05 -0.014338400636166291 0.0098335977793133807
leaf_weight=5.9630776122212401 0.46366807923186121 20.330101050436497 8.9700223498512077 0.19010992255061945 10.712517186999321
leaf_count=24 28 44 64 6 44
internal_value=0 -0.0296246 -0.0472671 0.0919084 0.0959108
internal_weight=0 35.2632 29.3001 11.3663 11.1762
internal_count=210 132 108 78 72
shrinkage=0.1


Tree=45
num_leaves=6
num_cat=0
split_feature=0 0 0 0 0
split_gain=0.17269 0.062251 0.0441407 0.00607239 0.00124287
threshold=0.25000000000000006 1.0000000180025095e-35 0.15000000000000005 0.45000000000000007 0.35000000000000003
decision_type=2 2 2 2 2
left_child=1 -1 -3 4 -2
right_child=3 2 -4 -5 -6
leaf_value=0.0056053743442926046 0.0055144535530983821 -0.0077750506326482033 0.00063109277873737415 -0.0085388205296861291 0.011096168995693689
leaf_weight=6.3506776615977278 0.41389786277431534 21.151026524603367 8.8646784662269074 0.16308840736746866 11.027960292994976
leaf_count=24 28 44 64 6 44
internal_value=0 -0.0338934 -0.0529243 0.106212 0.108943
internal_weight=0 36.3664 30.0157 11.6049 11.4419
internal_count=210 132 108 78 72
shrinkage=0.1


Tree=46
num_leaves=6
num_cat=0
split_feature=0 0 0 0 0
split_gain=3.21742 0.125834 0.105986 0.00164128 4.69739e-05
threshold=1.0000000180025095e-35 0.35000000000000003 0.15000000000000005 0.25000000000000006 0.45000000000000007
decision_type=2 2 2 2 2
left_child=-1 2 -2 -4 -3
right_child=1 4 3 -5 -6
leaf_value=-0.042670627009267298 0.015838777396066823 0.023600529082741423 0.0020737708802829298 0.0094307781440185149 0.021569058665183678
leaf_weight=13.070856697857378 16.420286871492863 11.619813637807962 8.6740380914416164 0.31422024546191174 0.11495046783238728
leaf_count=24 44 44 64 28 6
internal_value=0 0.150159 0.110604 0.0233096 0.235806
internal_weight=0 37.1433 25.4085 8.98826 11.7348
internal_count=210 186 136 92 50
shrinkage=0.1


Tree=47
num_leaves=6
num_cat=0
split_feature=0 0 0 0 0
split_gain=9.46277 1.3994 0.0684563 0.0113473 0.0090869
threshold=0.15000000000000005 0.35000000000000003 0.45000000000000007 0.25000000000000006 1.0000000180025095e-35
decision_type=2 2 2 2 2
left_child=4 3 -3 -2 -1
right_child=1 2 -4 -5 -6
leaf_value=0.063771077454094632 0.00078382863115252031 -0.046972116059027125 0.03425968168439382 -0.019673701563795585 0.057814652940692803
leaf_weight=3.1169002037495384 8.737448803964071 22.018173985183243 0.10423467541113396 0.27981768664904016 14.365865301340818
leaf_count=24 64 44 6 28 44
internal_value=0 -0.330551 -0.465894 0.00149004 0.588766
internal_weight=0 31.1397 22.1224 9.01727 17.4828
internal_count=210 142 50 92 68
shrinkage=0.1


Tree=48
num_leaves=6
num_cat=0
split_feature=0 0 0 0 0
split_gain=0.0850385 0.0489816 0.0158565 0.00862379 0.000601374
threshold=0.35000000000000003 1.0000000180025095e-35 0.15000000000000005 0.45000000000000007 0.25000000000000006
decision_type=2 2 2 2 2
left_child=1 -1 -3 -2 -4
right_child=3 2 4 -5 -6
leaf_value=0.0061613309842496709 0.0084831025519972719 -0.0056599030665935302 -0.00089032639188886271 -0.011761399534159956 0.0025281150103892889
leaf_weight=5.6527144517749539 9.9284191234037245 19.401697691529989 9.0877787026111037 0.21497472096234641 0.54551345633808601
leaf_count=24 44 44 64 6 28
internal_value=0 -0.0235517 -0.0401322 0.0805405 -0.00696747
internal_weight=0 34.6877 29.035 10.1434 9.63329
internal_count=210 160 136 50 92
shrinkage=0.1


Tree=49
num_leaves=6
num_cat=0
split_feature=0 0 0 0 0
split_gain=0.0939863 0.0544975 0.0183521 0.00773252 0.0016216
threshold=0.25000000000000006 1.0000000180025095e-35 0.15000000000000005 0.45000000000000007 0.35000000000000003
decision_type=2 2 2 2 2
left_child=1 -1 -3 4 -2
right_child=3 2 -4 -5 -6
leaf_value=0.0062998903229687922 0.003172447102980246 -0.0060477750038066278 -0.00060500882010867463 -0.0114192686959598 0.0088375250765898323
leaf_weight=5.798523072153329 0.53222458623349211 19.625599220395088 9.0526292468421179 0.19753763545304612 9.9807806676253676
leaf_count=24 28 44 64 6 44
internal_value=0 -0.0254195 -0.043297 0.0818242 0.0855073
internal_weight=0 34.4768 28.6782 10.7105 10.513
internal_count=210 132 108 78 72
shrinkage=0.1


Tree=50
num_leaves=6
num_cat=0
split_feature=0 0 0 0 0
split_gain=0.10859 0.0615315 0.0246853 0.00613678 0.00140127
threshold=0.25000000000000006 1.0000000180025095e-35 0.15000000000000005 0.45000000000000007 0.35000000000000003
decision_type=2 2 2 2 2
left_child=1 -1 -3 4 -2
right_child=3 2 -4 -5 -6
leaf_value=0.0064819584309050637 0.0040263254681028203 -0.0065756490572232559 -0.00026816397497534745 -0.0094355772864997915 0.0093774551118195812
leaf_weight=6.0408900305628768 0.51446407323237053 19.946398809552193 9.0064212218858319 0.18137091584503728 10.030324717052281
leaf_count=24 28 44 64 6 44
internal_value=0 -0.0269817 -0.0461356 0.0880268 0.0911638
internal_weight=0 34.9937 28.9528 10.7262 10.5448
internal_count=210 132 108 78 72
shrinkage=0.1


Tree=51
num_leaves=6
num_cat=0
split_feature=0 0 0 0 0
split_gain=0.136131 0.072604 0.0350773 0.00371762 0.00117558
threshold=0.25000000000000006 1.0000000180025095e-35 0.15000000000000005 0.45000000000000007 0.35000000000000003
decision_type=2 2 2 2 2
left_child=1 -1 -3 4 -2
right_child=3 2 -4 -5 -6
leaf_value=0.0065942777316971082 0.0053426374202826497 -0.0073492242812106846 0.00015958806488466432 -0.0049758755668761305 0.010363094984508974
leaf_weight=6.5238880962133399 0.4891011740546628 20.467037707567215 8.9383006987627613 0.16547298338264305 10.053017200902104
leaf_count=24 28 44 64 6 44
internal_value=0 -0.0294941 -0.0506678 0.0989673 0.101302
internal_weight=0 35.9292 29.4053 10.7076 10.5421
internal_count=210 132 108 78 72
shrinkage=0.1


Tree=52
num_leaves=6
num_cat=0
split_feature=0 0 0 0 0
split_gain=0.212983 0.0775666 0.0521642 0.000963343 0.000757433
threshold=0.25000000000000006 1.0000000180025095e-35 0.15000000000000005 0.35000000000000003 0.45000000000000007
decision_type=2 2 2 2 2
left_child=1 -1 -3 -2 -5
right_child=3 2 -4 4 -6
leaf_value=0.005332695939962522 0.0080806338002597927 -0.0084028189775801031 0.0007276930202175934 0.012925983780587817 0.0056726555824040629
leaf_weight=7.9604760482907286 0.44788199709728083 21.584659591317177 8.8116769781336206 9.9072669856250268 0.14609223697334606
leaf_count=24 28 44 64 44 6
internal_value=0 -0.0345464 -0.0575595 0.126184 0.128206
internal_weight=0 38.3568 30.3963 10.5012 10.0534
internal_count=210 132 108 78 50
shrinkage=0.1


Tree=53
num_leaves=6
num_cat=0
split_feature=0 0 0 0 0
split_gain=1.67377 0.0916968 0.0442788 0.00128496 0.000241157
threshold=1.0000000180025095e-35 0.35000000000000003 0.15000000000000005 0.25000000000000006 0.45000000000000007
decision_type=2 2 2 2 2
left_child=-1 2 -2 -4 -3
right_child=1 4 3 -5 -6
leaf_value=-0.031009246014068254 0.01139298127829123 0.019176538687611766 0.0022933542277642498 0.0081836808403421557 0.014921775016698297
leaf_weight=12.719956569373606 14.632901083678007 10.550551848486062 8.8184839813038689 0.38658432639204038 0.13491732813417989
leaf_count=24 44 44 64 28 6
internal_value=0 0.114252 0.0797467 0.0254073 0.191228
internal_weight=0 34.5234 23.838 9.20507 10.6855
internal_count=210 186 136 92 50
shrinkage=0.1


Tree=54
num_leaves=6
num_cat=0
split_feature=0 0 0 0 0
split_gain=0.377548 0.141189 0.00441862 0.00475868 0.000101587
threshold=1.0000000180025095e-35 0.15000000000000005 0.45000000000000007 0.25000000000000006 0.35000000000000003
decision_type=2 2 2 2 2
left_child=-1 -2 3 -3 -5
right_child=1 2 -4 4 -6
leaf_value=0.027079038734221263 -0.0085793343960510453 0.0011507022887083716 -0.014718738582620825 0.0058488906578586112 0.0041323160180948264
leaf_weight=4.65053816884756 21.799141384661198 8.7597135321702844 0.14257777761667867 0.35465564869809801 12.350065752863884
leaf_count=24 44 64 6 28 44
internal_value=0 -0.0290125 0.0282732 0.0294387 0.0418023
internal_weight=0 43.4062 21.607 21.4644 12.7047
internal_count=210 186 142 136 72
shrinkage=0.1


Tree=55
num_leaves=6
num_cat=0
split_feature=0 0 0 0 0
split_gain=2.35818 2.21544 0.049956 0.0476262 0.00231998
threshold=1.0000000180025095e-35 0.15000000000000005 0.25000000000000006 0.45000000000000007 0.35000000000000003
decision_type=2 2 2 2 2
left_child=-1 -2 -3 4 -4
right_child=1 2 3 -5 -6
leaf_value=-0.037348092305571373 0.045721101916505039 0.0010434153983154583 -0.017916860207945511 0.066875117884046528 -0.0086032335920299095
leaf_weight=12.673144198954104 13.115080270916222 8.6564129674807209 0.27205300144851641 0.083684219047426178 15.816422991454601
leaf_count=24 44 64 28 6 44
internal_value=0 0.124742 -0.0508761 -0.0836934 -0.0876073
internal_weight=0 37.9437 24.8286 16.1722 16.0885
internal_count=210 186 142 78 72
shrinkage=0.1


Tree=56
num_leaves=6
num_cat=0
split_feature=0 0 0 0 0
split_gain=0.567773 0.0331533 0.0111263 0.00153364 0.000944905
threshold=1.0000000180025095e-35 0.15000000000000005 0.45000000000000007 0.35000000000000003 0.25000000000000006
decision_type=2 2 2 2 2
left_child=-1 -2 3 4 -3
right_child=1 2 -4 -5 -6
leaf_value=0.034979690951771246 -0.0065279003246077388 0.00010780509477112669 -0.023938315918042699 -0.0013849902719007057 0.0046471117538129936
leaf_weight=4.2072079833596936 19.87541663646698 8.9748796517960745 0.20630674529820581 11.333439097739756 0.48326648143120182
leaf_count=24 44 64 6 44 28
internal_value=0 -0.0360056 -0.00829703 -0.00600405 0.00339742
internal_weight=0 40.8733 20.9979 20.7916 9.45815
internal_count=210 186 142 136 92
shrinkage=0.1


Tree=57
num_leaves=6
num_cat=0
split_feature=0 0 0 0 0
split_gain=0.110792 0.0423516 0.0276334 0.0104743 0.000639021
threshold=0.25000000000000006 1.0000000180025095e-35 0.15000000000000005 0.45000000000000007 0.35000000000000003
decision_type=2 2 2 2 2
left_child=1 -1 -3 4 -2
right_child=3 2 -4 -5 -6
leaf_value=0.0049877536913833006 0.0053065945411962662 -0.0064515180921868864 0.00024254865000476061 -0.015476674894763568 0.0090656978632173563
leaf_weight=5.7910560183227053 0.4719754919642537 19.95055316388607 8.9256201304961014 0.17894433066248971 10.801920137368143
leaf_count=24 28 44 64 6 44
internal_value=0 -0.0281713 -0.0438238 0.0852732 0.0890833
internal_weight=0 34.6672 28.8762 11.4528 11.2739
internal_count=210 132 108 78 72
shrinkage=0.1


Tree=58
num_leaves=6
num_cat=0
split_feature=0 0 0 0 0
split_gain=0.136413 0.0449139 0.036201 0.00701857 0.000512451
threshold=0.25000000000000006 1.0000000180025095e-35 0.15000000000000005 0.45000000000000007 0.35000000000000003
decision_type=2 2 2 2 2
left_child=1 -1 -3 4 -2
right_child=3 2 -4 -5 -6
leaf_value=0.0047996114556936691 0.0062571328810241194 -0.0070254559512496692 0.00062754132348301318 -0.011585533825261798 0.009760974974646168
leaf_weight=5.9724138639867297 0.43366491561755077 20.469196699559689 8.8548144232481736 0.15806964412331659 11.136310957372189
leaf_count=24 28 44 64 6 44
internal_value=0 -0.0310466 -0.0471452 0.0934371 0.0962964
internal_weight=0 35.2964 29.324 11.728 11.57
internal_count=210 132 108 78 72
shrinkage=0.1


Tree=59
num_leaves=6
num_cat=0
split_feature=0 0 0 0 0
split_gain=0.18609 0.04824 0.0501079 0.00346859 0.00038657
threshold=0.25000000000000006 1.0000000180025095e-35 0.15000000000000005 0.45000000000000007 0.35000000000000003
decision_type=2 2 2 2 2
left_child=1 -1 -3 4 -2
right_child=3 2 -4 -5 -6
leaf_value=0.0044024518803864841 0.0076422419085405216 -0.007841069483844644 0.0011419958552970906 -0.0053648799161621448 0.010924997907323921
leaf_weight=6.2616396918892852 0.3699894745368465 21.46129559725523 8.7375949863344449 0.13379051163792688 11.773441324010491
leaf_count=24 28 44 64 6 44
internal_value=0 -0.0358565 -0.0524195 0.106485 0.10825
internal_weight=0 36.4605 30.1989 12.2772 12.1434
internal_count=210 132 108 78 72
shrinkage=0.1


Tree=60
num_leaves=6
num_cat=0
split_feature=0 0 0 0 0
split_gain=11.7094 1.87879 0.137089 0.0246029 0.00773544
threshold=0.15000000000000005 0.35000000000000003 0.45000000000000007 1.0000000180025095e-35 0.25000000000000006
decision_type=2 2 2 2 2
left_child=3 4 -3 -1 -2
right_child=1 2 -4 -5 -6
leaf_value=0.065429749838139192 0.0011652426929183791 -0.054188205093476688 0.079180383815179362 0.057880622882732893 -0.015792197108670764
leaf_weight=6.3882573768496522 8.6266660982510075 22.154108397662643 0.077341048512606814 13.315651560202241 0.27766608074307519
leaf_count=24 64 44 6 44 28
internal_value=0 -0.381779 -0.537242 0.603281 0.00636454
internal_weight=0 31.1358 22.2314 19.7039 8.90433
internal_count=210 142 50 68 92
shrinkage=0.1


Tree=61
num_leaves=6
num_cat=0
split_feature=0 0 0 0 0
split_gain=2.63785 0.33732 0.0547681 0.00247034 0.000982537
threshold=1.0000000180025095e-35 0.15000000000000005 0.25000000000000006 0.45000000000000007 0.35000000000000003
decision_type=2 2 2 2 2
left_child=-1 -2 -3 4 -4
right_child=1 2 3 -5 -6
leaf_value=-0.037618134997820248 0.027268528357383318 0.00096601246560513694 0.0073290165433408704 0.022733926279693159 0.011733160383210303
leaf_weight=13.258693449199198 13.642831083387135 8.9418500496540219 0.53558532660826763 0.1995007451623686 9.3451994429342449
leaf_count=24 44 64 28 6 44
internal_value=0 0.152692 0.0666315 0.117169 0.114944
internal_weight=0 32.665 19.0221 10.0803 9.88078
internal_count=210 186 142 78 72
shrinkage=0.1


Tree=62
num_leaves=6
num_cat=0
split_feature=0 0 0 0 0
split_gain=0.0731676 0.0475038 0.0149107 0.00604912 0.00104503
threshold=0.25000000000000006 1.0000000180025095e-35 0.15000000000000005 0.45000000000000007 0.35000000000000003
decision_type=2 2 2 2 2
left_child=1 -1 -3 4 -2
right_child=3 2 -4 -5 -6
leaf_value=0.006123204921346573 0.003433602970753943 -0.0055042922558582834 -0.0005807443318664858 -0.0083038831322625635 0.0078705226914314481
leaf_weight=5.6328211948275557 0.56133802700787327 19.267856869846582 9.0353228424210119 0.24389785528183061 9.7719075940549374
leaf_count=24 28 44 64 6 44
internal_value=0 -0.0226344 -0.0393253 0.0726209 0.0762949
internal_weight=0 33.936 28.3032 10.5771 10.3332
internal_count=210 132 108 78 72
shrinkage=0.1


Tree=63
num_leaves=6
num_cat=0
split_feature=0 0 0 0 0
split_gain=0.0797906 0.0515892 0.018223 0.00686472 0.000949408
threshold=0.25000000000000006 1.0000000180025095e-35 0.15000000000000005 0.45000000000000007 0.35000000000000003
decision_type=2 2 2 2 2
left_child=1 -1 -3 4 -2
right_child=3 2 -4 -5 -6
leaf_value=0.0062823324922230521 0.0039299380658083752 -0.0058168048674301391 -0.00037647310640527234 -0.0096686908555612093 0.0081925015821553236
leaf_weight=5.7614978291094294 0.55194922711234085 19.444683246314526 9.0099235498346406 0.22556944843381721 9.8033673712052405
leaf_count=24 28 44 64 6 44
internal_value=0 -0.0234691 -0.0409417 0.0758937 0.079653
internal_weight=0 34.2161 28.4546 10.5809 10.3553
internal_count=210 132 108 78 72
shrinkage=0.1


Tree=64
num_leaves=6
num_cat=0
split_feature=0 0 0 0 0
split_gain=0.0898058 0.0577233 0.0229004 0.00658999 0.000842156
threshold=0.25000000000000006 1.0000000180025095e-35 0.15000000000000005 0.45000000000000007 0.35000000000000003
decision_type=2 2 2 2 2
left_child=1 -1 -3 4 -2
right_child=3 2 -4 -5 -6
leaf_value=0.0064875993717462615 0.0045725148158049442 -0.0062343971565921134 -0.00014000353974450778 -0.0095755754816685967 0.0086293235117860263
leaf_weight=5.9638302251696578 0.53981248545459948 19.686565320938826 8.9773057880811411 0.20761249400675372 9.8292133859358728
leaf_count=24 28 44 64 6 44
internal_value=0 -0.0246334 -0.0432568 0.0806492 0.0841813
internal_weight=0 34.6277 28.6639 10.5766 10.369
internal_count=210 132 108 78 72
shrinkage=0.1


Tree=65
num_leaves=6
num_cat=0
split_feature=0 0 0 0 0
split_gain=0.106515 0.0671494 0.030005 0.00508446 0.000715624
threshold=0.25000000000000006 1.0000000180025095e-35 0.15000000000000005 0.45000000000000007 0.35000000000000003
decision_type=2 2 2 2 2
left_child=1 -1 -3 4 -2
right_child=3 2 -4 -5 -6
leaf_value=0.006699257648741983 0.0055127419445065518 -0.0068189441344092341 0.00014945577461396078 -0.0073816460163813507 0.0093077105135263832
leaf_weight=6.3273081593215457 0.52334506530314229 20.051480304449797 8.9314999182242918 0.19024304673075756 9.8333541043102741
leaf_count=24 28 44 64 6 44
internal_value=0 -0.0263399 -0.0467154 0.0881836 0.0911594
internal_weight=0 35.3103 28.983 10.5469 10.3567
internal_count=210 132 108 78 72
shrinkage=0.1


Tree=66
num_leaves=6
num_cat=0
split_feature=0 0 0 0 0
split_gain=0.141497 0.0785491 0.0413187 0.00232127 0.000565012
threshold=0.25000000000000006 1.0000000180025095e-35 0.15000000000000005 0.45000000000000007 0.35000000000000003
decision_type=2 2 2 2 2
left_child=1 -1 -3 4 -2
right_child=3 2 -4 -5 -6
leaf_value=0.0064730510166971017 0.0071931775045009916 -0.0076383182119361534 0.00052270390544819267 -0.0012335964552157041 0.010643074210093903
leaf_weight=7.1691567674279204 0.49901329830754088 20.715801123529673 8.8558828663080948 0.17216071207076389 9.7548481486737728
leaf_count=24 28 44 64 6 44
internal_value=0 -0.0291769 -0.0519432 0.102818 0.104752
internal_weight=0 36.7408 29.5717 10.426 10.2539
internal_count=210 132 108 78 72
shrinkage=0.1


Tree=67
num_leaves=6
num_cat=0
split_feature=0 0 0 0 0
split_gain=2.60065 0.14924 0.0876737 0.00186908 1.49248e-05
threshold=1.0000000180025095e-35 0.15000000000000005 0.25000000000000006 0.35000000000000003 0.45000000000000007
decision_type=2 2 2 2 2
left_child=-1 -2 -3 -4 -5
right_child=1 2 3 4 -6
leaf_value=-0.037679261124399344 0.022542302740047329 0.0017128611604594502 0.0090539206691510072 0.015518283524581076 0.016511179434155525
leaf_weight=13.156664624810217 14.249721657484768 8.8333064226899296 0.46593360207043488 9.8351356321945769 0.15375830978155214
leaf_count=24 44 64 28 44 6
internal_value=0 0.147813 0.0904763 0.152448 0.155336
internal_weight=0 33.5379 19.2881 10.4548 9.98889
internal_count=210 186 142 78 50
shrinkage=0.1


Tree=68
num_leaves=6
num_cat=0
split_feature=0 0 0 0 0
split_gain=0.0903307 0.0239905 0.0229451 0.0115593 0.000279951
threshold=0.25000000000000006 1.0000000180025095e-35 0.15000000000000005 0.45000000000000007 0.35000000000000003
decision_type=2 2 2 2 2
left_child=1 -1 -3 4 -2
right_child=3 2 -4 -5 -6
leaf_value=0.00322475584730713 0.0055020063176033779 -0.0057904125277504926 0.0003524959292231544 -0.017526215526554711 0.0079416798423416722
leaf_weight=5.784841885790228 0.49071943713351623 19.21674844250083 8.8951136090327072 0.18241352774202901 11.330062557943165
leaf_count=24 28 44 64 6 44
internal_value=0 -0.0263986 -0.0384668 0.074549 0.078404
internal_weight=0 33.8967 28.1119 12.0032 11.8208
internal_count=210 132 108 78 72
shrinkage=0.1


Tree=69
num_leaves=6
num_cat=0
split_feature=0 0 0 0 0
split_gain=1.29119 0.0290393 0.0378284 0.00141 0.000412114
threshold=1.0000000180025095e-35 0.35000000000000003 0.15000000000000005 0.25000000000000006 0.45000000000000007
decision_type=2 2 2 2 2
left_child=-1 2 -2 -4 -3
right_child=1 4 3 -5 -6
leaf_value=0.047146918059205949 -0.0066687572228740629 -0.0099295199625231961 0.00078770775946089458 0.006455913672393127 -0.0149835552091988
leaf_weight=5.1619532629847518 19.674816098064184 12.051140418276187 8.8452313398011029 0.46177409798838281 0.16352890245616514
leaf_count=24 44 44 64 28 6
internal_value=0 -0.0590755 -0.0418393 0.0106894 -0.0999718
internal_weight=0 41.1965 28.9818 9.30701 12.2147
internal_count=210 186 136 92 50
shrinkage=0.1


Tree=70
num_leaves=6
num_cat=0
split_feature=0 0 0 0 0
split_gain=2.22505 0.089235 0.0886765 0.00194799 6.21087e-05
threshold=1.0000000180025095e-35 0.15000000000000005 0.35000000000000003 0.25000000000000006 0.45000000000000007
decision_type=2 2 2 2 2
left_child=-1 -2 3 -3 -4
right_child=1 2 4 -5 -6
leaf_value=-0.03503774852082539 0.019709233700411888 0.0018780643956077603 0.01573004516400555 0.0085190833545775307 0.017861008323044599
leaf_weight=13.040806286036966 14.101187061518429 8.8318429186474514 9.9155564336106163 0.46494248311501074 0.13868597429245788
leaf_count=24 44 64 44 28 6
internal_value=0 0.136589 0.0924999 0.0221019 0.157594
internal_weight=0 33.4522 19.351 9.29679 10.0542
internal_count=210 186 142 92 50
shrinkage=0.1


Tree=71
num_leaves=6
num_cat=0
split_feature=0 0 0 0 0
split_gain=0.100123 0.0272437 0.026387 0.00844009 0.000404533
threshold=0.25000000000000006 1.0000000180025095e-35 0.15000000000000005 0.45000000000000007 0.35000000000000003
decision_type=2 2 2 2 2
left_child=1 -1 -3 4 -2
right_child=3 2 -4 -5 -6
leaf_value=0.0035028576897605207 0.0053743947863373947 -0.0060829473486432289 0.00049493883419975127 -0.014731159931807314 0.0083288777484194099
leaf_weight=5.7840143702924243 0.48331770452204642 19.512509450316429 8.8709534234367329 0.16262455936521367 11.266884532757103
leaf_count=24 28 44 64 6 44
internal_value=0 -0.027524 -0.040271 0.0789421 0.0820735
internal_weight=0 34.1675 28.3835 11.9128 11.7502
internal_count=210 132 108 78 72
shrinkage=0.1


Tree=72
num_leaves=6
num_cat=0
split_feature=0 0 0 0 0
split_gain=1.30114 0.0275289 0.0422029 0.00138053 1.33929e-05
threshold=1.0000000180025095e-35 0.35000000000000003 0.15000000000000005 0.25000000000000006 0.45000000000000007
decision_type=2 2 2 2 2
left_child=-1 2 -2 -4 -3
right_child=1 4 3 -5 -6
leaf_value=0.046212919613121954 -0.0069275223626558248 -0.0099533700044159915 0.00097358129424743572 0.0066712059670040709 -0.010916651668220768
leaf_weight=5.3916187845170489 19.873773839324713 12.201416188850995 8.8048706075642258 0.44684659445192737 0.14606203604489645
leaf_count=24 44 44 64 28 6
internal_value=0 -0.0600783 -0.0433032 0.0124877 -0.0996476
internal_weight=0 41.473 29.1255 9.25172 12.3475
internal_count=210 186 136 92 50
shrinkage=0.1


Tree=73
num_leaves=6
num_cat=0
split_feature=0 0 0 0 0
split_gain=1.48764 0.0384461 0.0631282 0.00129686 7.20918e-06
threshold=1.0000000180025095e-35 0.35000000000000003 0.15000000000000005 0.25000000000000006 0.45000000000000007
decision_type=2 2 2 2 2
left_child=-1 2 -2 -4 -3
right_child=1 4 3 -5 -6
leaf_value=-0.029003540090606551 0.01315014384888946 0.016230462863210435 0.0022258991427163504 0.0077010786826684332 0.016976746566149836
leaf_weight=12.782107800245283 13.838198106735945 10.064515747129914 8.8373916863929463 0.45487849169876499 0.1311293179169305
leaf_count=24 44 44 64 28 6
internal_value=0 0.111242 0.0886919 0.0249392 0.162401
internal_weight=0 33.3261 23.1305 9.29227 10.1956
internal_count=210 186 136 92 50
shrinkage=0.1


Tree=74
num_leaves=6
num_cat=0
split_feature=0 0 0 0 0
split_gain=0.132577 0.0435503 0.0380179 0.00516763 0.000587276
threshold=0.25000000000000006 1.0000000180025095e-35 0.15000000000000005 0.45000000000000007 0.35000000000000003
decision_type=2 2 2 2 2
left_child=1 -1 -3 4 -2
right_child=3 2 -4 -5 -6
leaf_value=0.0047203621281028977 0.0059253824996815044 -0.0070244740463219647 0.00083611340497066538 -0.0095674333204628526 0.0096046867084302878
leaf_weight=5.9661199301481238 0.45147267472929797 20.412964910268784 8.8076718361116964 0.14450890664011318 11.095763593912125
leaf_count=24 28 44 64 6 44
internal_value=0 -0.0306547 -0.0465514 0.0922565 0.0946083
internal_weight=0 35.1868 29.2206 11.6917 11.5472
internal_count=210 132 108 78 72
shrinkage=0.1


Tree=75
num_leaves=6
num_cat=0
split_feature=0 0 0 0 0
split_gain=0.179583 0.0474283 0.0506194 0.00253288 0.000482977
threshold=0.25000000000000006 1.0000000180025095e-35 0.15000000000000005 0.45000000000000007 0.35000000000000003
decision_type=2 2 2 2 2
left_child=1 -1 -3 4 -2
right_child=3 2 -4 -5 -6
leaf_value=0.0043996856716662222 0.0071836116391155256 -0.0077972682927784339 0.0012510992936307084 -0.0036784495984223601 0.010762554092047029
leaf_weight=6.2483379915356627 0.38964753283652953 21.340838208794594 8.7044541216455418 0.12469901610165912 11.677430599927902
leaf_count=24 28 44 64 6 44
internal_value=0 -0.0352732 -0.0517586 0.105005 0.10647
internal_weight=0 36.2936 30.0453 12.1918 12.0671
internal_count=210 132 108 78 72
shrinkage=0.1


Tree=76
num_leaves=6
num_cat=0
split_feature=0 0 0 0 0
split_gain=11.499 1.8866 0.431228 0.102868 0.00790285
threshold=0.15000000000000005 0.35000000000000003 1.0000000180025095e-35 0.45000000000000007 0.25000000000000006
decision_type=2 2 2 2 2
left_child=2 4 -1 -3 -2
right_child=1 3 -4 -5 -6
leaf_value=0.079493609578209001 0.0012591597702436091 -0.054319051567202584 0.048317816085616284 0.062129588346746478 -0.015892089777522062
leaf_weight=6.5137257575988778 8.5575696715386584 22.114545062184337 13.91504629701376 0.07612066948786278 0.27736082358751524
leaf_count=24 64 44 44 6 28
internal_value=0 -0.383601 0.582582 -0.539196 0.00720719
internal_weight=0 31.0256 20.4288 22.1907 8.83493
internal_count=210 142 68 50 92
shrinkage=0.1


Tree=77
num_leaves=6
num_cat=0
split_feature=0 0 0 0 0
split_gain=1.03519 0.0355114 0.0437701 0.000882022 0.000633992
threshold=1.0000000180025095e-35 0.15000000000000005 0.35000000000000003 0.25000000000000006 0.45000000000000007
decision_type=2 2 2 2 2
left_child=-1 -2 3 -3 -4
right_child=1 2 4 -5 -6
leaf_value=-0.02405439593237145 0.013746110656855987 0.0018726338700902822 0.011561388611922872 0.0059905530035515957 0.017646809774869505
leaf_weight=12.770743295550345 12.69374541193247 8.9578819688176718 9.4749282822012884 0.55220839381218034 0.1743496451526888
leaf_count=24 44 64 44 28 6
internal_value=0 0.0964403 0.0692627 0.0211174 0.116713
internal_weight=0 31.8531 19.1594 9.51009 9.64928
internal_count=210 186 142 92 50
shrinkage=0.1


Tree=78
num_leaves=6
num_cat=0
split_feature=0 0 0 0 0
split_gain=0.111162 0.0766693 0.0344058 0.000532736 0.000528903
threshold=0.25000000000000006 1.0000000180025095e-35 0.15000000000000005 0.35000000000000003 0.45000000000000007
decision_type=2 2 2 2 2
left_child=1 -1 -3 -2 -5
right_child=3 2 -4 4 -6
leaf_value=0.0066121385520870038 0.0062182560848411082 -0.0071166714251048868 0.00034435241351188822 0.0095160882562253437 0.0040912489000019822
leaf_weight=7.276675157248973 0.55190706439315995 20.411348573863506 8.8650373086566123 9.4484528834000212 0.18320736195892173
leaf_count=24 28 44 64 44 6
internal_value=0 -0.0257417 -0.0485744 0.0923976 0.094129
internal_weight=0 36.5531 29.2764 10.1836 9.63166
internal_count=210 132 108 78 50
shrinkage=0.1


Tree=79
num_leaves=6
num_cat=0
split_feature=0 0 0 0 0
split_gain=2.82336 0.318507 0.058719 0.00118753 0.000957051
threshold=1.0000000180025095e-35 0.15000000000000005 0.25000000000000006 0.35000000000000003 0.45000000000000007
decision_type=2 2 2 2 2
left_child=-1 -2 -3 -4 -5
right_child=1 2 3 4 -6
leaf_value=-0.038905798869844653 0.027226159712197631 0.0013524893392734968 0.0079028806970559261 0.012614638228542528 0.020187250811383464
leaf_weight=13.286438196897505 13.886174123734234 8.8561436699237674 0.53385425254236807 9.4513795971870405 0.16989518143236715
leaf_count=24 44 64 28 44 6
internal_value=0 0.157131 0.0730368 0.124936 0.127484
internal_weight=0 32.8974 19.0113 10.1551 9.62127
internal_count=210 186 142 78 50
shrinkage=0.1


Tree=80
num_leaves=6
num_cat=0
split_feature=0 0 0 0 0
split_gain=0.0740501 0.0415509 0.0197552 0.00976011 0.000897255
threshold=0.25000000000000006 1.0000000180025095e-35 0.15000000000000005 0.45000000000000007 0.35000000000000003
decision_type=2 2 2 2 2
left_child=1 -1 -3 4 -2
right_child=3 2 -4 -5 -6
leaf_value=0.0055826873681007446 0.0037521386402096669 -0.0056578186904309505 2.5499697466702863e-05 -0.014313282847967998 0.0078520340464726095
leaf_weight=5.5837948825210324 0.56382542126811597 19.307535227388144 8.9518920520786214 0.20658713486045679 10.020218385849148
leaf_count=24 28 44 64 6 44
internal_value=0 -0.0229995 -0.0385748 0.0721345 0.0763363
internal_weight=0 33.8432 28.2594 10.7906 10.584
internal_count=210 132 108 78 72
shrinkage=0.1


Tree=81
num_leaves=6
num_cat=0
split_feature=0 0 0 0 0
split_gain=0.0824875 0.0447474 0.023245 0.00902509 0.000829362
threshold=0.25000000000000006 1.0000000180025095e-35 0.15000000000000005 0.45000000000000007 0.35000000000000003
decision_type=2 2 2 2 2
left_child=1 -1 -3 4 -2
right_child=3 2 -4 -5 -6
leaf_value=0.005686062564292855 0.004209808856964938 -0.0059686752566358451 0.00019252287187370158 -0.014048941588580369 0.0081949542269197286
leaf_weight=5.6835568360984317 0.55072932119946472 19.497843001037836 8.9271820134017634 0.1891362080350526 10.089049017056823
leaf_count=24 28 44 64 6 44
internal_value=0 -0.0241407 -0.0403369 0.0760377 0.0798868
internal_weight=0 34.1086 28.425 10.8289 10.6398
internal_count=210 132 108 78 72
shrinkage=0.1


Tree=82
num_leaves=6
num_cat=0
split_feature=0 0 0 0 0
split_gain=0.0945243 0.0495659 0.0280581 0.00752911 0.000755186
threshold=0.25000000000000006 1.0000000180025095e-35 0.15000000000000005 0.45000000000000007 0.35000000000000003
decision_type=2 2 2 2 2
left_child=1 -1 -3 4 -2
right_child=3 2 -4 -5 -6
leaf_value=0.0058379934429047334 0.0047975009409916506 -0.0063736214601114328 0.00038983123719627839 -0.012541476200057539 0.0086569498323387332
leaf_weight=5.834506142884492 0.53360415401402406 19.757925163954496 8.8950919607887062 0.17339613102376539 10.166948641650379
leaf_count=24 28 44 64 6 44
internal_value=0 -0.0256325 -0.0427396 0.0812953 0.0846449
internal_weight=0 34.4875 28.653 10.8739 10.7006
internal_count=210 132 108 78 72
shrinkage=0.1


Tree=83
num_leaves=6
num_cat=0
split_feature=0 0 0 0 0
split_gain=0.113921 0.0571932 0.035259 0.00545488 0.000678695
threshold=0.25000000000000006 1.0000000180025095e-35 0.15000000000000005 0.45000000000000007 0.35000000000000003
decision_type=2 2 2 2 2
left_child=1 -1 -3 4 -2
right_child=3 2 -4 -5 -6
leaf_value=0.0060319911074342911 0.0056306224173507937 -0.0069383167849260911 0.00063415458124046033 -0.0094868414653267175 0.0093680045172623658
leaf_weight=6.0918747670948497 0.51006735791451774 20.143640484660864 8.8504786164267006 0.15866995416581708 10.251655806787312
leaf_count=24 28 44 64 6 44
internal_value=0 -0.0277616 -0.0462681 0.0891948 0.0919087
internal_weight=0 35.086 28.9941 10.9204 10.7617
internal_count=210 132 108 78 72
shrinkage=0.1


Tree=84
num_leaves=6
num_cat=0
split_feature=0 0 0 0 0
split_gain=0.153296 0.0694308 0.0474171 0.00289692 0.000623293
threshold=0.25000000000000006 1.0000000180025095e-35 0.15000000000000005 0.45000000000000007 0.35000000000000003
decision_type=2 2 2 2 2
left_child=1 -1 -3 4 -2
right_child=3 2 -4 -5 -6
leaf_value=0.0061116686227123337 0.0070199043177278236 -0.0078078078458808046 0.0009553803813924785 -0.0037519358021856925 0.010725029395056871
leaf_weight=6.6352740153670302 0.47492490790318242 20.803292937576771 8.7808735736180115 0.14326561614871103 10.320718111470342
leaf_count=24 28 44 64 6 44
internal_value=0 -0.031333 -0.0520681 0.103746 0.10562
internal_weight=0 36.2194 29.5842 10.9389 10.7956
internal_count=210 132 108 78 72
shrinkage=0.1


Tree=85
num_leaves=6
num_cat=0
split_feature=0 0 0 0 0
split_gain=3.33274 0.107962 0.138618 0.00279752 0.000120474
threshold=1.0000000180025095e-35 0.15000000000000005 0.35000000000000003 0.25000000000000006 0.45000000000000007
decision_type=2 2 2 2 2
left_child=-1 -2 3 -3 -4
right_child=1 2 4 -5 -6
leaf_value=-0.042681026049337913 0.022527190598807815 0.0019016715459735257 0.01911497012979926 0.010314104209131597 0.022343704253471246
leaf_weight=13.255493521690367 15.278385251760481 8.6895630146609601 10.367344632744787 0.41414352168794799 0.11686790408566672
leaf_count=24 44 64 44 28 6
internal_value=0 0.162265 0.11312 0.0228437 0.19151
internal_weight=0 34.8663 19.5879 9.10371 10.4842
internal_count=210 186 142 92 50
shrinkage=0.1


Tree=86
num_leaves=6
num_cat=0
split_feature=0 0 0 0 0
split_gain=0.341889 0.100216 0.00714412 0.00267138 0.000162318
threshold=1.0000000180025095e-35 0.15000000000000005 0.45000000000000007 0.25000000000000006 0.35000000000000003
decision_type=2 2 2 2 2
left_child=-1 -2 3 -3 -5
right_child=1 2 -4 4 -6
leaf_value=0.02774546382433915 -0.0076176887165404564 0.00099952713108897176 -0.019654098585800875 0.0051683823213985163 0.0032173124172814784
leaf_weight=4.0492692627012721 20.756659585982561 8.7935595510061866 0.14891555532812972 0.44254248926881601 11.692699635401368
leaf_count=24 44 64 6 28 44
internal_value=0 -0.0268556 0.0217144 0.0232673 0.0328846
internal_weight=0 41.8344 21.0777 20.9288 12.1352
internal_count=210 186 142 136 72
shrinkage=0.1


Tree=87
num_leaves=6
num_cat=0
split_feature=0 0 0 0 0
split_gain=0.514848 0.0964122 0.00141042 0.000225569 0.00109936
threshold=1.0000000180025095e-35 0.15000000000000005 0.45000000000000007 0.35000000000000003 0.25000000000000006
decision_type=2 2 2 2 2
left_child=-1 -2 3 4 -3
right_child=1 2 -4 -5 -6
leaf_value=0.030275957639065973 -0.0083346318500519857 0.0013821668675831115 -0.0094062659682929567 0.00095779248077832975 0.0067760097519267114
leaf_weight=5.0244355350732794 21.268355697393417 8.6959385228110495 0.12517443019896646 12.138026099652052 0.39503577630966974
leaf_count=24 44 64 6 44 28
internal_value=0 -0.03569 0.0117749 0.0123989 0.0161655
internal_weight=0 42.6225 21.3542 21.229 9.09097
internal_count=210 186 142 136 92
shrinkage=0.1


Tree=88
num_leaves=6
num_cat=0
split_feature=0 0 0 0 0
split_gain=1.64593 0.20789 0.0125771 0.00115413 5.42357e-05
threshold=1.0000000180025095e-35 0.35000000000000003 0.15000000000000005 0.25000000000000006 0.45000000000000007
decision_type=2 2 2 2 2
left_child=-1 2 -2 -4 -3
right_child=1 4 3 -5 -6
leaf_value=-0.031219591638916491 0.0074127894878304752 0.022051642908151006 0.002485078879472101 0.0084279751237328043 0.019701727604561001
leaf_weight=12.522113941609858 15.539858542382717 11.313468368723985 8.6301048353780043 0.33964171353727657 0.099075727164746108
leaf_count=24 44 44 64 28 6
internal_value=0 0.108828 0.0569176 0.0271011 0.220312
internal_weight=0 35.9221 24.5096 8.96975 11.4125
internal_count=210 186 136 92 50
shrinkage=0.1


Tree=89
num_leaves=6
num_cat=0
split_feature=0 0 0 0 0
split_gain=7.31345 1.17092 0.139729 0.0558731 0.0145913
threshold=0.15000000000000005 0.35000000000000003 1.0000000180025095e-35 0.45000000000000007 0.25000000000000006
decision_type=2 2 2 2 2
left_child=2 4 -1 -3 -2
right_child=1 3 -4 -5 -6
leaf_value=0.067544475270262624 0.0012565296102498842 -0.042878524063651668 0.046531598462464706 0.037026614006711554 -0.020249010137477524
leaf_weight=4.1512912809848794 8.6797728850506246 21.16341054439545 13.314144542440772 0.087872523348777473 0.32739694160409349
leaf_count=24 64 44 44 6 28
internal_value=0 -0.297413 0.515261 -0.425481 0.00474836
internal_weight=0 30.2585 17.4654 21.2513 9.00717
internal_count=210 142 68 50 92
shrinkage=0.1


Tree=90
num_leaves=6
num_cat=0
split_feature=0 0 0 0 0
split_gain=0.126473 0.0759237 0.0411817 0.000685857 0.000322107
threshold=0.25000000000000006 1.0000000180025095e-35 0.15000000000000005 0.45000000000000007 0.35000000000000003
decision_type=2 2 2 2 2
left_child=1 -1 -3 4 -2
right_child=3 2 -4 -5 -6
leaf_value=0.0063779213762623901 0.007519366259301107 -0.0074611740408808084 0.0007096900421301388 0.0031668805658927471 0.010037651229441183
leaf_weight=7.3051765114068976 0.53631950204725853 20.589282631874084 8.8067537952447328 0.1533835921436556 9.5898730857297778
leaf_count=24 28 44 64 6 44
internal_value=0 -0.0274591 -0.0501327 0.0980374 0.0990427
internal_weight=0 36.7012 29.396 10.2796 10.1262
internal_count=210 132 108 78 72
shrinkage=0.1


Tree=91
num_leaves=6
num_cat=0
split_feature=0 0 0 0 0
split_gain=2.63339 0.213247 0.0689168 0.00119676 0.000457394
threshold=1.0000000180025095e-35 0.15000000000000005 0.25000000000000006 0.35000000000000003 0.45000000000000007
decision_type=2 2 2 2 2
left_child=-1 -2 -3 -4 -5
right_child=1 2 3 4 -6
leaf_value=-0.037755454552548487 0.024442938722101789 0.0016956828713647516 0.0090343231793338728 0.013910501056888541 0.019633711931004182
leaf_weight=13.204806074500082 13.99423613771796 8.800634259940125 0.5121106687001874 9.6446252502500993 0.14169170428067523
leaf_count=24 44 64 28 44 6
internal_value=0 0.150651 0.0819376 0.137468 0.139934
internal_weight=0 33.0933 19.0991 10.2984 9.78632
internal_count=210 186 142 78 50
shrinkage=0.1


Tree=92
num_leaves=6
num_cat=0
split_feature=0 0 0 0 0
split_gain=0.0833565 0.0359051 0.0250093 0.00919307 0.000416745
threshold=0.25000000000000006 1.0000000180025095e-35 0.15000000000000005 0.45000000000000007 0.35000000000000003
decision_type=2 2 2 2 2
left_child=1 -1 -3 4 -2
right_child=3 2 -4 -5 -6
leaf_value=0.0048384744412701304 0.0051543843475629686 -0.0059260484721804707 0.000481175115147035 -0.015486755271001683 0.0079994854819763293
leaf_weight=5.6146116144955149 0.54155621991958014 19.417857822030783 8.877027320442723 0.17130220402032215 10.437557465396821
leaf_count=24 28 44 64 6 44
internal_value=0 -0.0246638 -0.0391589 0.0750049 0.0785915
internal_weight=0 33.9095 28.2949 11.1504 10.9791
internal_count=210 132 108 78 72
shrinkage=0.1


Tree=93
num_leaves=6
num_cat=0
split_feature=0 0 0 0 0
split_gain=0.0947737 0.0378244 0.0290576 0.00743128 0.000381045
threshold=0.25000000000000006 1.0000000180025095e-35 0.15000000000000005 0.45000000000000007 0.35000000000000003
decision_type=2 2 2 2 2
left_child=1 -1 -3 4 -2
right_child=3 2 -4 -5 -6
leaf_value=0.0048112772623466089 0.0056178881879302058 -0.0062499363172609061 0.00065164642730048967 -0.013630698343762536 0.0083867328254256818
leaf_weight=5.7061120346188536 0.52148927375673793 19.658499393612146 8.8453788838814962 0.15731574408710081 10.595458894968033
leaf_count=24 28 44 64 6 44
internal_value=0 -0.0262048 -0.0410822 0.0795144 0.0825685
internal_weight=0 34.21 28.5039 11.2743 11.1169
internal_count=210 132 108 78 72
shrinkage=0.1


Tree=94
num_leaves=6
num_cat=0
split_feature=0 0 0 0 0
split_gain=0.111543 0.0404848 0.0346227 0.0054832 0.000343059
threshold=0.25000000000000006 1.0000000180025095e-35 0.15000000000000005 0.45000000000000007 0.35000000000000003
decision_type=2 2 2 2 2
left_child=1 -1 -3 4 -2
right_child=3 2 -4 -5 -6
leaf_value=0.0047667275073004257 0.0062260116973823785 -0.0066661954179639332 0.00085972451754984442 -0.010822492482491401 0.0089215257797517315
leaf_weight=5.836433481425046 0.49371572304516576 20.006069507449865 8.8023631377145666 0.144164979457856 10.812332806177437
leaf_count=24 28 44 64 6 44
internal_value=0 -0.0282801 -0.0436666 0.0855671 0.0880382
internal_weight=0 34.6449 28.8084 11.4502 11.306
internal_count=210 132 108 78 72
shrinkage=0.1


Tree=95
num_leaves=6
num_cat=0
split_feature=0 0 0 0 0
split_gain=0.139619 0.0442919 0.042898 0.00343222 0.000309025
threshold=0.25000000000000006 1.0000000180025095e-35 0.15000000000000005 0.45000000000000007 0.35000000000000003
decision_type=2 2 2 2 2
left_child=1 -1 -3 4 -2
right_child=3 2 -4 -5 -6
leaf_value=0.0046622050155225433 0.0070736080142917504 -0.0072381717055879412 0.0011252500110241642 -0.0066888963587226407 0.0097397208554494859
leaf_weight=6.0371660664677611 0.45239354413933602 20.566080641001463 8.7389572631800565 0.13023844733834344 11.145272852852941
leaf_count=24 28 44 64 6 44
internal_value=0 -0.0313735 -0.0474414 0.0945444 0.0963572
internal_weight=0 35.3422 29.305 11.7279 11.5977
internal_count=210 132 108 78 72
shrinkage=0.1


Tree=96
num_leaves=6
num_cat=0
split_feature=0 0 0 0 0
split_gain=0.198089 0.0499595 0.0566699 0.00137925 0.000318634
threshold=0.25000000000000006 1.0000000180025095e-35 0.15000000000000005 0.45000000000000007 0.35000000000000003
decision_type=2 2 2 2 2
left_child=1 -1 -3 4 -2
right_child=3 2 -4 -5 -6
leaf_value=0.0043641675181061252 0.0082474575283650754 -0.0081014407761511257 0.0014798460548060062 -0.00010477481084449174 0.011181270241636714
leaf_weight=6.3774591833353034 0.38218580652027861 21.680737055838108 8.6304536067182216 0.11107513960450964 11.796581106260419
leaf_count=24 28 44 64 6 44
internal_value=0 -0.0368073 -0.0537338 0.10988 0.110892
internal_weight=0 36.6886 30.3112 12.2898 12.1788
internal_count=210 132 108 78 72
shrinkage=0.1


Tree=97
num_leaves=6
num_cat=0
split_feature=0 0 0 0 0
split_gain=11.5393 1.85258 0.122359 0.115583 0.00953751
threshold=0.15000000000000005 0.35000000000000003 0.45000000000000007 1.0000000180025095e-35 0.25000000000000006
decision_type=2 2 2 2 2
left_child=3 4 -3 -1 -2
right_child=1 2 -4 -5 -6
leaf_value=0.071740583802554242 0.0014384019815355826 -0.053663913600442849 0.079665912985856943 0.055332003224356587 -0.016391801368534381
leaf_weight=6.4686454087495813 8.5745014299172908 22.045017801225189 0.069046119693665697 12.763304758816957 0.31087780068628568
leaf_count=24 64 44 6 44 28
internal_value=0 -0.377518 -0.532476 0.60851 0.00814567
internal_weight=0 30.9994 22.1141 19.232 8.88538
internal_count=210 142 50 68 92
shrinkage=0.1


Tree=98
num_leaves=6
num_cat=0
split_feature=0 0 0 0 0
split_gain=1.54509 0.113579 0.0423722 0.00107127 0.000792533
threshold=1.0000000180025095e-35 0.15000000000000005 0.25000000000000006 0.45000000000000007 0.35000000000000003
decision_type=2 2 2 2 2
left_child=-1 -2 -3 4 -4
right_child=1 2 3 -5 -6
leaf_value=-0.029153764332965494 0.018980029982514347 0.0018076424274692318 0.0074939956565063387 0.019180280072781469 0.011347488903351445
leaf_weight=12.948359742760656 13.00674809515476 8.874111482524313 0.56569641421083083 0.16806263383478004 9.4400571663863957
leaf_count=24 44 64 28 6 44
internal_value=0 0.117765 0.068577 0.112626 0.111296
internal_weight=0 32.0547 19.0479 10.1738 10.0058
internal_count=210 186 142 78 72
shrinkage=0.1


Tree=99
num_leaves=6
num_cat=0
split_feature=0 0 0 0 0
split_gain=0.0823509 0.0580054 0.0280646 0.00366565 0.000402996
threshold=0.25000000000000006 1.0000000180025095e-35 0.15000000000000005 0.45000000000000007 0.35000000000000003
decision_type=2 2 2 2 2
left_child=1 -1 -3 4 -2
right_child=3 2 -4 -5 -6
leaf_value=0.0064861331381290497 0.0054775897587931444 -0.0063448091084092155 0.00042829782706880386 -0.0059407714880593543 0.0081909898822697478
leaf_weight=6.1242479197680941 0.58017082337755255 19.676621202379465 8.877826356096195 0.19109859224408943 9.6785277561284602
leaf_count=24 28 44 64 6 44
internal_value=0 -0.0234494 -0.0423899 0.0778191 0.0803754
internal_weight=0 34.6787 28.5544 10.4498 10.2587
internal_count=210 132 108 78 72
shrinkage=0.1


end of trees

feature importances:
geographical=500

parameters:
[boosting: gbdt]
[objective: lambdarank]
[metric: ndcg]
[tree_learner: serial]
[device_type: cpu]
[data: ]
[valid: ]
[num_iterations: 100]
[learning_rate: 0.1]
[num_leaves: 16]
[num_threads: -1]
[max_depth: -1]
[min_data_in_leaf: 5]
[min_sum_hessian_in_leaf: 0.001]
[bagging_fraction: 1]
[pos_bagging_fraction: 1]
[neg_bagging_fraction: 1]
[bagging_freq: 0]
[bagging_seed: 3]
[feature_fraction: 1]
[feature_fraction_bynode: 1]
[feature_fraction_seed: 2]
[early_stopping_round: 0]
[first_metric_only: 0]
[max_delta_step: 0]
[lambda_l1: 0]
[lambda_l2: 0]
[min_gain_to_split: 0]
[drop_rate: 0.1]
[max_drop: 50]
[skip_drop: 0.5]
[xgboost_dart_mode: 0]
[uniform_drop: 0]
[drop_seed: 4]
[top_rate: 0.2]
[other_rate: 0.1]
[min_data_per_group: 100]
[max_cat_threshold: 32]
[cat_l2: 10]
[cat_smooth: 10]
[max_cat_to_onehot: 4]
[top_k: 20]
[monotone_constraints: ]
[feature_contri: ]
[forcedsplits_filename: ]
[forcedbins_filename: ]
[refit_decay_rate: 0.9]
[cegb_tradeoff: 1]
[cegb_penalty_split: 0]
[cegb_penalty_feature_lazy: ]
[cegb_penalty_feature_coupled: ]
[verbosity: -1]
[max_bin: 255]
[max_bin_by_feature: ]
[min_data_in_bin: 3]
[bin_construct_sample_cnt: 200000]
[histogram_pool_size: -1]
[data_random_seed: 1]
[output_model: LightGBM_model.txt]
[snapshot_freq: -1]
[input_model: ]
[output_result: LightGBM_predict_result.txt]
[initscore_filename: ]
[valid_data_initscores: ]
[pre_partition: 0]
[enable_bundle: 1]
[max_conflict_rate: 0]
[is_enable_sparse: 1]
[sparse_threshold: 0.8]
[use_missing: 1]
[zero_as_missing: 0]
[two_round: 0]
[save_binary: 0]
[header: 0]
[label_column: ]
[weight_column: ]
[group_column: ]
[ignore_column: ]
[categorical_feature: ]
[predict_raw_score: 0]
[predict_leaf_index: 0]
[predict_contrib: 0]
[num_iteration_predict: -1]
[pred_early_stop: 0]
[pred_early_stop_freq: 10]
[pred_early_stop_margin: 10]
[convert_model_language: ]
[convert_model: gbdt_prediction.cpp]
[num_class: 1]
[is_unbalance: 0]
[scale_pos_weight: 1]
[sigmoid: 1]
[boost_from_average: 1]
[reg_sqrt: 0]
[alpha: 0.9]
[fair_c: 1]
[poisson_max_delta_step: 0.7]
[tweedie_variance_power: 1.5]
[max_position: 20]
[lambdamart_norm: 1]
[label_gain: ]
[metric_freq: 1]
[is_provide_training_metric: 0]
[eval_at: 1]
[multi_error_top_k: 1]
[num_machines: 1]
[local_listen_port: 12400]
[time_out: 120]
[machine_list_filename: ]
[machines: ]
[gpu_platform_id: -1]
[gpu_device_id: -1]
[gpu_use_dp: 0]

end of parameters

pandas_categorical:null
