tree
version=v3
num_class=1
num_tree_per_iteration=1
label_index=0
max_feature_idx=0
objective=lambdarank
feature_names=geographical
feature_infos=[0:0.5]
tree_sizes=748 752 756 757 745 755 757 762 759 760 759 753 764 761 761 763 761 745 762 762 765 759 765 760 749 763 763 766 768 767 761 751 767 764 764 764 747 768 769 764 766 760 746 763 767 761 758 752 766 763 764 764 748 766 766 760 762 756 751 765 762 761 760 749 748 765 766 765 763 758 767 764 759 753 759 768 766 759 763 759 761 762 756 767 759 766 759 762 757 755 749 761 763 757 759 758 750 764 761 760

Tree=0
num_leaves=6
num_cat=0
split_feature=0 0 0 0 0
split_gain=0.341701 0.161696 0.85835 0.0539096 0.0073127
threshold=0.45000000000000007 0.25000000000000006 0.35000000000000003 0.15000000000000005 1.0000000180025095e-35
decision_type=2 2 2 2 2
left_child=1 3 -3 4 -1
right_child=-2 2 -4 -5 -6
leaf_value=-0.0016855580840294657 -0.069485642430978142 -0.08639475971741549 0.01330148521895004 0.018739710785483001 0.0066582688024191669
leaf_weight=1.7794512007385472 0.67420236580073911 1.1548136174678791 3.4244488682597876 4.6423678146675229 2.5636868067085743
leaf_count=26 16 26 52 50 40
internal_value=0 0.0345361 -0.118402 0.112478 0.0323967
internal_weight=0 13.5648 4.57926 8.98551 4.34314
internal_count=210 194 78 116 66
shrinkage=0.1


Tree=1
num_leaves=6
num_cat=0
split_feature=0 0 0 0 0
split_gain=4.23858 0.53776 0.271759 0.00728075 0.00362147
threshold=0.15000000000000005 0.35000000000000003 0.45000000000000007 0.25000000000000006 1.0000000180025095e-35
decision_type=2 2 2 2 2
left_child=4 3 -3 -2 -1
right_child=1 2 -4 -5 -6
leaf_value=0.049612208957600608 -0.026264649812490715 0.00044937440951678859 -0.062083884338831809 -0.035233165653472634 0.046231540994083137
leaf_weight=4.9012887999415371 22.296661157161001 14.640093434602019 0.72959704976528961 0.94348272401839395 8.9637836702167988
leaf_count=26 50 52 16 26 40
internal_value=0 -0.170312 -0.0251907 -0.266287 0.474266
internal_weight=0 38.6098 15.3697 23.2401 13.8651
internal_count=210 144 68 76 66
shrinkage=0.1


Tree=2
num_leaves=6
num_cat=0
split_feature=0 0 0 0 0
split_gain=0.540138 0.334287 0.0873226 0.00814841 0.000110807
threshold=0.35000000000000003 0.25000000000000006 0.45000000000000007 1.0000000180025095e-35 0.15000000000000005
decision_type=2 2 2 2 2
left_child=1 3 -2 -1 -5
right_child=2 -3 -4 4 -6
leaf_value=-0.0012601491662778434 0.020479592793821375 -0.05972327239909242 -0.017070929860198626 -0.0048584003427873685 -0.0052761536920406882
leaf_weight=7.316844515502452 11.386057002469894 1.1193548068404187 0.65491146128624755 19.913831904530525 9.3213117420673388
leaf_count=26 52 26 16 40 50
internal_value=0 -0.0589312 0.184372 -0.0424465 -0.049916
internal_weight=0 37.6713 12.041 36.552 29.2351
internal_count=210 142 68 116 90
shrinkage=0.1


Tree=3
num_leaves=6
num_cat=0
split_feature=0 0 0 0 0
split_gain=0.574329 0.125957 0.0863324 0.021921 0.00256462
threshold=0.35000000000000003 0.25000000000000006 0.45000000000000007 0.15000000000000005 1.0000000180025095e-35
decision_type=2 2 2 2 2
left_child=1 3 -2 4 -1
right_child=2 -3 -4 -5 -6
leaf_value=-0.0049771687220681853 0.02003730032221258 -0.044498057237909512 -0.024102047699742977 -0.00080879497455245929 -0.0071135280961634843
leaf_weight=7.6228389739990261 12.238967016339299 0.83523367391899139 0.45976691041141832 8.621603870764373 21.378278039395809
leaf_count=26 52 26 16 50 40
internal_value=0 -0.0608858 0.184392 -0.0523589 -0.0655199
internal_weight=0 38.458 12.6987 37.6227 29.0011
internal_count=210 142 68 116 66
shrinkage=0.1


Tree=4
num_leaves=6
num_cat=0
split_feature=0 0 0 0 0
split_gain=9.01336 1.27349 0.691875 0.055398 0.00348319
threshold=0.15000000000000005 0.25000000000000006 1.0000000180025095e-35 0.35000000000000003 0.45000000000000007
decision_type=2 2 2 2 2
left_child=2 -2 -1 -3 -5
right_child=1 3 -4 4 -6
leaf_value=0.035436725934700514 0.0034535074694128699 -0.069003532840434742 0.07773637897115393 -0.040416717790534427 -0.03053888985703835
leaf_weight=6.3539951816201219 8.6591732334345561 0.69005473051220434 9.8785842247307301 23.859206281602386 0.3624110058881333
leaf_count=26 50 26 40 52 16
internal_value=0 -0.295819 0.611788 -0.410649 -0.402689
internal_weight=0 33.5708 16.2326 24.9117 24.2216
internal_count=210 144 66 94 68
shrinkage=0.1


Tree=5
num_leaves=6
num_cat=0
split_feature=0 0 0 0 0
split_gain=0.385452 0.111619 0.105634 0.0403685 0.00497854
threshold=0.35000000000000003 0.45000000000000007 0.25000000000000006 0.15000000000000005 1.0000000180025095e-35
decision_type=2 2 2 2 2
left_child=2 -2 3 4 -1
right_child=1 -3 -4 -5 -6
leaf_value=5.3186528850769026e-05 0.017497498945086436 -0.027727864992313302 -0.042988260383074101 -0.010233225380420798 -0.0032883220612663962
leaf_weight=5.9297390766441849 11.492685295641419 0.57292806450277645 0.73388467682525405 9.2706561610102636 17.974324211478233
leaf_count=26 52 16 26 50 40
internal_value=0 0.1535 -0.0546195 -0.046318 -0.0245941
internal_weight=0 12.0656 33.9086 33.1747 23.9041
internal_count=210 68 142 116 66
shrinkage=0.1


Tree=6
num_leaves=6
num_cat=0
split_feature=0 0 0 0 0
split_gain=0.337831 0.078172 0.0774064 0.00839674 0.00282805
threshold=0.35000000000000003 0.45000000000000007 0.25000000000000006 0.15000000000000005 1.0000000180025095e-35
decision_type=2 2 2 2 2
left_child=2 -2 3 4 -1
right_child=1 -3 -4 -5 -6
leaf_value=-0.0015395035047318308 0.016195950845086196 -0.023521773038618462 -0.036701907647253805 -0.0070250767681567343 -0.0040378239437063963
leaf_weight=6.0249589905142811 11.410338871181008 0.51804241910576898 0.7577424980700006 8.7897698292508704 18.272510908544064
leaf_count=26 52 16 26 50 40
internal_value=0 0.14471 -0.051002 -0.0437647 -0.0341832
internal_weight=0 11.9284 33.845 33.0872 24.2975
internal_count=210 68 142 116 66
shrinkage=0.1


Tree=7
num_leaves=6
num_cat=0
split_feature=0 0 0 0 0
split_gain=0.333123 0.0592913 0.0519839 0.000241579 0.000118176
threshold=0.35000000000000003 0.45000000000000007 0.25000000000000006 1.0000000180025095e-35 0.15000000000000005
decision_type=2 2 2 2 2
left_child=2 -2 3 -1 -5
right_child=1 -3 -4 4 -6
leaf_value=-0.0039271563104874823 0.015664112167263138 -0.020735205601128112 -0.031359031478966688 -0.0044804317613689679 -0.0049299022196681074
leaf_weight=6.1286028139293185 11.613156139850613 0.4654475096613177 0.73624830809421726 18.512209922075272 8.5518996622413415
leaf_count=26 52 16 26 40 50
internal_value=0 0.142615 -0.0507704 -0.0449408 -0.0462246
internal_weight=0 12.0786 33.929 33.1927 27.0641
internal_count=210 68 142 116 90
shrinkage=0.1


Tree=8
num_leaves=6
num_cat=0
split_feature=0 0 0 0 0
split_gain=0.406805 0.0476072 0.0291955 0.0161302 0.00130846
threshold=0.35000000000000003 0.45000000000000007 0.25000000000000006 1.0000000180025095e-35 0.15000000000000005
decision_type=2 2 2 2 2
left_child=2 -2 3 -1 -5
right_child=1 -3 -4 4 -6
leaf_value=-0.0097701369699179797 0.01642574739114766 -0.018774860206384966 -0.02603111089483709 -0.0046570469210138665 -0.0031510628399668153
leaf_weight=6.4124251492321482 12.244520479813215 0.39666002383455712 0.69083181722089548 18.617415450513363 8.3598833633586782
leaf_count=26 52 16 26 40 50
internal_value=0 0.153212 -0.0568295 -0.0526195 -0.0419036
internal_weight=0 12.6412 34.0806 33.3897 26.9773
internal_count=210 68 142 116 90
shrinkage=0.1


Tree=9
num_leaves=6
num_cat=0
split_feature=0 0 0 0 0
split_gain=0.254785 0.0591191 0.0376083 0.0227882 0.0162993
threshold=1.0000000180025095e-35 0.35000000000000003 0.45000000000000007 0.25000000000000006 0.15000000000000005
decision_type=2 2 2 2 2
left_child=-1 3 -3 4 -2
right_child=1 2 -4 -5 -6
leaf_value=0.022166129081117536 -0.0061932217679063605 0.0036782813337858673 -0.029117581392467198 -0.023892741583226622 -0.00087665982745980381
leaf_weight=4.6730805188417426 19.659696534276016 13.806195424869653 0.35874581709504205 0.6282673308160146 8.1597907813265902
leaf_count=26 40 52 16 26 50
internal_value=0 -0.0243082 0.0284768 -0.0505914 -0.0463381
internal_weight=0 42.6127 14.1649 28.4478 27.8195
internal_count=210 184 68 116 90
shrinkage=0.1


Tree=10
num_leaves=6
num_cat=0
split_feature=0 0 0 0 0
split_gain=0.529221 0.038119 0.0250871 0.0173214 0.0151541
threshold=0.35000000000000003 1.0000000180025095e-35 0.45000000000000007 0.15000000000000005 0.25000000000000006
decision_type=2 2 2 2 2
left_child=1 -1 -2 -3 -5
right_child=2 3 -4 4 -6
leaf_value=-0.013005059405866784 0.017299354645444544 -0.0063594179423068055 -0.013337288110994487 0.00012157730351802879 -0.017149530632833827
leaf_weight=7.0031444504857054 13.466751728206869 20.42797239869833 0.27269347151741463 7.9395336024463194 0.54275915212929238
leaf_count=26 52 40 16 50 26
internal_value=0 -0.0638561 0.166913 -0.0478214 -0.00983555
internal_weight=0 35.9134 13.7394 28.9103 8.48229
internal_count=210 142 68 116 76
shrinkage=0.1


Tree=11
num_leaves=6
num_cat=0
split_feature=0 0 0 0 0
split_gain=9.28971 1.03154 0.0107239 0.00853688 0.000896237
threshold=0.15000000000000005 0.25000000000000006 1.0000000180025095e-35 0.45000000000000007 0.35000000000000003
decision_type=2 2 2 2 2
left_child=2 -2 -1 4 -3
right_child=1 3 -4 -5 -6
leaf_value=0.060583730855061871 0.0011714244159721225 -0.044394889239800145 0.066377712118725965 -0.021965416655296749 -0.040074434383283342
leaf_weight=4.5646548308432076 8.0770303849130851 0.48990456433967366 10.642020910978317 0.26059679826721449 24.078318685293198
leaf_count=26 50 26 40 16 52
internal_value=0 -0.298712 0.646385 -0.399696 -0.401606
internal_weight=0 32.9059 15.2067 24.8288 24.5682
internal_count=210 144 66 94 78
shrinkage=0.1


Tree=12
num_leaves=6
num_cat=0
split_feature=0 0 0 0 0
split_gain=0.267175 0.0223658 0.0187604 0.00756326 2.06928e-05
threshold=0.35000000000000003 0.45000000000000007 0.25000000000000006 1.0000000180025095e-35 0.15000000000000005
decision_type=2 2 2 2 2
left_child=2 -2 3 -1 -5
right_child=1 -3 -4 4 -6
leaf_value=-0.0010380215289248248 0.01403798237802183 -0.0095137277616507473 -0.020958796938555419 -0.0049226788059895873 -0.0047328003761225946
leaf_weight=6.3979922197759143 11.070919343270358 0.41845774697139937 0.67570831230841477 18.544924683868885 8.3118406031280774
leaf_count=26 52 16 26 40 50
internal_value=0 0.131802 -0.0446302 -0.0412784 -0.0486391
internal_weight=0 11.4894 33.9305 33.2548 26.8568
internal_count=210 68 142 116 90
shrinkage=0.1


Tree=13
num_leaves=6
num_cat=0
split_feature=0 0 0 0 0
split_gain=0.269796 0.0189254 0.0129604 0.00434101 0.00173075
threshold=0.35000000000000003 0.45000000000000007 0.25000000000000006 1.0000000180025095e-35 0.15000000000000005
decision_type=2 2 2 2 2
left_child=2 -2 3 -1 -5
right_child=1 -3 -4 4 -6
leaf_value=-0.001873961206027923 0.013976314490717682 -0.008266202130355239 -0.018303097290707976 -0.0052749728555904589 -0.0035343235545302592
leaf_weight=6.5318586491048327 11.156010602600869 0.3961234483867892 0.66331191244535048 18.820392072200775 8.2016599583439547
leaf_count=26 52 16 26 40 50
internal_value=0 0.132136 -0.0446107 -0.0418744 -0.0474666
internal_weight=0 11.5521 34.2172 33.5539 27.0221
internal_count=210 68 142 116 90
shrinkage=0.1


Tree=14
num_leaves=6
num_cat=0
split_feature=0 0 0 0 0
split_gain=0.289717 0.01655 0.00806564 0.00407725 0.00336668
threshold=0.35000000000000003 0.45000000000000007 0.25000000000000006 0.15000000000000005 1.0000000180025095e-35
decision_type=2 2 2 2 2
left_child=2 -2 3 4 -1
right_child=1 -3 -4 -5 -6
leaf_value=-0.0030730999761266736 0.014271347347752273 -0.0072525378748809809 -0.015726083469817916 -0.0024378400185358275 -0.0056826022424403396
leaf_weight=6.6629249230027225 11.342330498620864 0.36885416926816178 0.64011408528312941 8.0986386789008957 19.16545844823122
leaf_count=26 52 16 26 50 40
internal_value=0 0.135934 -0.0460539 -0.0439557 -0.0500943
internal_weight=0 11.7112 34.5671 33.927 25.8284
internal_count=210 68 142 116 66
shrinkage=0.1


Tree=15
num_leaves=6
num_cat=0
split_feature=0 0 0 0 0
split_gain=0.338531 0.0151379 0.00944241 0.00762316 0.000449774
threshold=0.35000000000000003 0.45000000000000007 0.15000000000000005 0.25000000000000006 1.0000000180025095e-35
decision_type=2 2 2 2 2
left_child=2 -2 4 -4 -1
right_child=1 -3 3 -5 -6
leaf_value=-0.0052212178251935309 0.015010907645179376 -0.0066969860176148395 -0.0012888478939363679 -0.012983843092316181 -0.0061666432115626574
leaf_weight=6.7665205076336887 11.768702257424589 0.3302557594142862 7.9807128203101438 0.59920659498311568 19.630098953843117
leaf_count=26 52 16 50 26 40
internal_value=0 0.144184 -0.0498755 -0.0210561 -0.0592429
internal_weight=0 12.099 34.9765 8.57992 26.3966
internal_count=210 68 142 76 66
shrinkage=0.1


Tree=16
num_leaves=6
num_cat=0
split_feature=0 0 0 0 0
split_gain=0.482724 0.0362281 0.0176011 0.0144244 0.00418274
threshold=0.35000000000000003 0.15000000000000005 1.0000000180025095e-35 0.45000000000000007 0.25000000000000006
decision_type=2 2 2 2 2
left_child=1 2 -1 -2 -3
right_child=3 4 -4 -5 -6
leaf_value=-0.012227469602914173 0.016618286287950527 0.00024516584064124676 -0.0063896308579471364 -0.0073547511926081001 -0.0090816168314109911
leaf_weight=6.937330178916457 13.153835732489821 7.7843627142719907 20.210952691733837 0.25586928892880761 0.51249203481711436
leaf_count=26 52 50 40 16 26
internal_value=0 -0.0611402 -0.078814 0.161609 -0.00330944
internal_weight=0 35.4451 27.1483 13.4097 8.29685
internal_count=210 142 66 68 76
shrinkage=0.1


Tree=17
num_leaves=6
num_cat=0
split_feature=0 0 0 0 0
split_gain=10.9533 1.17766 0.0176112 0.0148629 0.0049425
threshold=0.15000000000000005 0.25000000000000006 0.45000000000000007 1.0000000180025095e-35 0.35000000000000003
decision_type=2 2 2 2 2
left_child=3 -2 4 -1 -3
right_child=1 2 -4 -5 -6
leaf_value=0.063989920807809728 0.0012197393595880894 -0.03276847235259641 -0.015145333510307927 0.070789484330038663 -0.043717905630101146
leaf_weight=4.517298307269809 7.7887010744307181 0.41931091796141728 0.2204639466945072 11.148480549454689 24.4905995875597
leaf_count=26 50 26 16 40 52
internal_value=0 -0.327548 -0.432845 0.688288 -0.435336
internal_weight=0 32.9191 25.1304 15.6658 24.9099
internal_count=210 144 94 66 78
shrinkage=0.1


Tree=18
num_leaves=6
num_cat=0
split_feature=0 0 0 0 0
split_gain=0.217203 0.0117147 0.00726074 0.0051794 0.00122084
threshold=0.35000000000000003 0.45000000000000007 1.0000000180025095e-35 0.25000000000000006 0.15000000000000005
decision_type=2 2 2 2 2
left_child=2 -2 -1 4 -4
right_child=1 -3 3 -5 -6
leaf_value=-0.0010076043668083288 0.012550987143391977 -0.0050500827227791586 -0.0049908197316309508 -0.013544808075920015 -0.0035181256187445929
leaf_weight=6.3713098391890517 10.979695485904809 0.39162841951474631 18.441124998033054 0.65469142748042841 8.1021618689410371
leaf_count=26 52 16 40 26 50
internal_value=0 0.119448 -0.040462 -0.0475802 -0.0454129
internal_weight=0 11.3713 33.5693 27.198 26.5433
internal_count=210 68 142 116 90
shrinkage=0.1


Tree=19
num_leaves=6
num_cat=0
split_feature=0 0 0 0 0
split_gain=0.223345 0.0103244 0.00497669 0.00344211 0.00346466
threshold=0.35000000000000003 0.45000000000000007 1.0000000180025095e-35 0.25000000000000006 0.15000000000000005
decision_type=2 2 2 2 2
left_child=2 -2 -1 4 -4
right_child=1 -3 3 -5 -6
leaf_value=-0.0015921595273987303 0.012651616923806803 -0.0041810253190236934 -0.0052436332196344922 -0.011890344167767582 -0.0027602635820509493
leaf_weight=6.4997927471995345 11.038355684839185 0.37682444322854358 18.666166476905353 0.64478111569769581 8.036769616417585
leaf_count=26 52 16 40 26 50
internal_value=0 0.12096 -0.040794 -0.0467055 -0.0449621
internal_weight=0 11.4152 33.8475 27.3477 26.7029
internal_count=210 68 142 116 90
shrinkage=0.1


Tree=20
num_leaves=6
num_cat=0
split_feature=0 0 0 0 0
split_gain=0.239337 0.00933636 0.00280445 0.00493278 0.00392162
threshold=0.35000000000000003 0.45000000000000007 0.15000000000000005 1.0000000180025095e-35 0.25000000000000006
decision_type=2 2 2 2 2
left_child=2 -2 3 -1 -4
right_child=1 -3 4 -5 -6
leaf_value=-0.0023785505455065649 0.012986082774324085 -0.0033997975238068941 -0.0020376048175441276 -0.0055467725490352133 -0.010239801297715361
leaf_weight=6.6358500756323364 11.146949096582826 0.35892332671210248 7.9712740126997215 18.942389853298664 0.62890398269519199
leaf_count=26 52 16 50 40 26
internal_value=0 0.124749 -0.0419958 -0.0472483 -0.0263741
internal_weight=0 11.5059 34.1784 25.5782 8.60018
internal_count=210 68 142 66 76
shrinkage=0.1


Tree=21
num_leaves=6
num_cat=0
split_feature=0 0 0 0 0
split_gain=0.270834 0.00877 0.00790059 0.00291241 0.0028385
threshold=0.35000000000000003 0.45000000000000007 0.15000000000000005 0.25000000000000006 1.0000000180025095e-35
decision_type=2 2 2 2 2
left_child=2 -2 4 -4 -1
right_child=1 -3 3 -5 -6
leaf_value=-0.003551335280828976 0.013626370065005514 -0.0027842766720732439 -0.0012914197651882845 -0.0084972752571425315 -0.0059316845207861447
leaf_weight=6.7660936415195492 11.357563688419756 0.3352606715634473 7.8978398879989964 0.6037741454783826 19.298105657100677
leaf_count=26 52 16 50 26 40
internal_value=0 0.131558 -0.0445032 -0.0180317 -0.0531376
internal_weight=0 11.6928 34.5658 8.50161 26.0642
internal_count=210 68 142 76 66
shrinkage=0.1


Tree=22
num_leaves=6
num_cat=0
split_feature=0 0 0 0 0
split_gain=0.333152 0.0186784 0.00872137 0.00188997 0.000230642
threshold=0.35000000000000003 0.15000000000000005 0.45000000000000007 0.25000000000000006 1.0000000180025095e-35
decision_type=2 2 2 2 2
left_child=1 4 -2 -3 -1
right_child=2 3 -4 -5 -6
leaf_value=-0.0057428440096474482 0.014705192175155424 -0.00042189073859722425 -0.0025839111284262865 -0.0064352739935616843 -0.0064157346858201075
leaf_weight=6.859326250851157 11.835156144574281 7.7996933162212354 0.29914408084005195 0.56019601435400523 19.79159302264452
leaf_count=26 52 50 16 26 40
internal_value=0 -0.0494891 0.14279 -0.00824847 -0.0624255
internal_weight=0 35.0108 12.1343 8.35989 26.6509
internal_count=210 142 68 76 66
shrinkage=0.1


Tree=23
num_leaves=6
num_cat=0
split_feature=0 0 0 0 0
split_gain=0.510029 0.0507941 0.0272735 0.00904519 0.000630991
threshold=0.35000000000000003 0.15000000000000005 1.0000000180025095e-35 0.45000000000000007 0.25000000000000006
decision_type=2 2 2 2 2
left_child=1 2 -1 -2 -3
right_child=3 4 -4 -5 -6
leaf_value=-0.013738806007166884 0.016705601483477616 0.00086686588192106989 -0.0065227039623772425 -0.0036083347867252296 -0.002930629170326575
leaf_weight=7.045990593731406 13.497664451599118 7.609008929692207 20.407872892916203 0.2228128802962609 0.46424708596896369
leaf_count=26 52 50 40 16 26
internal_value=0 -0.0632425 -0.0837471 0.163757 0.00648494
internal_weight=0 35.5271 27.4539 13.7205 8.07326
internal_count=210 142 66 68 76
shrinkage=0.1


Tree=24
num_leaves=6
num_cat=0
split_feature=0 0 0 0 0
split_gain=9.51284 1.0294 0.018587 0.0102667 0.00900624
threshold=0.15000000000000005 0.25000000000000006 0.45000000000000007 1.0000000180025095e-35 0.35000000000000003
decision_type=2 2 2 2 2
left_child=3 -2 4 -1 -3
right_child=1 2 -4 -5 -6
leaf_value=0.060856067150162799 0.0012320926915787515 -0.026189534072509093 -0.011097125498695045 0.066518504481722057 -0.041120208990135021
leaf_weight=4.5497566349804375 7.7085879635997108 0.41088191990275547 0.21148814633488555 10.809365712106228 24.131520494818687
leaf_count=26 50 26 16 40 52
internal_value=0 -0.306786 -0.406159 0.648411 -0.408702
internal_weight=0 32.4625 24.7539 15.3591 24.5424
internal_count=210 144 94 66 78
shrinkage=0.1


Tree=25
num_leaves=6
num_cat=0
split_feature=0 0 0 0 0
split_gain=0.1953 0.00652431 0.004065 0.00398553 0.00202564
threshold=0.35000000000000003 0.45000000000000007 1.0000000180025095e-35 0.15000000000000005 0.25000000000000006
decision_type=2 2 2 2 2
left_child=2 -2 -1 -4 -5
right_child=1 -3 3 4 -6
leaf_value=-0.0015772902237390523 0.011756664725551707 -0.0018349006630897968 -0.0052016760341016335 -0.0021596004495860808 -0.0080278761264133813
leaf_weight=6.4110667742788783 11.012768968939778 0.36488146008923728 18.541519917547703 7.9388224105350691 0.63529464881867159
leaf_count=26 52 16 40 50 26
internal_value=0 0.113208 -0.0384183 -0.0437724 -0.0259441
internal_weight=0 11.3777 33.5267 27.1156 8.57412
internal_count=210 68 142 116 76
shrinkage=0.1


Tree=26
num_leaves=6
num_cat=0
split_feature=0 0 0 0 0
split_gain=0.209502 0.00607265 0.0043282 0.00498775 0.00155732
threshold=0.35000000000000003 0.45000000000000007 0.15000000000000005 1.0000000180025095e-35 0.25000000000000006
decision_type=2 2 2 2 2
left_child=2 -2 3 -1 -4
right_child=1 -3 4 -5 -6
leaf_value=-0.0022347679311173758 0.012097535403611829 -0.0012638080720772877 -0.0016291940878441569 -0.0054435716187800666 -0.006826276864671162
leaf_weight=6.5287921018898514 11.104027427732941 0.35090533690527159 7.8911088616587204 18.773558527231216 0.62202701193746168
leaf_count=26 52 16 50 40 26
internal_value=0 0.116882 -0.0395936 -0.046156 -0.0200893
internal_weight=0 11.4549 33.8155 25.3024 8.51314
internal_count=210 68 142 66 76
shrinkage=0.1


Tree=27
num_leaves=6
num_cat=0
split_feature=0 0 0 0 0
split_gain=0.234554 0.00863794 0.00585414 0.00323993 0.00111653
threshold=0.35000000000000003 0.15000000000000005 0.45000000000000007 1.0000000180025095e-35 0.25000000000000006
decision_type=2 2 2 2 2
left_child=1 3 -2 -1 -3
right_child=2 4 -4 -5 -6
leaf_value=-0.0031829149403716202 0.012672951841913008 -0.0010782822101408618 -0.00078543491470278335 -0.0057471160229603758 -0.0055462855501587352
leaf_weight=6.6452571377158192 11.265100674703714 7.8371452814899367 0.33275127550587136 19.063175894320011 0.6022827518172561
leaf_count=26 52 50 16 40 26
internal_value=0 -0.0417305 0.122868 -0.0508431 -0.0139714
internal_weight=0 34.1479 11.5979 25.7084 8.43943
internal_count=210 142 68 66 76
shrinkage=0.1


Tree=28
num_leaves=6
num_cat=0
split_feature=0 0 0 0 0
split_gain=0.279735 0.0163308 0.00595065 0.000897122 0.000692266
threshold=0.35000000000000003 0.15000000000000005 0.45000000000000007 1.0000000180025095e-35 0.25000000000000006
decision_type=2 2 2 2 2
left_child=1 3 -2 -1 -3
right_child=2 4 -4 -5 -6
leaf_value=-0.0047896138820923539 0.013590807295171856 -0.00045527870182248184 -0.00052504543594177359 -0.0061282848155396683 -0.0040635947317457068
leaf_weight=6.7420493960380581 11.586029861122366 7.7682183566503209 0.30654297582805234 19.443383559584618 0.57076221727766085
leaf_count=26 52 50 16 40 26
internal_value=0 -0.0455627 0.13227 -0.0578361 -0.0070225
internal_weight=0 34.5244 11.8926 26.1854 8.33898
internal_count=210 142 68 66 76
shrinkage=0.1


Tree=29
num_leaves=6
num_cat=0
split_feature=0 0 0 0 0
split_gain=0.377808 0.0332291 0.00649712 0.00268354 0.000258279
threshold=0.35000000000000003 0.15000000000000005 0.45000000000000007 1.0000000180025095e-35 0.25000000000000006
decision_type=2 2 2 2 2
left_child=1 3 -2 -1 -3
right_child=2 4 -4 -5 -6
leaf_value=-0.0087802834323890567 0.015120678669149151 0.00036379153523106338 -0.00084359677508231946 -0.0064822498068695666 -0.0019557814187157788
leaf_weight=6.8175489529967335 12.410501683130857 7.6579178278334421 0.26027737185359079 19.956009157001972 0.51213917857967306
leaf_count=26 52 50 16 40 26
internal_value=0 -0.0536394 0.147927 -0.0706742 0.00218389
internal_weight=0 34.9436 12.6708 26.7736 8.17006
internal_count=210 142 68 66 76
shrinkage=0.1


Tree=30
num_leaves=6
num_cat=0
split_feature=0 0 0 0 0
split_gain=0.12449 0.199565 0.0106377 0.00704404 0.000158984
threshold=1.0000000180025095e-35 0.15000000000000005 0.35000000000000003 0.45000000000000007 0.25000000000000006
decision_type=2 2 2 2 2
left_child=-1 -2 4 -4 -3
right_child=1 2 3 -5 -6
leaf_value=0.014870508125780314 -0.0084485725970053962 0.0019358394764661382 0.0066279296072605191 -0.012380923200442363 -0.00019129944420545627
leaf_weight=5.0621574483811846 22.128632321953773 7.3894305620342502 15.071004856377838 0.19749870058149177 0.36891045537777234
leaf_count=26 40 50 52 16 26
internal_value=0 -0.0166706 0.0484993 0.0638205 0.0183469
internal_weight=0 45.1555 23.0268 15.2685 7.75834
internal_count=210 184 144 68 76
shrinkage=0.1


Tree=31
num_leaves=6
num_cat=0
split_feature=0 0 0 0 0
split_gain=12.2563 1.34685 0.0968569 0.0396968 0.0177861
threshold=0.15000000000000005 0.35000000000000003 1.0000000180025095e-35 0.45000000000000007 0.25000000000000006
decision_type=2 2 2 2 2
left_child=2 4 -1 -3 -2
right_child=1 3 -4 -5 -6
leaf_value=0.061100467482372613 0.0013783104340983443 -0.047273720753186275 0.076756801728620011 0.00034445903532378733 -0.02036415570928107
leaf_weight=6.6112841144204149 7.5912483402062199 24.543725367635492 9.8213858995586634 0.17632689047604699 0.39585912425536646
leaf_count=26 50 52 40 16 26
internal_value=0 -0.353993 0.704579 -0.469341 0.00300705
internal_weight=0 32.7072 16.4327 24.7201 7.98711
internal_count=210 144 66 68 76
shrinkage=0.1


Tree=32
num_leaves=6
num_cat=0
split_feature=0 0 0 0 0
split_gain=0.190578 0.00421925 0.00615349 0.00270563 0.000513253
threshold=0.35000000000000003 1.0000000180025095e-35 0.15000000000000005 0.45000000000000007 0.25000000000000006
decision_type=2 2 2 2 2
left_child=1 -1 -3 -2 -4
right_child=3 2 4 -5 -6
leaf_value=-0.0014931574809441276 0.011775514906094393 -0.0051925237935759282 -0.0017280668850565479 0.0028575681240763959 -0.0046971243088931407
leaf_weight=7.3270133957266799 10.622084346599873 19.003006294369698 7.8215178789105284 0.35145996417850334 0.62905629642773409
leaf_count=26 52 40 50 16 26
internal_value=0 -0.0362515 -0.0419415 0.114899 -0.0194908
internal_weight=0 34.7806 27.4536 10.9735 8.45057
internal_count=210 142 116 68 76
shrinkage=0.1


Tree=33
num_leaves=6
num_cat=0
split_feature=0 0 0 0 0
split_gain=0.21058 0.00561569 0.00497507 0.00241287 0.000301246
threshold=0.35000000000000003 0.15000000000000005 1.0000000180025095e-35 0.45000000000000007 0.25000000000000006
decision_type=2 2 2 2 2
left_child=1 2 -1 -2 -3
right_child=3 4 -4 -5 -6
leaf_value=-0.0022944368660625558 0.012399231554916297 -0.0013140962083543184 -0.0052998270680087436 0.0038397218394061296 -0.0036076092405826782
leaf_weight=7.7006153687834766 10.592201620340344 7.7740365599747729 19.345061339437962 0.33990228245966214 0.6182321140076964
leaf_count=26 52 50 40 16 26
internal_value=0 -0.0374289 -0.0444411 0.121331 -0.0148305
internal_weight=0 35.4379 27.0457 10.9321 8.39227
internal_count=210 142 66 68 76
shrinkage=0.1


Tree=34
num_leaves=6
num_cat=0
split_feature=0 0 0 0 0
split_gain=0.242798 0.00929475 0.00257066 0.0022936 0.000136005
threshold=0.35000000000000003 0.15000000000000005 1.0000000180025095e-35 0.45000000000000007 0.25000000000000006
decision_type=2 2 2 2 2
left_child=1 2 -1 -2 -3
right_child=3 4 -4 -5 -6
leaf_value=-0.0033198210642638054 0.013331993931584532 -0.00089787924224064277 -0.0054344901924589795 0.0048130499486835924 -0.0024573633368057358
leaf_weight=8.1092246100306529 10.582399105653163 7.7221550117246789 19.74722945690155 0.32577263657003719 0.6028923817211761
leaf_count=26 52 50 40 16 26
internal_value=0 -0.0394269 -0.0481889 0.130776 -0.0101082
internal_weight=0 36.1815 27.8565 10.9082 8.32505
internal_count=210 142 66 68 76
shrinkage=0.1


Tree=35
num_leaves=6
num_cat=0
split_feature=0 0 0 0 0
split_gain=0.294599 0.0151438 0.00247047 0.000986981 3.24611e-05
threshold=0.35000000000000003 0.15000000000000005 0.45000000000000007 1.0000000180025095e-35 0.25000000000000006
decision_type=2 2 2 2 2
left_child=1 3 -2 -1 -3
right_child=2 4 -4 -5 -6
leaf_value=-0.0044520076903256057 0.01465945861542086 -0.00044037698397706641 0.0055678067830002287 -0.005737940230961156 -0.0012163522275767478
leaf_weight=8.4705619961023348 10.643383813090619 7.6640505662653577 0.30751312547363419 20.207072257995605 0.5798867936246096
leaf_count=26 52 50 16 40 26
internal_value=0 -0.0427226 0.144042 -0.0535811 -0.0049496
internal_weight=0 36.9216 10.9509 28.6776 8.24394
internal_count=210 142 68 66 76
shrinkage=0.1


Tree=36
num_leaves=6
num_cat=0
split_feature=0 0 0 0 0
split_gain=5.77249 0.34512 0.250303 0.0036435 6.90131e-06
threshold=1.0000000180025095e-35 0.15000000000000005 0.35000000000000003 0.45000000000000007 0.25000000000000006
decision_type=2 2 2 2 2
left_child=-1 -2 4 -4 -3
right_child=1 2 3 -5 -6
leaf_value=-0.053070298855880743 0.035165872713137168 0.001076083550608794 0.024354439602487662 0.012768964359035063 0.00070578624244436593
leaf_weight=14.303161926567553 13.638335697352884 7.6041546445339918 10.977543612942098 0.27833356847986657 0.53897798771504302
leaf_count=26 40 50 52 16 26
internal_value=0 0.229762 0.144064 0.24068 0.0105157
internal_weight=0 33.0373 19.399 11.2559 8.14313
internal_count=210 184 144 68 76
shrinkage=0.1


Tree=37
num_leaves=6
num_cat=0
split_feature=0 0 0 0 0
split_gain=0.234679 0.0435677 0.00404822 0.00148945 0.000402706
threshold=1.0000000180025095e-35 0.15000000000000005 0.45000000000000007 0.35000000000000003 0.25000000000000006
decision_type=2 2 2 2 2
left_child=-1 -2 3 4 -3
right_child=1 2 -4 -5 -6
leaf_value=0.023077420089155806 -0.0058266090378807584 4.4294812653094774e-05 -0.010763535551904006 0.0015600702135192218 -0.0026940276086422385
leaf_weight=4.0105920080095521 18.686811804771423 7.7333983301650768 0.30148328095674409 13.322454927489161 0.57713519048411388
leaf_count=26 40 50 16 52 26
internal_value=0 -0.0227846 0.00744338 0.00904715 -0.00145871
internal_weight=0 40.6213 21.9345 21.633 8.31053
internal_count=210 184 144 128 76
shrinkage=0.1


Tree=38
num_leaves=6
num_cat=0
split_feature=0 0 0 0 0
split_gain=0.348833 0.0268119 0.00195309 0.00076461 3.26107e-05
threshold=1.0000000180025095e-35 0.15000000000000005 0.45000000000000007 0.25000000000000006 0.35000000000000003
decision_type=2 2 2 2 2
left_child=-1 -2 3 -3 -5
right_child=1 2 -4 4 -6
leaf_value=0.025898594774139663 -0.0057458905257714871 0.0003076799329556627 -0.0088946271853191962 -0.001681086232529886 -0.00090111450896396142
leaf_weight=4.6669022329151622 18.724683791399002 7.6865692357532724 0.2803671364672472 0.55812724900897492 13.548971893265843
leaf_count=26 40 50 16 26 52
internal_value=0 -0.029625 -0.00601439 -0.00494751 -0.00931973
internal_weight=0 40.7987 22.074 21.7937 14.1071
internal_count=210 184 144 128 78
shrinkage=0.1


Tree=39
num_leaves=6
num_cat=0
split_feature=0 0 0 0 0
split_gain=0.321604 0.0303163 0.00896976 0.00470069 1.1696e-05
threshold=0.35000000000000003 0.15000000000000005 1.0000000180025095e-35 0.45000000000000007 0.25000000000000006
decision_type=2 2 2 2 2
left_child=1 2 -1 -2 -3
right_child=3 4 -4 -5 -6
leaf_value=-0.0099564952534401951 0.013971052574151738 0.00025958136542110504 -0.0056664631789667963 0.00065166758535469709 -0.00022165499901947639
leaf_weight=6.5438292846083668 12.262435808777806 7.6474050572141987 19.096083089709282 0.27081983862444842 0.54074673005379725
leaf_count=26 52 50 40 16 26
internal_value=0 -0.0506962 -0.0676137 0.136832 0.002278
internal_weight=0 33.8281 25.6399 12.5333 8.18815
internal_count=210 142 66 68 76
shrinkage=0.1


Tree=40
num_leaves=6
num_cat=0
split_feature=0 0 0 0 0
split_gain=0.221003 0.0854176 0.00249012 0.000976362 1.99169e-05
threshold=1.0000000180025095e-35 0.15000000000000005 0.45000000000000007 0.35000000000000003 0.25000000000000006
decision_type=2 2 2 2 2
left_child=-1 -2 3 4 -3
right_child=1 2 -4 -5 -6
leaf_value=0.019801246271936881 -0.0070790291484239924 0.0011820680905170974 -0.0082418831649025467 0.0025273730282970863 0.00051100323258365991
leaf_weight=5.0374292694032183 20.106171309947968 7.5286904440727129 0.23883663606829841 14.012103654444218 0.46987954922951752
leaf_count=26 40 50 16 52 26
internal_value=0 -0.0235499 0.0191397 0.0202417 0.0114265
internal_weight=0 42.3557 22.2495 22.0107 7.99857
internal_count=210 184 144 128 76
shrinkage=0.1


Tree=41
num_leaves=6
num_cat=0
split_feature=0 0 0 0 0
split_gain=0.530069 0.0622715 0.00390045 0.00288721 0.000230676
threshold=0.35000000000000003 0.15000000000000005 0.45000000000000007 1.0000000180025095e-35 0.25000000000000006
decision_type=2 2 2 2 2
left_child=1 3 -2 -1 -3
right_child=2 4 -4 -5 -6
leaf_value=-0.010094022936317466 0.017023527380939717 0.0015798628016701261 0.0025452740910325887 -0.0077964983903510247 0.0040577845887623748
leaf_weight=7.312674172222617 13.468591559678313 7.3706949623301616 0.18867904506623823 21.702032469213009 0.39586502534802992
leaf_count=26 52 50 16 40 26
internal_value=0 -0.0624674 0.168235 -0.0837555 0.0170616
internal_weight=0 36.7813 13.6573 29.0147 7.76656
internal_count=210 142 68 66 76
shrinkage=0.1


Tree=42
num_leaves=6
num_cat=0
split_feature=0 0 0 0 0
split_gain=7.13205 0.839087 0.0194562 0.0150286 0.0119849
threshold=0.15000000000000005 0.25000000000000006 0.45000000000000007 0.35000000000000003 1.0000000180025095e-35
decision_type=2 2 2 2 2
left_child=4 -2 3 -3 -1
right_child=1 2 -4 -5 -6
leaf_value=0.05053212807634571 0.0013573982116407992 -0.018082828826312788 -0.0051840374772719718 -0.03741499534982292 0.056309766544652563
leaf_weight=5.436949074268342 7.5810483826790032 0.40918348997366288 0.19278100715018709 23.303022563457489 10.570990283042192
leaf_count=26 50 26 16 52 40
internal_value=0 -0.27631 -0.368242 -0.370814 0.543474
internal_weight=0 31.486 23.905 23.7122 16.0079
internal_count=210 144 94 78 66
shrinkage=0.1


Tree=43
num_leaves=6
num_cat=0
split_feature=0 0 0 0 0
split_gain=0.200762 0.0118758 0.00576491 0.00187687 2.57507e-05
threshold=0.35000000000000003 0.15000000000000005 1.0000000180025095e-35 0.45000000000000007 0.25000000000000006
decision_type=2 2 2 2 2
left_child=1 2 -1 -2 -3
right_child=3 4 -4 -5 -6
leaf_value=-0.0023826023206787836 0.011817948137915618 -0.0004399441351878061 -0.005729513587767486 0.0040761597957764987 -0.0011196287447211705
leaf_weight=7.0383572205901173 10.93338298052549 7.7002681174781156 19.145447641611099 0.32238261261954981 0.60090893995948125
leaf_count=26 52 50 40 16 26
internal_value=0 -0.0378496 -0.0482984 0.115962 -0.00489145
internal_weight=0 34.485 26.1838 11.2558 8.30118
internal_count=210 142 66 68 76
shrinkage=0.1


Tree=44
num_leaves=6
num_cat=0
split_feature=0 0 0 0 0
split_gain=0.238646 0.0173309 0.00434944 0.00202053 4.15072e-08
threshold=0.35000000000000003 0.15000000000000005 1.0000000180025095e-35 0.45000000000000007 0.25000000000000006
decision_type=2 2 2 2 2
left_child=1 2 -1 -2 -3
right_child=3 4 -4 -5 -6
leaf_value=-0.0032282963712170782 0.012819373701184581 -6.8660116079788844e-05 -0.0060939441449578812 0.0045737053944093454 -9.6442466889579741e-05
leaf_weight=7.2673450559377697 11.050629073753949 7.6527671355288458 19.530285231769085 0.30538869020529169 0.57840044703334559
leaf_count=26 52 50 40 16 26
internal_value=0 -0.0408403 -0.053168 0.125976 -0.000706124
internal_weight=0 35.0288 26.7976 11.356 8.23117
internal_count=210 142 66 68 76
shrinkage=0.1


Tree=45
num_leaves=6
num_cat=0
split_feature=0 0 0 0 0
split_gain=0.305729 0.0266328 0.00262838 0.00242109 3.38861e-05
threshold=0.35000000000000003 0.15000000000000005 1.0000000180025095e-35 0.45000000000000007 0.25000000000000006
decision_type=2 2 2 2 2
left_child=1 2 -1 -2 -3
right_child=3 4 -4 -5 -6
leaf_value=-0.0044689799605258339 0.014332906624510611 0.0003911629909338465 -0.0066647879159643462 0.0049160169599120609 0.0012099056915820326
leaf_weight=7.4842558875679996 11.31674598716199 7.5863751268479955 20.068594828248024 0.27977047697641039 0.5415939864469691
leaf_count=26 52 50 40 16 26
internal_value=0 -0.0458446 -0.0606833 0.141057 0.00445719
internal_weight=0 35.6808 27.5529 11.5965 8.12797
internal_count=210 142 66 68 76
shrinkage=0.1


Tree=46
num_leaves=6
num_cat=0
split_feature=0 0 0 0 0
split_gain=0.438183 0.045749 0.00327209 0.000407641 0.000214578
threshold=0.35000000000000003 0.15000000000000005 0.45000000000000007 1.0000000180025095e-35 0.25000000000000006
decision_type=2 2 2 2 2
left_child=1 3 -2 -1 -3
right_child=2 4 -4 -5 -6
leaf_value=-0.0067486354842325267 0.016507684706766518 0.0010756443812391246 0.0045381157035191003 -0.0076047031539796216 0.0032840141496374336
leaf_weight=7.5690949633717564 12.116188321262594 7.4677807381376615 0.23277278360910791 20.980898000299931 0.4675341019174083
leaf_count=26 52 50 16 40 26
internal_value=0 -0.0551089 0.162821 -0.0737774 0.0120576
internal_weight=0 36.4853 12.349 28.55 7.93531
internal_count=210 142 68 66 76
shrinkage=0.1


Tree=47
num_leaves=6
num_cat=0
split_feature=0 0 0 0 0
split_gain=11.7895 1.36236 0.0328307 0.0103893 0.00800347
threshold=0.15000000000000005 0.35000000000000003 0.45000000000000007 1.0000000180025095e-35 0.25000000000000006
decision_type=2 2 2 2 2
left_child=3 4 -3 -1 -2
right_child=1 2 -4 -5 -6
leaf_value=0.062450304200247365 0.0014527224300426664 -0.047616556396273997 -0.0026264060625629253 0.067542047874417671 -0.014110699207806844
leaf_weight=6.1524845957756051 7.4008028658572576 24.486178033053879 0.16327936132438381 11.49329711124301 0.34586287266574789
leaf_count=26 50 52 16 40 26
internal_value=0 -0.358224 -0.473185 0.657667 0.00757867
internal_weight=0 32.3961 24.6495 17.6458 7.74667
internal_count=210 144 68 66 76
shrinkage=0.1


Tree=48
num_leaves=6
num_cat=0
split_feature=0 0 0 0 0
split_gain=0.169421 0.00786402 0.00628253 0.00109671 1.85133e-07
threshold=0.35000000000000003 0.15000000000000005 1.0000000180025095e-35 0.45000000000000007 0.25000000000000006
decision_type=2 2 2 2 2
left_child=1 2 -1 -2 -3
right_child=3 4 -4 -5 -6
leaf_value=-0.0017840361716901388 0.011048371492268158 -0.00071877942843685133 -0.0052094084268297074 0.0052503795845947124 -0.00077552142439897152
leaf_weight=7.4437713399529484 10.581166647374626 7.6912054796703142 19.077360894531012 0.33661816758103746 0.62147185846697528
leaf_count=26 52 50 40 16 26
internal_value=0 -0.034068 -0.04248 0.108696 -0.00723022
internal_weight=0 34.8338 26.5211 10.9178 8.31268
internal_count=210 142 66 68 76
shrinkage=0.1


Tree=49
num_leaves=6
num_cat=0
split_feature=0 0 0 0 0
split_gain=0.191976 0.0105747 0.00400819 0.00103666 1.4482e-05
threshold=0.35000000000000003 0.15000000000000005 1.0000000180025095e-35 0.45000000000000007 0.25000000000000006
decision_type=2 2 2 2 2
left_child=1 2 -1 -2 -3
right_child=3 4 -4 -5 -6
leaf_value=-0.002600685091522214 0.01179406471496224 -0.00046572587033952365 -0.0052820088585634577 0.0060710075437357403 4.0619833433656851e-05
leaf_weight=7.8206681385636356 10.552278452552851 7.6553120270837081 19.416002459824085 0.32629163214005608 0.60984740266576398
leaf_count=26 52 50 40 16 26
internal_value=0 -0.0356137 -0.045121 0.116224 -0.00428365
internal_weight=0 35.5018 27.2367 10.8786 8.26516
internal_count=210 142 66 68 76
shrinkage=0.1


Tree=50
num_leaves=6
num_cat=0
split_feature=0 0 0 0 0
split_gain=0.225989 0.0143483 0.0018825 0.00108618 6.92511e-05
threshold=0.35000000000000003 0.15000000000000005 1.0000000180025095e-35 0.45000000000000007 0.25000000000000006
decision_type=2 2 2 2 2
left_child=1 2 -1 -2 -3
right_child=3 4 -4 -5 -6
leaf_value=-0.0035980864475636358 0.012823839282154048 -0.00019828230603021455 -0.0053990279207111998 0.0068514295514165982 0.00092280284468807244
leaf_weight=8.2106543481349963 10.548403722234067 7.6150519123766554 19.80261042714119 0.31356356665492136 0.59397491428535421
leaf_count=26 52 50 40 16 26
internal_value=0 -0.0379378 -0.0487117 0.126514 -0.00117165
internal_weight=0 36.2223 28.0133 10.862 8.20903
internal_count=210 142 66 68 76
shrinkage=0.1


Tree=51
num_leaves=6
num_cat=0
split_feature=0 0 0 0 0
split_gain=0.278452 0.0201436 0.00134309 0.000697835 0.000169816
threshold=0.35000000000000003 0.15000000000000005 0.45000000000000007 1.0000000180025095e-35 0.25000000000000006
decision_type=2 2 2 2 2
left_child=1 3 -2 -1 -3
right_child=2 4 -4 -5 -6
leaf_value=-0.0046352403594939126 0.014213915148214133 0.0001154678169562422 0.0073950487315033236 -0.0057138076559257768 0.0019043600567316332
leaf_weight=8.5268233865499514 10.621439438313242 7.5688188534695637 0.29692984558641988 20.232544578611851 0.57066142477560777
leaf_count=26 52 50 16 40 26
internal_value=0 -0.0415103 0.140285 -0.0539402 0.00240888
internal_weight=0 36.8988 10.9184 28.7594 8.13948
internal_count=210 142 68 66 76
shrinkage=0.1


Tree=52
num_leaves=6
num_cat=0
split_feature=0 0 0 0 0
split_gain=5.80495 0.349789 0.232527 0.00257862 0.000241217
threshold=1.0000000180025095e-35 0.15000000000000005 0.35000000000000003 0.45000000000000007 0.25000000000000006
decision_type=2 2 2 2 2
left_child=-1 -2 4 -4 -3
right_child=1 2 3 -5 -6
leaf_value=-0.053177545463272705 0.035362859849994842 0.0013223541490801375 0.023974761653341684 0.014083626520624346 0.0035295094158687736
leaf_weight=14.309110812842844 13.644824706017969 7.519267090363428 10.960940631106494 0.27006395184435028 0.53006121434736986
leaf_count=26 40 50 52 16 26
internal_value=0 0.231107 0.144398 0.237369 0.014677
internal_weight=0 32.9252 19.2803 11.231 8.04933
internal_count=210 184 144 68 76
shrinkage=0.1


Tree=53
num_leaves=6
num_cat=0
split_feature=0 0 0 0 0
split_gain=0.236702 0.044062 0.00231351 0.000162503 8.57446e-07
threshold=1.0000000180025095e-35 0.15000000000000005 0.45000000000000007 0.35000000000000003 0.25000000000000006
decision_type=2 2 2 2 2
left_child=-1 -2 3 4 -3
right_child=1 2 -4 -5 -6
leaf_value=0.02310575161057208 -0.0058687122923148059 0.00052892061917628652 -0.0081139563575247271 0.0010859067197760994 0.0004015110366393437
leaf_weight=4.0319654550403348 18.663063190877438 7.6372894893866068 0.29049865202978153 13.31260768789798 0.56745105457957823
leaf_count=26 40 50 16 52 26
internal_value=0 -0.0230194 0.00750487 0.00870163 0.00520109
internal_weight=0 40.4709 21.8078 21.5173 8.20474
internal_count=210 184 144 128 76
shrinkage=0.1


Tree=54
num_leaves=6
num_cat=0
split_feature=0 0 0 0 0
split_gain=0.366758 0.0242077 0.00316097 0.00060531 1.39985e-05
threshold=1.0000000180025095e-35 0.15000000000000005 0.35000000000000003 0.45000000000000007 0.25000000000000006
decision_type=2 2 2 2 2
left_child=-1 -2 4 -4 -3
right_child=1 2 3 -5 -6
leaf_value=0.026390879426682414 -0.00571329709995517 0.00071184909336693622 -0.0016425427071567217 -0.006418689284735545 0.0012341404039485368
leaf_weight=4.7180188111960879 18.658921711146832 7.5978424991481006 13.551649760454891 0.27065150206908661 0.55033446580637235
leaf_count=26 40 50 52 16 26
internal_value=0 -0.0306459 -0.00815125 -0.0173606 0.00747125
internal_weight=0 40.6294 21.9705 13.8223 8.14818
internal_count=210 184 144 68 76
shrinkage=0.1


Tree=55
num_leaves=6
num_cat=0
split_feature=0 0 0 0 0
split_gain=0.292921 0.0331326 0.00578474 0.00315768 0.000139917
threshold=0.35000000000000003 0.15000000000000005 1.0000000180025095e-35 0.45000000000000007 0.25000000000000006
decision_type=2 2 2 2 2
left_child=1 2 -1 -2 -3
right_child=3 4 -4 -5 -6
leaf_value=-0.009171009036709166 0.013372311275036139 0.000627027889847858 -0.005720211105287731 0.0024074255620244959 0.0022974984330442192
leaf_weight=6.5152230001986053 12.141654014587399 7.5685388005804253 19.096574552357197 0.26844594930298704 0.53698658407665778
leaf_count=26 52 50 40 16 26
internal_value=0 -0.0483455 -0.0659804 0.131351 0.00737696
internal_weight=0 33.7173 25.6118 12.4101 8.10553
internal_count=210 142 66 68 76
shrinkage=0.1


Tree=56
num_leaves=6
num_cat=0
split_feature=0 0 0 0 0
split_gain=0.26314 0.0634273 0.00104429 0.000137672 0.000142212
threshold=1.0000000180025095e-35 0.15000000000000005 0.45000000000000007 0.35000000000000003 0.25000000000000006
decision_type=2 2 2 2 2
left_child=-1 -2 3 4 -3
right_child=1 2 -4 -5 -6
leaf_value=0.021043483447546366 -0.0067566809814207781 0.0013291276736480504 -0.0056253968533114028 0.00091397151556770341 0.0031184899767341613
leaf_weight=5.2781123071908942 19.81905310600996 7.468250034609814 0.23311948007903893 13.954079076647758 0.47224730299785722
leaf_count=26 40 50 16 52 26
internal_value=0 -0.0264788 0.0103224 0.0110313 0.0143555
internal_weight=0 41.9467 22.1277 21.8946 7.9405
internal_count=210 184 144 128 76
shrinkage=0.1


Tree=57
num_leaves=6
num_cat=0
split_feature=0 0 0 0 0
split_gain=0.50994 0.0524614 0.00543528 0.00292403 6.50241e-05
threshold=0.25000000000000006 0.15000000000000005 0.35000000000000003 0.45000000000000007 1.0000000180025095e-35
decision_type=2 2 2 2 2
left_child=1 4 -2 -4 -1
right_child=2 -3 3 -5 -6
leaf_value=-0.0077264710261326953 0.0056807699329200628 0.0014698277142349708 0.017404772967814355 0.0053701352216874955 -0.008065353109413323
leaf_weight=7.6772671565413502 0.42228651442564746 7.3583935573697081 12.581604313105343 0.2051827758550652 21.571052007377148
leaf_count=26 26 50 52 16 40
internal_value=0 -0.0607759 0.16843 0.172117 -0.079764
internal_weight=0 36.6067 13.2091 12.7868 29.2483
internal_count=210 116 94 68 66
shrinkage=0.1


Tree=58
num_leaves=6
num_cat=0
split_feature=0 0 0 0 0
split_gain=7.92807 0.97159 0.0244642 0.0228578 0.0084601
threshold=0.15000000000000005 0.35000000000000003 0.45000000000000007 1.0000000180025095e-35 0.25000000000000006
decision_type=2 2 2 2 2
left_child=3 4 -3 -1 -2
right_child=1 2 -4 -5 -6
leaf_value=0.050021724768050814 0.0014638747078866352 -0.040205039559904628 -0.0028178278575263821 0.057673644813229119 -0.013744349321792229
leaf_weight=6.062132179737092 7.4525179122574654 23.399072788655761 0.17633771884720673 10.965087214484811 0.38465843128506078
leaf_count=26 50 52 16 40 26
internal_value=0 -0.297853 -0.399254 0.549494 0.00717436
internal_weight=0 31.4126 23.5754 17.0272 7.83718
internal_count=210 144 68 66 76
shrinkage=0.1


Tree=59
num_leaves=6
num_cat=0
split_feature=0 0 0 0 0
split_gain=0.181741 0.0142853 0.00583067 0.000957461 7.32221e-05
threshold=0.35000000000000003 0.15000000000000005 1.0000000180025095e-35 0.45000000000000007 0.25000000000000006
decision_type=2 2 2 2 2
left_child=1 2 -1 -2 -3
right_child=3 4 -4 -5 -6
leaf_value=-0.0022832653321819044 0.011300862970702779 -5.4886058302466031e-06 -0.005607152284524919 0.0057488142670673592 0.0011390274550271166
leaf_weight=7.2786082476377514 10.775019252672788 7.6190253852400911 19.195483915507793 0.31982898339629245 0.60324069194030006
leaf_count=26 52 50 40 16 26
internal_value=0 -0.035625 -0.0469331 0.111408 0.000784808
internal_weight=0 34.6964 26.4741 11.0948 8.22227
internal_count=210 142 66 68 76
shrinkage=0.1


Tree=60
num_leaves=6
num_cat=0
split_feature=0 0 0 0 0
split_gain=0.216881 0.018738 0.00429833 0.00106497 0.000162684
threshold=0.35000000000000003 0.15000000000000005 1.0000000180025095e-35 0.45000000000000007 0.25000000000000006
decision_type=2 2 2 2 2
left_child=1 2 -1 -2 -3
right_child=3 4 -4 -5 -6
leaf_value=-0.003077449584891331 0.012335863221486901 0.00024027325962323941 -0.0058822754917409771 0.0063521772962779489 0.0019720830644387117
leaf_weight=7.5795026049017933 10.825592532753941 7.5808509925845993 19.573018491268158 0.30584487481974143 0.58423510019201774
leaf_count=26 52 50 40 16 26
internal_value=0 -0.0383621 -0.0509932 0.121715 0.00364189
internal_weight=0 35.3176 27.1525 11.1314 8.16509
internal_count=210 142 66 68 76
shrinkage=0.1


Tree=61
num_leaves=6
num_cat=0
split_feature=0 0 0 0 0
split_gain=0.276295 0.0258134 0.0027108 0.00135367 0.000315397
threshold=0.35000000000000003 0.15000000000000005 1.0000000180025095e-35 0.45000000000000007 0.25000000000000006
decision_type=2 2 2 2 2
left_child=1 2 -1 -2 -3
right_child=3 4 -4 -5 -6
leaf_value=-0.0041379512845739997 0.013863122775171214 0.00053780400557919608 -0.0063255691051542903 0.0068929667210074173 0.0030078283382828017
leaf_weight=7.891934052109721 10.957958196289834 7.5302277915179712 20.068555049598217 0.28589849174022752 0.5550638127606361
leaf_count=26 52 50 40 16 26
internal_value=0 -0.0426908 -0.0570811 0.136859 0.00707374
internal_weight=0 36.0458 27.9605 11.2439 8.08529
internal_count=210 142 66 68 76
shrinkage=0.1


Tree=62
num_leaves=6
num_cat=0
split_feature=0 0 0 0 0
split_gain=0.389235 0.039081 0.00204894 0.00148495 0.000591131
threshold=0.35000000000000003 0.15000000000000005 0.45000000000000007 1.0000000180025095e-35 0.25000000000000006
decision_type=2 2 2 2 2
left_child=1 3 -2 -1 -3
right_child=2 4 -4 -5 -6
leaf_value=-0.0055839775773739581 0.016175968404631428 0.0009609775874990389 0.0070756194442061536 -0.0071774698145528008 0.0045044314286861236
leaf_weight=8.1342531144619006 11.347192194312807 7.4511849046684793 0.2529218830168255 20.807323835790157 0.50254618364851911
leaf_count=26 52 50 16 40 26
internal_value=0 -0.0502344 0.159775 -0.0672961 0.0118487
internal_weight=0 36.8953 11.6001 28.9416 7.95373
internal_count=210 142 68 66 76
shrinkage=0.1


Tree=63
num_leaves=6
num_cat=0
split_feature=0 0 0 0 0
split_gain=5.65997 0.307942 0.15797 0.00700517 0.00120203
threshold=1.0000000180025095e-35 0.35000000000000003 0.15000000000000005 0.45000000000000007 0.25000000000000006
decision_type=2 2 2 2 2
left_child=-1 2 -2 -3 -4
right_child=1 3 4 -5 -6
leaf_value=-0.052623642950051855 0.020347056191357089 0.033865998702236548 0.0023578361132672934 0.013833920134981626 0.0082242362962982769
leaf_weight=14.520214751362799 14.834324683994057 12.982999354600903 7.2625525256153187 0.17694814689457494 0.36692659510299552
leaf_count=26 40 52 50 16 26
internal_value=0 0.214494 0.143331 0.335966 0.0263997
internal_weight=0 35.6238 22.4638 13.1599 7.62948
internal_count=210 184 116 68 76
shrinkage=0.1


Tree=64
num_leaves=6
num_cat=0
split_feature=0 0 0 0 0
split_gain=9.9365 1.03573 0.0863225 0.0268947 0.00706269
threshold=0.15000000000000005 0.35000000000000003 1.0000000180025095e-35 0.45000000000000007 0.25000000000000006
decision_type=2 2 2 2 2
left_child=2 4 -1 -3 -2
right_child=1 3 -4 -5 -6
leaf_value=0.054286679695123588 0.0017818988023940671 -0.0410442174097655 0.073024737602323961 -0.0034716279853645692 -0.012566272942151216
leaf_weight=3.1409470364451382 7.408571387641131 24.482255807146434 11.315741550177336 0.19200735702179272 0.35972325003240246
leaf_count=26 50 52 40 16 26
internal_value=0 -0.307263 0.689536 -0.407518 0.0111748
internal_weight=0 32.4426 14.4567 24.6743 7.76829
internal_count=210 144 66 68 76
shrinkage=0.1


Tree=65
num_leaves=6
num_cat=0
split_feature=0 0 0 0 0
split_gain=0.212014 0.0223518 0.0110638 0.00287617 7.62964e-05
threshold=0.35000000000000003 1.0000000180025095e-35 0.15000000000000005 0.45000000000000007 0.25000000000000006
decision_type=2 2 2 2 2
left_child=1 -1 -3 -2 -4
right_child=3 2 4 -5 -6
leaf_value=-0.0097293669700661278 0.011577493218639004 -0.0044134094603384211 -6.2051349474846488e-05 0.0018640655696276543 0.0010895625078610803
leaf_weight=6.0738724339753416 11.690714482218024 17.455883700400591 7.6616444590035844 0.31300036143511606 0.62199858448002476
leaf_count=26 52 40 50 16 26
internal_value=0 -0.0427281 -0.029852 0.113242 0.000244205
internal_weight=0 31.8134 25.7395 12.0037 8.28364
internal_count=210 142 116 68 76
shrinkage=0.1


Tree=66
num_leaves=6
num_cat=0
split_feature=0 0 0 0 0
split_gain=0.933397 0.0400439 0.0128308 0.000888406 9.51334e-05
threshold=1.0000000180025095e-35 0.35000000000000003 0.15000000000000005 0.45000000000000007 0.25000000000000006
decision_type=2 2 2 2 2
left_child=-1 2 -2 -3 -4
right_child=1 3 4 -5 -6
leaf_value=0.040889778843848645 -0.0043192039214937587 -0.009537675685527958 0.00038102247812835338 -0.0038041761683059944 0.0016799454107742804
leaf_weight=4.9602829795330754 17.288085322827101 13.738534487783905 7.6252686225343513 0.27567680785432536 0.60887710447423149
leaf_count=26 40 52 50 16 26
internal_value=0 -0.0513007 -0.027718 -0.0942489 0.00477072
internal_weight=0 39.5364 25.5222 14.0142 8.23415
internal_count=210 184 116 68 76
shrinkage=0.1


Tree=67
num_leaves=6
num_cat=0
split_feature=0 0 0 0 0
split_gain=0.148514 0.0145742 0.00180846 0.000356912 5.30731e-05
threshold=0.35000000000000003 0.15000000000000005 0.45000000000000007 1.0000000180025095e-35 0.25000000000000006
decision_type=2 2 2 2 2
left_child=1 3 -2 -1 -3
right_child=2 4 -4 -5 -6
leaf_value=-0.0040568729210768099 0.0099108176666401482 6.8258346510161435e-05 0.0023919706596089996 -0.004948547634199614 0.0010329693609993447
leaf_weight=5.9685602486133602 11.288555886596438 7.645058967638759 0.32922417391091663 18.108540195971727 0.61623601417522877
leaf_count=26 52 50 16 40 26
internal_value=0 -0.0348398 0.0969775 -0.0472751 0.00140219
internal_weight=0 32.3384 11.6178 24.0771 8.26129
internal_count=210 142 68 66 76
shrinkage=0.1


Tree=68
num_leaves=6
num_cat=0
split_feature=0 0 0 0 0
split_gain=0.174208 0.0187752 0.00205094 0.000290693 0.000102834
threshold=0.35000000000000003 0.15000000000000005 0.45000000000000007 1.0000000180025095e-35 0.25000000000000006
decision_type=2 2 2 2 2
left_child=1 3 -2 -1 -3
right_child=2 4 -4 -5 -6
leaf_value=-0.0057868513900982176 0.010620398765701713 0.00024419260601606183 0.0024472914547666313 -0.004986110649351564 0.0016012473036000332
leaf_weight=6.0391367059201029 11.490161517634984 7.6238307268358749 0.31545765418559391 18.186718415468931 0.60252641851548094
leaf_count=26 52 50 16 40 26
internal_value=0 -0.0378409 0.10402 -0.0518572 0.00343588
internal_weight=0 32.4522 11.8056 24.2259 8.22636
internal_count=210 142 68 66 76
shrinkage=0.1


Tree=69
num_leaves=6
num_cat=0
split_feature=0 0 0 0 0
split_gain=0.236379 0.027712 0.0105151 0.00255463 0.00021082
threshold=0.35000000000000003 0.15000000000000005 1.0000000180025095e-35 0.45000000000000007 0.25000000000000006
decision_type=2 2 2 2 2
left_child=1 2 -1 -2 -3
right_child=3 4 -4 -5 -6
leaf_value=-0.0096728116558224067 0.012109459203651439 0.00045463324216779647 -0.0049147963619848301 0.0026211921129220598 0.0024282317505981013
leaf_weight=6.2400758545845774 11.893281297758218 7.5936602118890715 18.16788936406374 0.29069767892360765 0.58278437703847874
leaf_count=26 52 50 40 16 26
internal_value=0 -0.0444332 -0.0613122 0.118831 0.00595303
internal_weight=0 32.5844 24.408 12.184 8.17644
internal_count=210 142 66 68 76
shrinkage=0.1


Tree=70
num_leaves=6
num_cat=0
split_feature=0 0 0 0 0
split_gain=0.550447 0.00541421 0.0196424 0.000213699 4.59977e-05
threshold=1.0000000180025095e-35 0.15000000000000005 0.35000000000000003 0.25000000000000006 0.45000000000000007
decision_type=2 2 2 2 2
left_child=-1 -2 3 -3 -4
right_child=1 2 4 -5 -6
leaf_value=0.030922885905763548 -0.0051899667251822986 0.00091578158845847114 -0.0051590123921750799 0.0029486018230187763 -0.0038135207233166699
leaf_weight=5.1093358732759944 18.268053818494081 7.5456583015620708 13.712839141488073 0.55518467200454313 0.25887857470661479
leaf_count=26 40 50 52 26 16
internal_value=0 -0.0391653 -0.0286259 0.010551 -0.0513408
internal_weight=0 40.3406 22.0726 8.10084 13.9717
internal_count=210 184 144 76 68
shrinkage=0.1


Tree=71
num_leaves=6
num_cat=0
split_feature=0 0 0 0 0
split_gain=0.231501 0.0278976 0.00172212 0.000314563 0.000212986
threshold=0.35000000000000003 0.15000000000000005 0.45000000000000007 0.25000000000000006 1.0000000180025095e-35
decision_type=2 2 2 2 2
left_child=1 4 -2 -3 -1
right_child=2 3 -4 -5 -6
leaf_value=-0.0053223934238719392 0.012200916378502203 0.00074789198661542552 0.0043265742056232447 0.0032157604987295089 -0.0059806513337286767
leaf_weight=6.6034225076437023 11.597128398716446 7.5351369532290828 0.28455302049405951 0.55450060486327846 19.228552009910345
leaf_count=26 52 50 16 26 40
internal_value=0 -0.0420754 0.120123 0.00917051 -0.0581238
internal_weight=0 33.9216 11.8817 8.08964 25.832
internal_count=210 142 68 76 66
shrinkage=0.1


Tree=72
num_leaves=6
num_cat=0
split_feature=0 0 0 0 0
split_gain=0.325604 0.0378765 0.00507054 0.00411906 0.00237208
threshold=0.25000000000000006 0.15000000000000005 1.0000000180025095e-35 0.35000000000000003 0.45000000000000007
decision_type=2 2 2 2 2
left_child=1 2 -1 -2 -5
right_child=3 -3 -4 4 -6
leaf_value=-0.0093537925179095188 0.0045534008546343529 0.0010923043393307676 -0.0061657007864429625 0.013951577561704044 0.0040664867847839499
leaf_weight=6.6956934779882458 0.50588690710719397 7.4683711153920731 19.569194920361042 12.315427368506787 0.24763612216338596
leaf_count=26 26 50 40 52 16
internal_value=0 -0.0519162 -0.0697844 0.134005 0.137567
internal_weight=0 33.7333 26.2649 13.069 12.5631
internal_count=210 116 66 94 68
shrinkage=0.1


Tree=73
num_leaves=6
num_cat=0
split_feature=0 0 0 0 0
split_gain=0.168625 0.133771 0.00267185 0.00172292 8.731e-05
threshold=1.0000000180025095e-35 0.15000000000000005 0.25000000000000006 0.45000000000000007 0.35000000000000003
decision_type=2 2 2 2 2
left_child=-1 -2 -3 4 -4
right_child=1 2 3 -5 -6
leaf_value=0.016999985870161965 -0.0077891924498270128 0.0017762406354680463 0.0056787649620367413 -0.0049799949558562784 0.0041923093869570089
leaf_weight=5.207556787878274 20.932479202747345 7.327010029926897 0.40632536646444073 0.2058046096935876 14.364824071526527
leaf_count=26 40 50 26 16 52
internal_value=0 -0.0204754 0.0334106 0.041066 0.042332
internal_weight=0 43.2364 22.304 14.977 14.7711
internal_count=210 184 144 94 78
shrinkage=0.1


Tree=74
num_leaves=6
num_cat=0
split_feature=0 0 0 0 0
split_gain=5.69518 3.88886 0.00483385 0.00463183 0.00120532
threshold=1.0000000180025095e-35 0.15000000000000005 0.25000000000000006 0.45000000000000007 0.35000000000000003
decision_type=2 2 2 2 2
left_child=-1 -2 -3 4 -4
right_child=1 2 3 -5 -6
leaf_value=-0.052587473692061994 0.069444133304671668 0.0013678920820053601 -0.0080128197702043075 0.016000346008248907 -0.0017243199637651562
leaf_weight=14.709093756973742 11.435288365930317 7.2515171688282889 0.31016123050358763 0.14683323085773636 17.620284616947174
leaf_count=26 40 50 26 16 52
internal_value=0 0.210399 -0.00813288 -0.0168825 -0.018331
internal_weight=0 36.7641 25.3288 18.0773 17.9304
internal_count=210 184 144 94 78
shrinkage=0.1


Tree=75
num_leaves=6
num_cat=0
split_feature=0 0 0 0 0
split_gain=0.221231 0.0390442 0.00115794 8.1101e-06 5.28606e-05
threshold=1.0000000180025095e-35 0.15000000000000005 0.45000000000000007 0.25000000000000006 0.35000000000000003
decision_type=2 2 2 2 2
left_child=-1 -2 3 -3 -5
right_child=1 2 -4 4 -6
leaf_value=0.023109075587977496 -0.0055880784738501377 0.00069149985407523495 -0.0055393214617217024 0.0017442835829094225 0.00077855086775478353
leaf_weight=3.7839850522577754 18.309945113956928 7.6024652901105627 0.2944984813220789 0.59237727534491469 13.119324862025678
leaf_count=26 40 50 16 26 52
internal_value=0 -0.0219056 0.00688294 0.00774341 0.00820273
internal_weight=0 39.9186 21.6087 21.3142 13.7117
internal_count=210 184 144 128 78
shrinkage=0.1


Tree=76
num_leaves=6
num_cat=0
split_feature=0 0 0 0 0
split_gain=0.316883 0.0256284 0.0022127 0.000317247 0.000105977
threshold=1.0000000180025095e-35 0.15000000000000005 0.35000000000000003 0.45000000000000007 0.25000000000000006
decision_type=2 2 2 2 2
left_child=-1 -2 4 -4 -3
right_child=1 2 3 -5 -6
leaf_value=0.02613557765980408 -0.0054998679283595588 0.00078115298542108535 -0.0011323409974344203 -0.0045181722389710443 0.0021809389322501025
leaf_weight=4.1985496748238793 18.294736318290234 7.5812297477386892 13.27177206147462 0.28262992948293764 0.58241505245678116
leaf_count=26 40 50 52 16 26
internal_value=0 -0.0274241 -0.00419597 -0.0120294 0.00881017
internal_weight=0 40.0128 21.718 13.5544 8.16364
internal_count=210 184 144 68 76
shrinkage=0.1


Tree=77
num_leaves=6
num_cat=0
split_feature=0 0 0 0 0
split_gain=1.00888 0.0634441 0.0159142 0.00220312 0.000345448
threshold=1.0000000180025095e-35 0.35000000000000003 0.15000000000000005 0.45000000000000007 0.25000000000000006
decision_type=2 2 2 2 2
left_child=-1 2 -2 -3 -4
right_child=1 3 4 -5 -6
leaf_value=0.039504809205203294 -0.0043062994731699316 -0.011078604300188671 0.00087063775105592444 -0.0015274038695997935 0.0034237216251911378
leaf_weight=5.6630086340010157 17.544849991798401 14.108688424341377 7.54116572532803 0.24570884532295245 0.57003150938544411
leaf_count=26 40 52 50 16 26
internal_value=0 -0.0559144 -0.0261288 -0.109151 0.0105006
internal_weight=0 40.0104 25.656 14.3544 8.1112
internal_count=210 184 116 68 76
shrinkage=0.1


Tree=78
num_leaves=6
num_cat=0
split_feature=0 0 0 0 0
split_gain=0.191525 0.0218813 0.00352512 0.000921595 0.000279247
threshold=0.35000000000000003 0.15000000000000005 1.0000000180025095e-35 0.45000000000000007 0.25000000000000006
decision_type=2 2 2 2 2
left_child=1 2 -1 -2 -3
right_child=3 4 -4 -5 -6
leaf_value=-0.003223460732209991 0.011339383854929353 0.00060690119460014727 -0.0058708131960547921 0.0057382218656873369 0.0028797534643102856
leaf_weight=6.8224369212985065 11.145634845830497 7.5477027308661473 19.142391566187143 0.30170595715753806 0.58226499590091396
leaf_count=26 52 50 40 16 26
internal_value=0 -0.0375763 -0.051752 0.111918 0.00769682
internal_weight=0 34.0948 25.9648 11.4473 8.12997
internal_count=210 142 66 68 76
shrinkage=0.1


Tree=79
num_leaves=6
num_cat=0
split_feature=0 0 0 0 0
split_gain=0.23759 0.028619 0.00179902 0.00121525 0.000433078
threshold=0.35000000000000003 0.15000000000000005 1.0000000180025095e-35 0.45000000000000007 0.25000000000000006
decision_type=2 2 2 2 2
left_child=1 2 -1 -2 -3
right_child=3 4 -4 -5 -6
leaf_value=-0.0043776512260670407 0.01249274705232511 0.00084736697466840513 -0.0062520814815262855 0.0058486382180807268 0.0037471934192131497
leaf_weight=6.9416414424777058 11.391869554296132 7.5058302721008641 19.515072423964739 0.28210870013572353 0.55295981687959272
leaf_count=26 52 50 40 16 26
internal_value=0 -0.0417104 -0.0576027 0.123322 0.0104634
internal_weight=0 34.5155 26.4567 11.674 8.05879
internal_count=210 142 66 68 76
shrinkage=0.1


Tree=80
num_leaves=6
num_cat=0
split_feature=0 0 0 0 0
split_gain=0.323599 0.0365288 0.00385387 0.00177671 2.68188e-06
threshold=0.25000000000000006 0.15000000000000005 0.35000000000000003 0.45000000000000007 1.0000000180025095e-35
decision_type=2 2 2 2 2
left_child=1 4 -2 -4 -1
right_child=2 -3 3 -5 -6
leaf_value=-0.0066799480498160001 0.0050500561265443269 0.0011797044271398358 0.014162307820963449 0.0056284015095067405 -0.0067518291953814246
leaf_weight=7.0032857507467297 0.50221671024337133 7.4377095003146669 11.965510381385682 0.24903898010961789 20.052323788404465
leaf_count=26 26 50 52 16 40
internal_value=0 -0.0502698 0.136353 0.139883 -0.0673322
internal_weight=0 34.4933 12.7168 12.2145 27.0556
internal_count=210 116 94 68 66
shrinkage=0.1


Tree=81
num_leaves=6
num_cat=0
split_feature=0 0 0 0 0
split_gain=0.16657 0.113642 0.000898047 0.000630172 0.000555515
threshold=1.0000000180025095e-35 0.15000000000000005 0.25000000000000006 0.45000000000000007 0.35000000000000003
decision_type=2 2 2 2 2
left_child=-1 -2 -3 4 -4
right_child=1 2 3 -5 -6
leaf_value=0.01509640206922306 -0.0074848997939945348 0.0018519798799507563 0.0070047283347542642 -0.0025691195931117489 0.0031783392306128006
leaf_weight=6.3715667203068724 21.064832888543606 7.2750511176418522 0.38968807569471842 0.18657139712013385 14.396471846848726
leaf_count=26 40 50 26 16 52
internal_value=0 -0.0222078 0.0276344 0.0320631 0.0327918
internal_weight=0 43.3126 22.2478 14.9727 14.7862
internal_count=210 184 144 94 78
shrinkage=0.1


Tree=82
num_leaves=6
num_cat=0
split_feature=0 0 0 0 0
split_gain=3.22687 3.89895 0.0620059 0.00791951 1.38014e-09
threshold=1.0000000180025095e-35 0.15000000000000005 0.25000000000000006 0.45000000000000007 0.35000000000000003
decision_type=2 2 2 2 2
left_child=-1 -2 -3 4 -4
right_child=1 2 3 -5 -6
leaf_value=-0.041519031094547687 0.066125391916479176 0.0019201445380245073 -0.009249027102981958 0.01183976105510128 -0.0092423734290045158
leaf_weight=13.577594071626661 10.747195959091185 7.2858889806084361 0.31745756254532054 0.18000025860965152 17.324434366077185
leaf_count=26 40 50 26 16 52
internal_value=0 0.157225 -0.0585213 -0.0902956 -0.0924249
internal_weight=0 35.855 25.1078 17.8219 17.6419
internal_count=210 184 144 94 78
shrinkage=0.1


Tree=83
num_leaves=6
num_cat=0
split_feature=0 0 0 0 0
split_gain=0.395156 0.0145839 0.00646113 0.000118976 5.57945e-05
threshold=1.0000000180025095e-35 0.15000000000000005 0.35000000000000003 0.25000000000000006 0.45000000000000007
decision_type=2 2 2 2 2
left_child=-1 -2 3 -3 -4
right_child=1 2 4 -5 -6
leaf_value=0.028832715892603722 -0.0052116004728070655 0.00074764184389965985 -0.0026742688658981826 0.002215727759966086 -0.0040903680920845991
leaf_weight=4.2906069606542578 18.038975950330496 7.5828602071851492 13.283562385477124 0.59536304336506862 0.28418233152479005
leaf_count=26 40 50 52 26 16
internal_value=0 -0.0310946 -0.0136567 0.00854516 -0.0270393
internal_weight=0 39.7849 21.746 8.17822 13.5677
internal_count=210 184 144 76 68
shrinkage=0.1


Tree=84
num_leaves=6
num_cat=0
split_feature=0 0 0 0 0
split_gain=0.267744 0.0441243 0.0164312 0.0022473 0.000328292
threshold=0.35000000000000003 1.0000000180025095e-35 0.15000000000000005 0.45000000000000007 0.25000000000000006
decision_type=2 2 2 2 2
left_child=1 -1 -3 -2 -4
right_child=3 2 4 -5 -6
leaf_value=-0.012237645166440343 0.012737724563196925 -0.0046521746626216652 0.0005891045446863504 0.0036698840832767041 0.0030406827670382674
leaf_weight=6.3709806576371184 12.061248756013807 17.828792594373226 7.5695206741802412 0.27964491932652968 0.58870215574279416
leaf_count=26 52 40 50 16 26
internal_value=0 -0.0477963 -0.0295122 0.125322 0.00766012
internal_weight=0 32.358 25.987 12.3409 8.15822
internal_count=210 142 116 68 76
shrinkage=0.1


Tree=85
num_leaves=6
num_cat=0
split_feature=0 0 0 0 0
split_gain=0.403035 0.0172187 0.00767204 0.000213085 1.57933e-05
threshold=1.0000000180025095e-35 0.15000000000000005 0.35000000000000003 0.25000000000000006 0.45000000000000007
decision_type=2 2 2 2 2
left_child=-1 -2 3 -3 -4
right_child=1 2 4 -5 -6
leaf_value=0.02797975784455636 -0.0054705310197604232 0.00098367912874921409 -0.0027405201966233103 0.0029956188436302757 -0.0035154332685908909
leaf_weight=4.6177968122065058 18.364930957555771 7.5377086049411446 13.466751710511742 0.56593223637901235 0.26824607420712787
leaf_count=26 40 50 52 26 16
internal_value=0 -0.0321377 -0.0131597 0.0112419 -0.0275565
internal_weight=0 40.2036 21.8386 8.10364 13.735
internal_count=210 184 144 76 68
shrinkage=0.1


Tree=86
num_leaves=6
num_cat=0
split_feature=0 0 0 0 0
split_gain=0.250004 0.033106 0.00698099 0.001804 0.000408477
threshold=0.35000000000000003 0.15000000000000005 1.0000000180025095e-35 0.45000000000000007 0.25000000000000006
decision_type=2 2 2 2 2
left_child=1 2 -1 -2 -3
right_child=3 4 -4 -5 -6
leaf_value=-0.009176222030708666 0.012383640424367886 0.00085242236295698351 -0.0053402296436486016 0.0041806595589740135 0.0036550295683740286
leaf_weight=6.3623974733054665 11.982939404435452 7.5228001198265684 18.652869697660208 0.27423348859883923 0.55866769212298084
leaf_count=26 52 50 40 16 26
internal_value=0 -0.0451824 -0.0631588 0.122001 0.0104617
internal_weight=0 33.0967 25.0153 12.2572 8.08147
internal_count=210 142 66 68 76
shrinkage=0.1


Tree=87
num_leaves=6
num_cat=0
split_feature=0 0 0 0 0
split_gain=0.417865 0.0196698 0.0104701 0.000440588 7.31914e-06
threshold=1.0000000180025095e-35 0.15000000000000005 0.35000000000000003 0.25000000000000006 0.45000000000000007
decision_type=2 2 2 2 2
left_child=-1 -2 3 -3 -4
right_child=1 2 4 -5 -6
leaf_value=0.026372075484558073 -0.0057926828131247719 0.0013029259628392444 -0.003047280456726217 0.004324633943704327 -0.0024901248613606202
leaf_weight=5.3174561671912661 18.901103023439646 7.4600225838366905 13.814877122640608 0.51590383297298092 0.23987385118380267
leaf_count=26 40 50 52 26 16
internal_value=0 -0.03426 -0.0139552 0.0149838 -0.0303777
internal_weight=0 40.9318 22.0307 7.97593 14.0548
internal_count=210 184 144 76 68
shrinkage=0.1


Tree=88
num_leaves=6
num_cat=0
split_feature=0 0 0 0 0
split_gain=0.329161 0.0361538 0.0039349 0.00143517 0.000596345
threshold=0.25000000000000006 0.15000000000000005 0.35000000000000003 0.45000000000000007 1.0000000180025095e-35
decision_type=2 2 2 2 2
left_child=1 4 -2 -4 -1
right_child=2 -3 3 -5 -6
leaf_value=-0.0058827102923128313 0.0052597899563871621 0.0012042906833935815 0.014434680886755411 0.006767730685073383 -0.0069395042546480344
leaf_weight=7.2538973763585117 0.50441697321366241 7.423040988855063 11.764225680381058 0.24932551803067404 20.234916098415852
leaf_count=26 26 50 52 16 40
internal_value=0 -0.0498837 0.139123 0.142756 -0.0666063
internal_weight=0 34.9119 12.518 12.0136 27.4888
internal_count=210 116 94 68 66
shrinkage=0.1


Tree=89
num_leaves=6
num_cat=0
split_feature=0 0 0 0 0
split_gain=0.517568 0.0605601 0.0112189 0.00263507 0.00221866
threshold=0.25000000000000006 0.15000000000000005 1.0000000180025095e-35 0.35000000000000003 0.45000000000000007
decision_type=2 2 2 2 2
left_child=1 2 -1 -2 -5
right_child=3 -3 -4 4 -6
leaf_value=-0.01191074998240289 0.0080317878051082738 0.0017355624432501074 -0.0073404457253859901 0.016525799117319787 0.0053242628719015923
leaf_weight=7.180831432342532 0.38869310286827113 7.2654172985348842 21.311613090336323 13.632057309150694 0.17914539831690568
leaf_count=26 26 50 40 52 16
internal_value=0 -0.0641415 -0.0849228 0.16152 0.163805
internal_weight=0 35.7579 28.4924 14.1999 13.8112
internal_count=210 116 66 94 68
shrinkage=0.1


Tree=90
num_leaves=6
num_cat=0
split_feature=0 0 0 0 0
split_gain=7.77558 0.914496 0.0255773 0.00659583 0.0061347
threshold=0.15000000000000005 0.35000000000000003 0.45000000000000007 0.25000000000000006 1.0000000180025095e-35
decision_type=2 2 2 2 2
left_child=4 3 -3 -2 -1
right_child=1 2 -4 -5 -6
leaf_value=0.054733054814059934 0.001769385763019716 -0.038662324064127979 -0.0010752420047814471 -0.011566155886019634 0.058960908741248021
leaf_weight=5.0790111608803246 7.4064170956844491 23.548033811151985 0.1824437624309202 0.39044474496040482 10.583948832005262
leaf_count=26 50 52 16 26 40
internal_value=0 -0.28611 -0.383733 0.0110158 0.575899
internal_weight=0 31.5273 23.7305 7.79686 15.663
internal_count=210 144 68 76 66
shrinkage=0.1


Tree=91
num_leaves=6
num_cat=0
split_feature=0 0 0 0 0
split_gain=0.161479 0.0187884 0.00530567 0.00053978 0.00029195
threshold=0.35000000000000003 0.15000000000000005 1.0000000180025095e-35 0.45000000000000007 0.25000000000000006
decision_type=2 2 2 2 2
left_child=1 2 -1 -2 -3
right_child=3 4 -4 -5 -6
leaf_value=-0.0023774835611705663 0.010499617012712169 0.00057694685994236802 -0.0056239822476714793 0.0062893014883170202 0.002864534661197779
leaf_weight=6.8541916981339481 10.938738196156915 7.5460998860653472 18.955621846020222 0.31321940943598825 0.60243391944095481
leaf_count=26 52 50 40 16 26
internal_value=0 -0.0344017 -0.0476182 0.103824 0.00746072
internal_weight=0 33.9583 25.8098 11.252 8.14853
internal_count=210 142 66 68 76
shrinkage=0.1


Tree=92
num_leaves=6
num_cat=0
split_feature=0 0 0 0 0
split_gain=0.191371 0.0230117 0.00418734 0.000677574 0.000419438
threshold=0.35000000000000003 0.15000000000000005 1.0000000180025095e-35 0.45000000000000007 0.25000000000000006
decision_type=2 2 2 2 2
left_child=1 2 -1 -2 -3
right_child=3 4 -4 -5 -6
leaf_value=-0.003061545917796166 0.011391263823957699 0.00074525062272354128 -0.0059128277104651518 0.0065761867606446041 0.0035293891447234953
leaf_weight=7.0304276496171978 11.042551204562184 7.5165593172423524 19.262934718281031 0.30019207554869431 0.58308669843245287
leaf_count=26 52 50 40 16 26
internal_value=0 -0.0371479 -0.0515044 0.112638 0.00945678
internal_weight=0 34.393 26.2934 11.3427 8.09965
internal_count=210 142 66 68 76
shrinkage=0.1


Tree=93
num_leaves=6
num_cat=0
split_feature=0 0 0 0 0
split_gain=0.240787 0.0260901 0.0034945 0.00271575 0.000944155
threshold=0.25000000000000006 0.15000000000000005 0.35000000000000003 1.0000000180025095e-35 0.45000000000000007
decision_type=2 2 2 2 2
left_child=1 3 -2 -1 -4
right_child=2 -3 4 -5 -6
leaf_value=-0.0040630232717934114 0.0043844822744221442 0.00095452924724854853 0.012658947581170938 -0.0063327079864247283 0.0067932387725337107
leaf_weight=7.2018715888261822 0.5539178998442339 7.4756626011803737 11.245678017847238 19.67124043032527 0.28127499716356474
leaf_count=26 26 50 52 40 16
internal_value=0 -0.0427083 0.12143 -0.0572444 0.125158
internal_weight=0 34.3488 12.0809 26.8731 11.527
internal_count=210 116 94 66 68
shrinkage=0.1


Tree=94
num_leaves=6
num_cat=0
split_feature=0 0 0 0 0
split_gain=0.331186 0.036561 0.00363185 0.00148366 0.000742702
threshold=0.25000000000000006 0.15000000000000005 0.35000000000000003 0.45000000000000007 1.0000000180025095e-35
decision_type=2 2 2 2 2
left_child=1 4 -2 -4 -1
right_child=2 -3 3 -5 -6
leaf_value=-0.0057983149617254724 0.0056626149415683761 0.0012493802877089303 0.014496400022143538 0.0067087132788175201 -0.0069738064512822346
leaf_weight=7.3134201839566257 0.50329860649071356 7.4095398667268446 11.729929931461809 0.24984517670236608 20.278684236109257
leaf_count=26 26 50 52 16 40
internal_value=0 -0.0498742 0.139844 0.14334 -0.0666224
internal_weight=0 35.0016 12.4831 11.9798 27.5921
internal_count=210 116 94 68 66
shrinkage=0.1


Tree=95
num_leaves=6
num_cat=0
split_feature=0 0 0 0 0
split_gain=0.517629 0.0601846 0.00805322 0.00242697 0.00229088
threshold=0.25000000000000006 0.15000000000000005 1.0000000180025095e-35 0.35000000000000003 0.45000000000000007
decision_type=2 2 2 2 2
left_child=1 2 -1 -2 -5
right_child=3 -3 -4 4 -6
leaf_value=-0.011335972007789054 0.0083966576966331245 0.0017520139049967218 -0.0074725638048103796 0.016579062596579097 0.0052256004985601632
leaf_weight=7.2124739140272167 0.38661967660300162 7.2533776820637277 21.416732467710972 13.565477166324852 0.1800835160538562
leaf_count=26 26 50 40 52 16
internal_value=0 -0.0638444 -0.0844586 0.162105 0.164303
internal_weight=0 35.8826 28.6292 14.1322 13.7456
internal_count=210 116 66 94 68
shrinkage=0.1


Tree=96
num_leaves=6
num_cat=0
split_feature=0 0 0 0 0
split_gain=7.65236 0.90989 0.0250814 0.00686732 0.00610376
threshold=0.15000000000000005 0.35000000000000003 0.45000000000000007 1.0000000180025095e-35 0.25000000000000006
decision_type=2 2 2 2 2
left_child=3 4 -3 -1 -2
right_child=1 2 -4 -5 -6
leaf_value=0.053842671325390112 0.0017924771535872521 -0.038549890569889993 -0.0013270505402821404 0.058284053486243853 -0.011035245527899586
leaf_weight=5.1848926767706844 7.3936520650750053 23.487770868465308 0.18242877488955755 10.59605841897428 0.39052818657364691
leaf_count=26 50 52 16 40 26
internal_value=0 -0.285095 -0.38263 0.568248 0.0114892
internal_weight=0 31.4544 23.6702 15.781 7.78418
internal_count=210 144 68 66 76
shrinkage=0.1


Tree=97
num_leaves=6
num_cat=0
split_feature=0 0 0 0 0
split_gain=0.162407 0.019742 0.00530937 0.000551731 0.000383705
threshold=0.35000000000000003 0.15000000000000005 1.0000000180025095e-35 0.45000000000000007 0.25000000000000006
decision_type=2 2 2 2 2
left_child=1 2 -1 -2 -3
right_child=3 4 -4 -5 -6
leaf_value=-0.0024153837827418922 0.010546375678266415 0.00066776189822355045 -0.0056491248560557282 0.0062865837035807563 0.0032936700801858565
leaf_weight=6.9272155687212971 10.919629571959373 7.5293800858780724 19.012459743767977 0.31276250770315606 0.60087414842564602
leaf_count=26 52 50 40 16 26
internal_value=0 -0.0343789 -0.0478555 0.104278 0.00861832
internal_weight=0 34.0699 25.9397 11.2324 8.13025
internal_count=210 142 66 68 76
shrinkage=0.1


Tree=98
num_leaves=6
num_cat=0
split_feature=0 0 0 0 0
split_gain=0.194582 0.0211065 0.00418759 0.00303088 0.000695284
threshold=0.25000000000000006 0.15000000000000005 1.0000000180025095e-35 0.35000000000000003 0.45000000000000007
decision_type=2 2 2 2 2
left_child=1 2 -1 -2 -5
right_child=3 -3 -4 4 -6
leaf_value=-0.0031108065622174799 0.0039582176789462412 0.00082585376919711354 -0.0059477935307312105 0.011493465075305463 0.0066093635782579763
leaf_weight=7.1186105757951763 0.5809330320917041 7.4995715059339991 19.334210801869631 11.020939811132846 0.29938738420605737
leaf_count=26 26 50 40 52 16
internal_value=0 -0.0385678 -0.0518434 0.110028 0.113643
internal_weight=0 33.9524 26.4528 11.9013 11.3203
internal_count=210 116 66 94 68
shrinkage=0.1


Tree=99
num_leaves=6
num_cat=0
split_feature=0 0 0 0 0
split_gain=0.247768 0.0270689 0.00325982 0.00274159 0.000979414
threshold=0.25000000000000006 0.15000000000000005 0.35000000000000003 1.0000000180025095e-35 0.45000000000000007
decision_type=2 2 2 2 2
left_child=1 3 -2 -1 -4
right_child=2 -3 4 -5 -6
leaf_value=-0.0041235979693094189 0.0048258432217290238 0.0010252415616662223 0.012848092733929171 -0.0063906442403489352 0.0068588707496355485
leaf_weight=7.3062184453010586 0.55058279342483452 7.4578879799228153 11.224722253158687 19.764963436871767 0.27984681376256126
leaf_count=26 26 50 52 40 16
internal_value=0 -0.043092 0.123427 -0.0577879 0.127024
internal_weight=0 34.5291 12.0552 27.0712 11.5046
internal_count=210 116 94 66 68
shrinkage=0.1


end of trees

feature importances:
geographical=500

parameters:
[boosting: gbdt]
[objective: lambdarank]
[metric: ndcg]
[tree_learner: serial]
[device_type: cpu]
[data: ]
[valid: ]
[num_iterations: 100]
[learning_rate: 0.1]
[num_leaves: 16]
[num_threads: -1]
[max_depth: -1]
[min_data_in_leaf: 5]
[min_sum_hessian_in_leaf: 0.001]
[bagging_fraction: 1]
[pos_bagging_fraction: 1]
[neg_bagging_fraction: 1]
[bagging_freq: 0]
[bagging_seed: 3]
[feature_fraction: 1]
[feature_fraction_bynode: 1]
[feature_fraction_seed: 2]
[early_stopping_round: 0]
[first_metric_only: 0]
[max_delta_step: 0]
[lambda_l1: 0]
[lambda_l2: 0]
[min_gain_to_split: 0]
[drop_rate: 0.1]
[max_drop: 50]
[skip_drop: 0.5]
[xgboost_dart_mode: 0]
[uniform_drop: 0]
[drop_seed: 4]
[top_rate: 0.2]
[other_rate: 0.1]
[min_data_per_group: 100]
[max_cat_threshold: 32]
[cat_l2: 10]
[cat_smooth: 10]
[max_cat_to_onehot: 4]
[top_k: 20]
[monotone_constraints: ]
[feature_contri: ]
[forcedsplits_filename: ]
[forcedbins_filename: ]
[refit_decay_rate: 0.9]
[cegb_tradeoff: 1]
[cegb_penalty_split: 0]
[cegb_penalty_feature_lazy: ]
[cegb_penalty_feature_coupled: ]
[verbosity: -1]
[max_bin: 255]
[max_bin_by_feature: ]
[min_data_in_bin: 3]
[bin_construct_sample_cnt: 200000]
[histogram_pool_size: -1]
[data_random_seed: 1]
[output_model: LightGBM_model.txt]
[snapshot_freq: -1]
[input_model: ]
[output_result: LightGBM_predict_result.txt]
[initscore_filename: ]
[valid_data_initscores: ]
[pre_partition: 0]
[enable_bundle: 1]
[max_conflict_rate: 0]
[is_enable_sparse: 1]
[sparse_threshold: 0.8]
[use_missing: 1]
[zero_as_missing: 0]
[two_round: 0]
[save_binary: 0]
[header: 0]
[label_column: ]
[weight_column: ]
[group_column: ]
[ignore_column: ]
[categorical_feature: ]
[predict_raw_score: 0]
[predict_leaf_index: 0]
[predict_contrib: 0]
[num_iteration_predict: -1]
[pred_early_stop: 0]
[pred_early_stop_freq: 10]
[pred_early_stop_margin: 10]
[convert_model_language: ]
[convert_model: gbdt_prediction.cpp]
[num_class: 1]
[is_unbalance: 0]
[scale_pos_weight: 1]
[sigmoid: 1]
[boost_from_average: 1]
[reg_sqrt: 0]
[alpha: 0.9]
[fair_c: 1]
[poisson_max_delta_step: 0.7]
[tweedie_variance_power: 1.5]
[max_position: 20]
[lambdamart_norm: 1]
[label_gain: ]
[metric_freq: 1]
[is_provide_training_metric: 0]
[eval_at: 1]
[multi_error_top_k: 1]
[num_machines: 1]
[local_listen_port: 12400]
[time_out: 120]
[machine_list_filename: ]
[machines: ]
[gpu_platform_id: -1]
[gpu_device_id: -1]
[gpu_use_dp: 0]

end of parameters

pandas_categorical:null
