tree
version=v3
num_class=1
num_tree_per_iteration=1
label_index=0
max_feature_idx=0
objective=lambdarank
feature_names=geographical
feature_infos=[0:0.5]
tree_sizes=745 749 748 750 756 747 761 760 756 752 749 757 754 750 756 751 758 755 748 758 755 755 753 756 753 753 757 758 757 754 754 748 757 758 752 754 757 752 749 756 752 757 752 754 754 749 752 752 756 750 750 760 752 746 754 754 754 755 751 755 752 753 758 759 754 758 752 751 756 755 754 752 751 746 759 757 750 754 752 750 749 754 757 756 753 754 750 750 753 756 748 745 755 755 754 755 753 757 752 752

Tree=0
num_leaves=6
num_cat=0
split_feature=0 0 0 0 0
split_gain=0.506913 1.16713 0.306703 0.00256457 0.00431724
threshold=0.25000000000000006 0.35000000000000003 0.45000000000000007 1.0000000180025095e-35 0.15000000000000005
decision_type=2 2 2 2 2
left_child=3 -2 -3 -1 -5
right_child=1 2 -4 4 -6
leaf_value=0.01853379999069726 -0.10127196406767472 0.014908002076437221 -0.067043775971425953 0.010558874089184385 0.015441332241494049
leaf_weight=1.2640215177088956 1.4432903882116086 3.3978962246328597 0.52757360599935044 2.8325701262801886 5.0218243291601539
leaf_count=16 32 50 12 42 58
internal_value=0 -0.24378 0.0389388 0.143533 0.136805
internal_weight=0 5.36876 3.92547 9.11842 7.85439
internal_count=210 94 62 116 100
shrinkage=0.1


Tree=1
num_leaves=6
num_cat=0
split_feature=0 0 0 0 0
split_gain=0.946333 1.84247 0.977088 0.225388 0.00723323
threshold=0.35000000000000003 0.15000000000000005 1.0000000180025095e-35 0.45000000000000007 0.25000000000000006
decision_type=2 2 2 2 2
left_child=1 2 -1 -2 -3
right_child=3 4 -4 -5 -6
leaf_value=-0.0064490483350691952 0.024993335061100574 -0.026743948775971423 0.039354321760961861 -0.047951533334091703 -0.036440373280048503
leaf_weight=9.7058478146791458 13.330401420593258 21.421426586806778 8.953853003680706 0.43748760130256487 0.79798201797529955
leaf_count=16 50 58 42 12 32
internal_value=0 -0.0763698 0.155297 0.226754 -0.270922
internal_weight=0 40.8791 18.6597 13.7679 22.2194
internal_count=210 148 58 62 90
shrinkage=0.1


Tree=2
num_leaves=6
num_cat=0
split_feature=0 0 0 0 0
split_gain=1.5605 0.573077 0.148846 0.217248 0.0489276
threshold=1.0000000180025095e-35 0.35000000000000003 0.25000000000000006 0.15000000000000005 0.45000000000000007
decision_type=2 2 2 2 2
left_child=-1 2 3 -2 -3
right_child=1 4 -4 -5 -6
leaf_value=0.071966389049206478 -0.016409725185166424 0.013030005350348428 -0.049387816865915903 0.0018297413308023857 -0.023797393407290614
leaf_weight=2.8376177698373786 20.999332405626781 14.023328494280573 1.0300823273137201 9.4775405265390855 0.37027975637465793
leaf_count=16 42 50 32 58 12
internal_value=0 -0.0444903 -0.120013 -0.107377 0.120826
internal_weight=0 45.9006 31.507 30.4769 14.3936
internal_count=210 194 132 100 62
shrinkage=0.1


Tree=3
num_leaves=6
num_cat=0
split_feature=0 0 0 0 0
split_gain=0.724324 0.55857 0.444454 0.251593 0.00147755
threshold=0.25000000000000006 1.0000000180025095e-35 0.15000000000000005 0.35000000000000003 0.45000000000000007
decision_type=2 2 2 2 2
left_child=1 -1 -3 -2 -5
right_child=3 2 -4 4 -6
leaf_value=-0.010384179429255957 -0.06846237361119932 0.035190703830897334 0.0049935759686072397 -0.012718678421126917 -0.019438532442163727
leaf_weight=9.1858317106962222 0.85253971908241755 9.3913276977837086 10.133309121243656 17.364386271685365 0.33349034190177818
leaf_count=16 32 42 58 50 12
internal_value=0 0.0995113 0.195184 -0.154014 -0.128453
internal_weight=0 28.7105 19.5246 18.5504 17.6979
internal_count=210 116 100 94 62
shrinkage=0.1


Tree=4
num_leaves=6
num_cat=0
split_feature=0 0 0 0 0
split_gain=0.893915 0.0926629 0.0617097 0.0298339 0.023269
threshold=0.35000000000000003 1.0000000180025095e-35 0.25000000000000006 0.45000000000000007 0.15000000000000005
decision_type=2 2 2 2 2
left_child=1 -1 4 -2 -3
right_child=3 2 -4 -5 -6
leaf_value=-0.016118152982420305 0.024727875680772789 -0.0062525238213323028 -0.032393458771022912 -0.005886403286744963 1.294342596464485e-05
leaf_weight=9.861241936683653 11.465537220239636 15.583616815507416 0.78203799109905858 0.32740803714841682 9.5661589885130525
leaf_count=16 50 42 32 12 58
internal_value=0 -0.078672 -0.0472956 0.238779 -0.0386934
internal_weight=0 35.7931 25.9318 11.7929 25.1498
internal_count=210 148 132 62 100
shrinkage=0.1


Tree=5
num_leaves=6
num_cat=0
split_feature=0 0 0 0 0
split_gain=11.3686 2.02169 0.953098 0.0135714 5.37215e-06
threshold=0.15000000000000005 0.25000000000000006 1.0000000180025095e-35 0.45000000000000007 0.35000000000000003
decision_type=2 2 2 2 2
left_child=2 -2 -1 4 -3
right_child=1 3 -4 -5 -6
leaf_value=0.11087468267032319 0.0083097088884935121 -0.046285807257707541 0.055320322796756173 -0.020789237080931541 -0.046609706213097693
leaf_weight=4.1854404918849442 9.1653220672160369 0.52279508113861695 11.779549077153206 0.20530702359974284 24.960526809096336
leaf_count=16 58 32 42 12 50
internal_value=0 -0.320109 0.698847 -0.463968 -0.466031
internal_weight=0 34.854 15.965 25.6886 25.4833
internal_count=210 152 58 94 82
shrinkage=0.1


Tree=6
num_leaves=6
num_cat=0
split_feature=0 0 0 0 0
split_gain=0.552886 0.0493983 0.0250083 0.0128954 0.00913852
threshold=0.35000000000000003 0.25000000000000006 0.45000000000000007 1.0000000180025095e-35 0.15000000000000005
decision_type=2 2 2 2 2
left_child=1 3 -2 -1 -5
right_child=2 -3 -4 4 -6
leaf_value=-0.0092932017678558944 0.01938527410567125 -0.033212844199785832 -0.0077366495867814914 -0.0030676162759951161 -0.0070294380973179088
leaf_weight=8.9179593324661237 11.460136823356148 0.68381133419461448 0.35036594513803798 13.095715127885342 10.482614312320948
leaf_count=16 50 32 12 42 58
internal_value=0 -0.0661382 0.185807 -0.060541 -0.0482899
internal_weight=0 33.1801 11.8105 32.4963 23.5783
internal_count=210 148 62 116 100
shrinkage=0.1


Tree=7
num_leaves=6
num_cat=0
split_feature=0 0 0 0 0
split_gain=0.510011 0.0271115 0.0224593 0.0187857 0.00475041
threshold=0.35000000000000003 0.25000000000000006 1.0000000180025095e-35 0.45000000000000007 0.15000000000000005
decision_type=2 2 2 2 2
left_child=1 2 -1 -2 -4
right_child=3 -3 4 -5 -6
leaf_value=-0.010099807549947588 0.01888019847252078 -0.025471885784958771 -0.0054357807379476287 -0.0052207590720176611 -0.0025390802445403229
leaf_weight=9.0506120920181257 11.127055096440014 0.72149804932996531 13.600463651120663 0.33309487160295326 9.6985861016437411
leaf_count=16 50 32 42 12 58
internal_value=0 -0.0629981 -0.0587221 0.181797 -0.0422998
internal_weight=0 33.0712 32.3497 11.4601 23.299
internal_count=210 148 116 62 100
shrinkage=0.1


Tree=8
num_leaves=6
num_cat=0
split_feature=0 0 0 0 0
split_gain=0.54499 0.0385655 0.0291153 0.0178789 0.00472806
threshold=0.35000000000000003 0.15000000000000005 0.25000000000000006 0.45000000000000007 1.0000000180025095e-35
decision_type=2 2 2 2 2
left_child=1 4 -3 -2 -1
right_child=3 2 -4 -5 -6
leaf_value=-0.010518849825001302 0.01939745462503082 0.00012629346211264582 -0.021132706741628648 -0.0048474003559045419 -0.0075937986767245051
leaf_weight=9.1068699210882187 11.211062593385574 9.3851959221065009 0.6917010659817614 0.31264089606702405 14.054157059639692
leaf_count=16 50 58 32 12 42
internal_value=0 -0.0649711 -0.0133297 0.187397 -0.0874392
internal_weight=0 33.2379 10.0769 11.5237 23.161
internal_count=210 148 90 62 58
shrinkage=0.1


Tree=9
num_leaves=6
num_cat=0
split_feature=0 0 0 0 0
split_gain=0.684275 0.101087 0.024314 0.0217288 0.000208639
threshold=0.35000000000000003 0.15000000000000005 0.25000000000000006 0.45000000000000007 1.0000000180025095e-35
decision_type=2 2 2 2 2
left_child=1 4 -3 -2 -1
right_child=3 2 -4 -5 -6
leaf_value=-0.010415624976663276 0.021204556804902814 0.0025971993628770523 -0.01799602889869505 -0.0069182146694669574 -0.011024014643789243
leaf_weight=9.0830675363540649 11.681136304512616 9.1051334673538769 0.61186164384707886 0.28135536983609277 14.856453765183687
leaf_count=16 50 58 32 12 42
internal_value=0 -0.0730161 0.0130048 0.205431 -0.107932
internal_weight=0 33.6565 9.717 11.9625 23.9395
internal_count=210 148 90 62 58
shrinkage=0.1


Tree=10
num_leaves=6
num_cat=0
split_feature=0 0 0 0 0
split_gain=1.3504 0.844401 0.712957 0.0124047 0.00114596
threshold=0.25000000000000006 1.0000000180025095e-35 0.15000000000000005 0.35000000000000003 0.45000000000000007
decision_type=2 2 2 2 2
left_child=1 -1 -3 -2 -5
right_child=3 2 -4 4 -6
leaf_value=-0.011611475832327947 -0.037080558937465626 0.043046951620073465 0.0049026046814315393 -0.020485574892857378 -0.01320844276580101
leaf_weight=9.0703833848238009 0.45683955447748559 10.510514281690121 9.1797349816188216 18.17362039163709 0.21900349110364811
leaf_count=16 32 42 58 50 12
internal_value=0 0.136343 0.252638 -0.208032 -0.203989
internal_weight=0 28.7606 19.6902 18.8495 18.3926
internal_count=210 116 100 94 62
shrinkage=0.1


Tree=11
num_leaves=6
num_cat=0
split_feature=0 0 0 0 0
split_gain=0.833701 0.761819 0.154242 0.00744634 0.00697452
threshold=1.0000000180025095e-35 0.35000000000000003 0.15000000000000005 0.25000000000000006 0.45000000000000007
decision_type=2 2 2 2 2
left_child=-1 2 -2 -4 -3
right_child=1 4 3 -5 -6
leaf_value=0.039702683158679454 -0.018440403829059367 0.017524328510983702 -0.0023138548054711093 -0.013510639472974737 0.0013616082232554014
leaf_weight=4.7365193739533415 19.284723095595837 11.241663433611389 9.1748002823442221 0.63507216563448388 0.27347900625318367
leaf_count=16 42 50 58 32 12
internal_value=0 -0.0463072 -0.132474 -0.0303871 0.171405
internal_weight=0 40.6097 29.0946 9.80987 11.5151
internal_count=210 194 132 90 62
shrinkage=0.1


Tree=12
num_leaves=6
num_cat=0
split_feature=0 0 0 0 0
split_gain=0.706976 0.127436 0.0186206 0.0124835 0.00235756
threshold=0.35000000000000003 0.15000000000000005 0.45000000000000007 0.25000000000000006 1.0000000180025095e-35
decision_type=2 2 2 2 2
left_child=1 4 -2 -3 -1
right_child=2 3 -4 -5 -6
leaf_value=-0.010064756523759356 0.021293020190356789 0.0032343903128903271 -0.0059342133118055881 -0.012361308269131524 -0.012110037530537731
leaf_weight=9.0075440108776093 11.849446766078469 8.9449038906022871 0.25662078335881311 0.5444872500374921 15.056081525981426
leaf_count=16 50 58 12 32 42
internal_value=0 -0.0747437 0.207159 0.0233953 -0.113444
internal_weight=0 33.553 12.1061 9.48939 24.0636
internal_count=210 148 62 90 58
shrinkage=0.1


Tree=13
num_leaves=6
num_cat=0
split_feature=0 0 0 0 0
split_gain=0.860027 0.72499 0.552054 0.0109961 0.00054628
threshold=0.25000000000000006 1.0000000180025095e-35 0.15000000000000005 0.35000000000000003 0.45000000000000007
decision_type=2 2 2 2 2
left_child=1 -1 -3 -2 -5
right_child=3 2 -4 4 -6
leaf_value=-0.012186239878241861 -0.032355269795779983 0.038265514093013882 0.0043417207910680733 -0.01653451505341615 -0.011428373477856281
leaf_weight=9.1976623088121432 0.44685656996444117 9.9762139692902565 9.2401236882433295 17.714261248707775 0.21202987525612016
leaf_count=16 32 42 58 50 12
internal_value=0 0.109023 0.219534 -0.168604 -0.164741
internal_weight=0 28.414 19.2163 18.3731 17.9263
internal_count=210 116 100 94 62
shrinkage=0.1


Tree=14
num_leaves=6
num_cat=0
split_feature=0 0 0 0 0
split_gain=1.14445 1.00047 0.18847 0.00410534 0.00258648
threshold=1.0000000180025095e-35 0.15000000000000005 0.35000000000000003 0.45000000000000007 0.25000000000000006
decision_type=2 2 2 2 2
left_child=-1 -2 4 -4 -3
right_child=1 2 3 -5 -6
leaf_value=0.043941031537434186 -0.021635769025330112 -0.00038940061913666845 0.018517415886423888 0.0053747725931430363 -0.0073278487085545064
leaf_weight=5.2536425516009322 20.00019907951355 8.9116494506597501 11.244761938229201 0.24280693428590969 0.57172828284092325
leaf_count=16 42 58 50 12 32
internal_value=0 -0.0563446 0.0962614 0.182396 -0.00807702
internal_weight=0 40.9711 20.9709 11.4876 9.48338
internal_count=210 194 152 62 90
shrinkage=0.1


Tree=15
num_leaves=6
num_cat=0
split_feature=0 0 0 0 0
split_gain=0.871976 0.139431 0.0436886 0.024623 0.00892769
threshold=0.15000000000000005 0.35000000000000003 1.0000000180025095e-35 0.45000000000000007 0.25000000000000006
decision_type=2 2 2 2 2
left_child=2 4 -1 -3 -2
right_child=1 3 -4 -5 -6
leaf_value=-0.0067672916733125966 0.0053319840054363464 0.021337979128933732 -0.015611048149093854 -0.01366066925853163 -0.010208278770205281
leaf_weight=8.3202367424964923 8.4645737474784237 13.274630989879368 16.997377671301365 0.20411075698211867 0.38655931665562165
leaf_count=16 58 50 42 12 32
internal_value=0 0.144046 -0.127047 0.20808 0.0465329
internal_weight=0 22.3299 25.3176 13.4787 8.85113
internal_count=210 152 58 62 90
shrinkage=0.1


Tree=16
num_leaves=6
num_cat=0
split_feature=0 0 0 0 0
split_gain=0.261089 0.464511 0.267111 0.0212529 5.21505e-05
threshold=0.25000000000000006 1.0000000180025095e-35 0.15000000000000005 0.35000000000000003 0.45000000000000007
decision_type=2 2 2 2 2
left_child=1 -1 -3 -2 -5
right_child=3 2 -4 4 -6
leaf_value=-0.012174054917193568 -0.030446012645359344 0.027553306665140689 0.0034966516391889014 -0.0089374125622342943 -0.010510055265975203
leaf_weight=9.3141862899065035 0.47296113241464161 8.9989817403256893 9.4754153927788138 16.900711994618181 0.21352600958198209
leaf_count=16 32 42 58 50 12
internal_value=0 0.0603458 0.152148 -0.0953492 -0.0895703
internal_weight=0 27.7886 18.4744 17.5872 17.1142
internal_count=210 116 100 94 62
shrinkage=0.1


Tree=17
num_leaves=6
num_cat=0
split_feature=0 0 0 0 0
split_gain=0.982589 0.160271 0.0186164 0.0158119 0.00424702
threshold=0.15000000000000005 0.35000000000000003 0.45000000000000007 1.0000000180025095e-35 0.25000000000000006
decision_type=2 2 2 2 2
left_child=3 4 -3 -1 -2
right_child=1 2 -4 -5 -6
leaf_value=-0.0098273084640454686 0.0051619819959666108 0.022435342105479636 -0.0099833763317698082 -0.015043860436211044 -0.005947967516682074
leaf_weight=8.7936920523643511 8.3991921721026284 13.579672940075396 0.17947617592290122 17.128381811082363 0.35877790953964078
leaf_count=16 58 50 12 42 32
internal_value=0 0.152815 0.220125 -0.132742 0.0470685
internal_weight=0 22.5171 13.7591 25.9221 8.75797
internal_count=210 152 62 58 90
shrinkage=0.1


Tree=18
num_leaves=6
num_cat=0
split_feature=0 0 0 0 0
split_gain=7.73686 1.80441 1.23261 0.0126457 0.00936892
threshold=0.15000000000000005 1.0000000180025095e-35 0.25000000000000006 0.45000000000000007 0.35000000000000003
decision_type=2 2 2 2 2
left_child=1 -1 -2 4 -4
right_child=2 -3 3 -5 -6
leaf_value=0.11031312031526919 0.0049926590598881656 0.03542325477029782 -0.023644624673501896 -0.0096723137658119521 -0.038401021370710872
leaf_weight=5.0648032575845692 9.2408435773104411 8.8198816329240799 0.43825539806858321 0.15715384343638916 23.577423468232155
leaf_count=16 58 42 32 12 50
internal_value=0 0.627413 -0.260715 -0.379467 -0.381317
internal_weight=0 13.8847 33.4137 24.1728 24.0157
internal_count=210 58 152 94 82
shrinkage=0.1


Tree=19
num_leaves=6
num_cat=0
split_feature=0 0 0 0 0
split_gain=0.52096 0.0972326 0.00965198 0.00692205 0.00263683
threshold=0.35000000000000003 0.15000000000000005 1.0000000180025095e-35 0.45000000000000007 0.25000000000000006
decision_type=2 2 2 2 2
left_child=1 2 -1 -2 -3
right_child=3 4 -4 -5 -6
leaf_value=-0.0074308937118854022 0.018526893221104911 0.0023372968731336834 -0.011661978536828798 0.0014934525626509804 -0.0049295933538169787
leaf_weight=8.7092078924179077 11.377421764656898 9.0813550306484068 14.153345756232738 0.24368780851364211 0.5283790905959912
leaf_count=16 50 58 42 12 32
internal_value=0 -0.0650253 -0.100502 0.181697 0.0193774
internal_weight=0 32.4723 22.8626 11.6211 9.60973
internal_count=210 148 58 62 90
shrinkage=0.1


Tree=20
num_leaves=6
num_cat=0
split_feature=0 0 0 0 0
split_gain=0.781386 0.133001 0.0525307 0.0143083 0.00371168
threshold=0.15000000000000005 0.35000000000000003 1.0000000180025095e-35 0.45000000000000007 0.25000000000000006
decision_type=2 2 2 2 2
left_child=2 4 -1 -3 -2
right_child=1 3 -4 -5 -6
leaf_value=-0.0058468584803160091 0.0049680740007018789 0.020823903259846004 -0.015655858786092932 -0.0056785774203297291 -0.0048027759706581481
leaf_weight=8.2773581892251986 8.6637877160683257 12.465395446866749 16.038279112428427 0.20709628844633776 0.4070480093359955
leaf_count=16 58 50 42 12 32
internal_value=0 0.137739 -0.123167 0.203908 0.0452961
internal_weight=0 21.7433 24.3156 12.6725 9.07084
internal_count=210 152 58 62 90
shrinkage=0.1


Tree=21
num_leaves=6
num_cat=0
split_feature=0 0 0 0 0
split_gain=0.534635 0.384944 0.314089 0.00589432 0.000531712
threshold=0.25000000000000006 1.0000000180025095e-35 0.15000000000000005 0.35000000000000003 0.45000000000000007
decision_type=2 2 2 2 2
left_child=1 -1 -3 -2 -5
right_child=3 2 -4 4 -6
leaf_value=-0.0084685674951094775 -0.025189466785384501 0.030405947315610578 0.0042868726521869587 -0.013381334077623101 -0.0082553965494617607
leaf_weight=8.7680905312299746 0.42886337754316878 8.9602065738290548 9.4699421096593142 16.911105066537861 0.20481328386813305
leaf_count=16 32 42 58 50 12
internal_value=0 0.087795 0.169852 -0.136101 -0.1332
internal_weight=0 27.1982 18.4301 17.5448 17.1159
internal_count=210 116 100 94 62
shrinkage=0.1


Tree=22
num_leaves=6
num_cat=0
split_feature=0 0 0 0 0
split_gain=0.712786 0.144263 0.0264685 0.0100155 0.00169179
threshold=0.15000000000000005 0.35000000000000003 1.0000000180025095e-35 0.45000000000000007 0.25000000000000006
decision_type=2 2 2 2 2
left_child=2 4 -1 -3 -2
right_child=1 3 -4 -5 -6
leaf_value=-0.0074419671513146135 0.0040897591004242497 0.02070937066997627 -0.014376119197972291 -0.0012288454019223315 -0.0022840107664486267
leaf_weight=8.5952049195766449 8.8212456787005049 12.035678606480358 15.310408759862185 0.21176134748384437 0.43707527709193605
leaf_count=16 58 50 42 12 32
internal_value=0 0.13209 -0.11883 0.203301 0.0378886
internal_weight=0 21.5058 23.9056 12.2474 9.25832
internal_count=210 152 58 62 90
shrinkage=0.1


Tree=23
num_leaves=6
num_cat=0
split_feature=0 0 0 0 0
split_gain=0.725338 0.494302 0.423108 0.00165377 0.00150275
threshold=0.25000000000000006 1.0000000180025095e-35 0.15000000000000005 0.45000000000000007 0.35000000000000003
decision_type=2 2 2 2 2
left_child=1 -1 -3 4 -2
right_child=3 2 -4 -5 -6
leaf_value=-0.0093210528823741996 -0.021881185143984669 0.034456294316942401 0.0043680026597279547 -0.0064845815855086673 -0.015666277456200705
leaf_weight=8.8282263129949587 0.39803784689866617 9.3335016071796417 9.3611427997238934 0.19238773593678968 17.249911461025476
leaf_count=16 32 42 58 12 50
internal_value=0 0.101806 0.193899 -0.157059 -0.158065
internal_weight=0 27.5229 18.6946 17.8403 17.6479
internal_count=210 116 100 94 82
shrinkage=0.1


Tree=24
num_leaves=6
num_cat=0
split_feature=0 0 0 0 0
split_gain=0.62619 0.119671 0.00552965 0.00033824 0.00032118
threshold=0.35000000000000003 0.15000000000000005 0.45000000000000007 1.0000000180025095e-35 0.25000000000000006
decision_type=2 2 2 2 2
left_child=1 3 -2 -1 -3
right_child=2 4 -4 -5 -6
leaf_value=-0.010377054841493616 0.020057930906823805 0.0025920213309486373 0.0039369604808068594 -0.011155630110558444 -6.607578604057873e-05
leaf_weight=9.0258899182081223 11.598129093647 8.9674287680536473 0.21674866322428063 14.614838566631079 0.47885020822286689
leaf_count=16 50 58 12 42 32
internal_value=0 -0.0705678 0.197622 -0.108584 0.0245728
internal_weight=0 33.087 11.8149 23.6407 9.44628
internal_count=210 148 62 58 90
shrinkage=0.1


Tree=25
num_leaves=6
num_cat=0
split_feature=0 0 0 0 0
split_gain=2.42304 0.958082 0.959648 0.00906678 0.00463359
threshold=0.25000000000000006 1.0000000180025095e-35 0.15000000000000005 0.45000000000000007 0.35000000000000003
decision_type=2 2 2 2 2
left_child=1 -1 -3 4 -2
right_child=3 2 -4 -5 -6
leaf_value=-0.0095542080806837459 -0.015348629772614964 0.049470407332615783 0.0054589020553200722 -0.0036342424571327928 -0.027713008369132569
leaf_weight=8.5826464891433734 0.30802500457503512 11.39755879342556 8.7636290923692286 0.16031127329915662 18.921472605317831
leaf_count=16 32 42 58 12 50
internal_value=0 0.184276 0.303396 -0.273175 -0.27515
internal_weight=0 28.7438 20.1612 19.3898 19.2295
internal_count=210 116 100 94 82
shrinkage=0.1


Tree=26
num_leaves=6
num_cat=0
split_feature=0 0 0 0 0
split_gain=1.08449 0.746826 0.179064 0.000605581 0.000542921
threshold=1.0000000180025095e-35 0.15000000000000005 0.35000000000000003 0.25000000000000006 0.45000000000000007
decision_type=2 2 2 2 2
left_child=-1 -2 3 -3 -4
right_child=1 2 4 -5 -6
leaf_value=0.044037889688970905 -0.019710874583103503 -0.0025541601101819198 0.016378631157537946 0.00090656089871323734 0.011410932190465357
leaf_weight=4.9725520163774481 19.176526330411434 9.0437041367404145 10.932360304519532 0.53558215685188848 0.2245198320597418
leaf_count=16 42 58 50 32 12
internal_value=0 -0.0548649 0.0766803 -0.0236067 0.162787
internal_weight=0 39.9127 20.7362 9.57929 11.1569
internal_count=210 194 152 90 62
shrinkage=0.1


Tree=27
num_leaves=6
num_cat=0
split_feature=0 0 0 0 0
split_gain=0.549892 0.100765 0.00434418 6.85487e-05 7.01064e-06
threshold=0.35000000000000003 0.15000000000000005 0.45000000000000007 0.25000000000000006 1.0000000180025095e-35
decision_type=2 2 2 2 2
left_child=1 4 -2 -3 -1
right_child=2 3 -4 -5 -6
leaf_value=-0.010235744692398083 0.018959692774836383 0.0021300484698723965 0.0049035214821438432 0.00092339701950738264 -0.010123111450410708
leaf_weight=9.0190595984458923 11.397427110001441 8.9744327981024945 0.22419908270239908 0.49686466832645321 14.26923168823123
leaf_count=16 50 58 12 32 42
internal_value=0 -0.0662985 0.186885 0.0206675 -0.101667
internal_weight=0 32.7596 11.6216 9.4713 23.2883
internal_count=210 148 62 90 58
shrinkage=0.1


Tree=28
num_leaves=6
num_cat=0
split_feature=0 0 0 0 0
split_gain=0.808838 0.153077 0.0163537 0.00993202 0.000349303
threshold=0.15000000000000005 0.35000000000000003 1.0000000180025095e-35 0.45000000000000007 0.25000000000000006
decision_type=2 2 2 2 2
left_child=2 4 -1 -3 -2
right_child=1 3 -4 -5 -6
leaf_value=-0.0089758298926697726 0.0043072838525690859 0.021592010508883493 -0.014367470142617467 -0.0011958800505963638 0.0012716254313126672
leaf_weight=8.7551294416189194 8.6361558744683844 12.376662544906138 15.738518837839365 0.19426424894481972 0.39645047369413161
leaf_count=16 58 50 42 12 32
internal_value=0 0.141045 -0.124403 0.212399 0.0417405
internal_weight=0 21.6035 24.4936 12.5709 9.03261
internal_count=210 152 58 62 90
shrinkage=0.1


Tree=29
num_leaves=6
num_cat=0
split_feature=0 0 0 0 0
split_gain=0.39189 0.557544 0.350317 0.00157416 0.00106963
threshold=0.25000000000000006 1.0000000180025095e-35 0.15000000000000005 0.35000000000000003 0.45000000000000007
decision_type=2 2 2 2 2
left_child=1 -1 -3 -2 -5
right_child=3 2 -4 4 -6
leaf_value=-0.012611319537428587 -0.017899348165044307 0.031055457216501769 0.0036169287643058852 -0.011565896482424252 -0.0038249851527814497
leaf_weight=9.2982872575521487 0.39127738215029495 9.3324973825365305 9.2799470373429358 17.156704377382997 0.18038110993802448
leaf_count=16 32 42 58 50 12
internal_value=0 0.073852 0.173749 -0.116269 -0.114854
internal_weight=0 27.9107 18.6124 17.7284 17.3371
internal_count=210 116 100 94 62
shrinkage=0.1


Tree=30
num_leaves=6
num_cat=0
split_feature=0 0 0 0 0
split_gain=0.885669 0.163573 0.012217 0.00566236 6.32224e-05
threshold=0.35000000000000003 0.15000000000000005 1.0000000180025095e-35 0.45000000000000007 0.25000000000000006
decision_type=2 2 2 2 2
left_child=1 2 -1 -2 -3
right_child=3 4 -4 -5 -6
leaf_value=-0.015185824474670279 0.023287256761074532 0.0032358192675400639 -0.010657151264867741 0.005608523297700882 0.0044967627961430496
leaf_weight=9.6060944497585297 12.117186810821291 8.6248804377391899 15.680936962366104 0.18392382888123471 0.41684802458621639
leaf_count=16 50 58 42 12 32
internal_value=0 -0.0824986 -0.123775 0.230229 0.0329395
internal_weight=0 34.3288 25.287 12.3011 9.04173
internal_count=210 148 58 62 90
shrinkage=0.1


Tree=31
num_leaves=6
num_cat=0
split_feature=0 0 0 0 0
split_gain=8.08545 1.29624 0.843982 0.0155291 0.0103765
threshold=0.15000000000000005 0.35000000000000003 1.0000000180025095e-35 0.45000000000000007 0.25000000000000006
decision_type=2 2 2 2 2
left_child=2 4 -1 -3 -2
right_child=1 3 -4 -5 -6
leaf_value=0.098426248747247577 0.0052156699670853528 -0.039640049605141454 0.046172654247970978 -0.0056039398754759171 -0.012226674856832098
leaf_weight=4.4507057890295956 8.9296996030025149 23.882891535758976 10.117881406098604 0.13480691565200589 0.35461276245769191
leaf_count=16 58 50 42 12 32
internal_value=0 -0.271826 0.621361 -0.39449 0.0454946
internal_weight=0 33.302 14.5686 24.0177 9.28431
internal_count=210 152 58 62 90
shrinkage=0.1


Tree=32
num_leaves=6
num_cat=0
split_feature=0 0 0 0 0
split_gain=0.426506 0.061681 0.00265412 0.0017644 0.000113155
threshold=0.35000000000000003 0.15000000000000005 1.0000000180025095e-35 0.45000000000000007 0.25000000000000006
decision_type=2 2 2 2 2
left_child=1 2 -1 -2 -3
right_child=3 4 -4 -5 -6
leaf_value=-0.010038519147132659 0.016877602881236294 0.00078478487375548188 -0.0078272365186533837 0.0080190296763266306 0.0022943896868727206
leaf_weight=9.0054291188716888 11.091705276630815 9.0466360328718984 13.663259528577328 0.22949020331725559 0.52536629827227521
leaf_count=16 50 58 42 12 32
internal_value=0 -0.0586345 -0.087057 0.16698 0.00867641
internal_weight=0 32.2407 22.6687 11.3212 9.572
internal_count=210 148 58 62 90
shrinkage=0.1


Tree=33
num_leaves=6
num_cat=0
split_feature=0 0 0 0 0
split_gain=0.509359 0.0982335 0.0030482 2.92206e-05 8.51468e-07
threshold=0.35000000000000003 0.15000000000000005 0.45000000000000007 0.25000000000000006 1.0000000180025095e-35
decision_type=2 2 2 2 2
left_child=1 4 -2 -3 -1
right_child=2 3 -4 -5 -6
leaf_value=-0.0099405481410824326 0.018272087612549656 0.002164677577607375 0.0064175633471625238 0.0029534745324423435 -0.0099011669037997463
leaf_weight=8.9864551723003387 11.32217317447066 8.9106992091983521 0.22114432789385399 0.49576275609433729 14.111636232584715
leaf_count=16 50 58 12 32 42
internal_value=0 -0.064083 0.18045 0.0220625 -0.0991649
internal_weight=0 32.5046 11.5433 9.40646 23.0981
internal_count=210 148 62 90 58
shrinkage=0.1


Tree=34
num_leaves=6
num_cat=0
split_feature=0 0 0 0 0
split_gain=0.726784 0.143428 0.0114833 0.00712897 1.28284e-05
threshold=0.15000000000000005 0.35000000000000003 1.0000000180025095e-35 0.45000000000000007 0.25000000000000006
decision_type=2 2 2 2 2
left_child=2 4 -1 -3 -2
right_child=1 3 -4 -5 -6
leaf_value=-0.0090407732681179256 0.0039438976478361077 0.02082134497246358 -0.013577604947800834 0.0017458718114771558 0.0033753679920229284
leaf_weight=8.7994913458824158 8.65460730018094 12.038139447569845 15.24426057934761 0.19915997888892967 0.41596230608411205
leaf_count=16 58 50 42 12 32
internal_value=0 0.134474 -0.119172 0.205109 0.0391783
internal_weight=0 21.3079 24.0438 12.2373 9.07057
internal_count=210 152 58 62 90
shrinkage=0.1


Tree=35
num_leaves=6
num_cat=0
split_feature=0 0 0 0 0
split_gain=0.678888 0.591031 0.446442 0.00247127 3.73226e-06
threshold=0.25000000000000006 1.0000000180025095e-35 0.15000000000000005 0.45000000000000007 0.35000000000000003
decision_type=2 2 2 2 2
left_child=1 -1 -3 4 -2
right_child=3 2 -4 -5 -6
leaf_value=-0.011196723993087099 -0.014986631685447442 0.034990755112322414 0.0040875654702486209 -0.0034177869637295696 -0.015308494071934612
leaf_weight=9.0440905988216418 0.36790982796811178 9.5971602573990822 9.1142950151115656 0.17672646604478259 17.355403788387775
leaf_count=16 32 42 58 12 50
internal_value=0 0.0979274 0.199379 -0.151845 -0.153018
internal_weight=0 27.7555 18.7115 17.9 17.7233
internal_count=210 116 100 94 82
shrinkage=0.1


Tree=36
num_leaves=6
num_cat=0
split_feature=0 0 0 0 0
split_gain=0.686172 0.120646 0.0229664 0.00306948 0.000429098
threshold=0.35000000000000003 0.15000000000000005 1.0000000180025095e-35 0.45000000000000007 0.25000000000000006
decision_type=2 2 2 2 2
left_child=1 2 -1 -2 -3
right_child=3 4 -4 -5 -6
leaf_value=-0.014766790562277766 0.021031060952398727 0.0023652454922125522 -0.0084833782598010068 0.0085093159737055502 0.0054993062820979741
leaf_weight=9.5078629404306412 11.539623221382495 8.7141926665790344 14.985167868435383 0.19914364069700319 0.45991625334136266
leaf_count=16 50 58 42 12 32
internal_value=0 -0.0725886 -0.109225 0.208186 0.0252236
internal_weight=0 33.6671 24.493 11.7388 9.17411
internal_count=210 148 58 62 90
shrinkage=0.1


Tree=37
num_leaves=6
num_cat=0
split_feature=0 0 0 0 0
split_gain=1.13757 0.193984 0.00804867 0.000551418 0.00012385
threshold=0.15000000000000005 0.35000000000000003 0.45000000000000007 1.0000000180025095e-35 0.25000000000000006
decision_type=2 2 2 2 2
left_child=3 4 -3 -1 -2
right_child=1 2 -4 -5 -6
leaf_value=-0.014583419423663316 0.0046945940867164767 0.024214579349314317 0.00050356352255088988 -0.013634587804780397 0.0067153891689067857
leaf_weight=9.5728213191032427 8.1925998199731094 13.66202864050865 0.14467672072351057 17.0056197270751 0.31494335120078254
leaf_count=16 58 50 12 42 32
internal_value=0 0.166472 0.239661 -0.139763 0.047694
internal_weight=0 22.3142 13.8067 26.5784 8.50754
internal_count=210 152 62 58 90
shrinkage=0.1


Tree=38
num_leaves=6
num_cat=0
split_feature=0 0 0 0 0
split_gain=4.37657 0.732859 0.548896 0.0101933 0.00607295
threshold=0.15000000000000005 0.25000000000000006 1.0000000180025095e-35 0.35000000000000003 0.45000000000000007
decision_type=2 2 2 2 2
left_child=2 -2 -1 -3 -5
right_child=1 3 -4 4 -6
leaf_value=0.0804236166987507 0.0043516225675576834 -0.012984419681481278 0.035481381889437023 -0.029464173464544705 -0.0089617013923614496
leaf_weight=3.8093452341854546 9.1089206337928754 0.38767953717615711 9.4819605741649866 22.946383304893974 0.14538856921717425
leaf_count=16 58 32 42 50 12
internal_value=0 -0.197247 0.48362 -0.290651 -0.293351
internal_weight=0 32.5884 13.2913 23.4795 23.0918
internal_count=210 152 58 94 62
shrinkage=0.1


Tree=39
num_leaves=6
num_cat=0
split_feature=0 0 0 0 0
split_gain=0.595886 0.131512 0.00348913 0.00121826 0.000138439
threshold=0.35000000000000003 0.15000000000000005 0.45000000000000007 1.0000000180025095e-35 0.25000000000000006
decision_type=2 2 2 2 2
left_child=1 3 -2 -1 -3
right_child=2 4 -4 -5 -6
leaf_value=-0.0099914694044360725 0.019492658509473265 0.0031031490411421517 0.006324276013314957 -0.011473089839809571 0.004891623096914678
leaf_weight=8.9644227772951126 11.597124906256791 8.745381074957546 0.20476403832435688 14.569016057997942 0.45534102618694383
leaf_count=16 50 58 12 42 32
internal_value=0 -0.0694546 0.192642 -0.109087 0.0319166
internal_weight=0 32.7342 11.8019 23.5334 9.20072
internal_count=210 148 62 58 90
shrinkage=0.1


Tree=40
num_leaves=6
num_cat=0
split_feature=0 0 0 0 0
split_gain=2.55656 0.945031 0.981503 0.0109042 0.0104664
threshold=0.25000000000000006 1.0000000180025095e-35 0.15000000000000005 0.45000000000000007 0.35000000000000003
decision_type=2 2 2 2 2
left_child=1 -1 -3 4 -2
right_child=3 2 -4 -5 -6
leaf_value=-0.0089421555804269932 -0.0092831840344542119 0.050095106507551862 0.0053158762778620864 -0.0013091283339133938 -0.028519294678349624
leaf_weight=8.4586666226387042 0.2871434974949868 11.437482260167599 8.5568895002361387 0.15162322414107521 18.932673674076796
leaf_count=16 32 42 58 12 50
internal_value=0 0.190774 0.309312 -0.280212 -0.282319
internal_weight=0 28.453 19.9944 19.3714 19.2198
internal_count=210 116 100 94 82
shrinkage=0.1


Tree=41
num_leaves=6
num_cat=0
split_feature=0 0 0 0 0
split_gain=1.54993 0.983671 0.144072 0.00256579 5.24744e-06
threshold=1.0000000180025095e-35 0.15000000000000005 0.35000000000000003 0.25000000000000006 0.45000000000000007
decision_type=2 2 2 2 2
left_child=-1 -2 3 -3 -4
right_child=1 2 4 -5 -6
leaf_value=0.048365029619837838 -0.022936649108995233 -0.0010220937341626141 0.016381793829796404 0.0062119009138456019 0.016887618624283132
leaf_weight=5.7835373058915129 19.662022113800049 8.7282433020882291 10.586276528425513 0.51948480110149908 0.20914304535836056
leaf_count=16 42 58 50 32 12
internal_value=0 -0.0704495 0.0854457 -0.00615729 0.163916
internal_weight=0 39.7052 20.0431 9.24773 10.7954
internal_count=210 194 152 90 62
shrinkage=0.1


Tree=42
num_leaves=6
num_cat=0
split_feature=0 0 0 0 0
split_gain=0.523463 0.11569 0.00303575 0.00130772 0.000213837
threshold=0.35000000000000003 0.15000000000000005 0.45000000000000007 1.0000000180025095e-35 0.25000000000000006
decision_type=2 2 2 2 2
left_child=1 3 -2 -1 -3
right_child=2 4 -4 -5 -6
leaf_value=-0.0093600214641431975 0.018425524589121074 0.0028047197491177728 0.0064214515720107564 -0.010904750533183773 0.0049828109096719878
leaf_weight=8.911368116736412 11.410866681486365 8.7832678915001416 0.21463549695909101 14.234243739396334 0.47512887115590352
leaf_count=16 50 58 12 42 32
internal_value=0 -0.0653096 0.182039 -0.1031 0.029165
internal_weight=0 32.404 11.6255 23.1456 9.2584
internal_count=210 148 62 58 90
shrinkage=0.1


Tree=43
num_leaves=6
num_cat=0
split_feature=0 0 0 0 0
split_gain=0.80539 0.135866 0.0276253 0.00840993 6.00283e-06
threshold=0.15000000000000005 0.35000000000000003 1.0000000180025095e-35 0.45000000000000007 0.25000000000000006
decision_type=2 2 2 2 2
left_child=2 4 -1 -3 -2
right_child=1 3 -4 -5 -6
leaf_value=-0.0078303967317231906 0.0045756845462988317 0.021075300878040409 -0.014878903562958568 -0.00041299024763975556 0.0049888076515830901
leaf_weight=8.5526077598333359 8.4459206499159318 12.481629725545643 15.893928643316031 0.18482995219528756 0.367003687424586
leaf_count=16 58 50 42 12 32
internal_value=0 0.141277 -0.12413 0.207617 0.0459289
internal_weight=0 21.4794 24.4465 12.6665 8.81292
internal_count=210 152 58 62 90
shrinkage=0.1


Tree=44
num_leaves=6
num_cat=0
split_feature=0 0 0 0 0
split_gain=0.436541 0.483069 0.327768 0.00156079 6.79988e-05
threshold=0.25000000000000006 1.0000000180025095e-35 0.15000000000000005 0.45000000000000007 0.35000000000000003
decision_type=2 2 2 2 2
left_child=1 -1 -3 4 -2
right_child=3 2 -4 -5 -6
leaf_value=-0.01100020374841938 -0.013739060815391339 0.030539086420139333 0.0038063464074333075 -0.0030240204483471828 -0.012386402470132118
leaf_weight=9.067143529653551 0.37995816871990129 9.2018201816827059 9.1442814795300364 0.17876389576122065 16.979916922748089
leaf_count=16 32 42 58 12 50
internal_value=0 0.0788236 0.172146 -0.123203 -0.12416
internal_weight=0 27.4132 18.3461 17.5386 17.3599
internal_count=210 116 100 94 82
shrinkage=0.1


Tree=45
num_leaves=6
num_cat=0
split_feature=0 0 0 0 0
split_gain=0.78096 0.155426 0.00549378 0.0013796 0.000302373
threshold=0.15000000000000005 0.35000000000000003 0.45000000000000007 1.0000000180025095e-35 0.25000000000000006
decision_type=2 2 2 2 2
left_child=3 4 -3 -1 -2
right_child=1 2 -4 -5 -6
leaf_value=-0.011204959404663884 0.0038412734614963057 0.021550392166152201 0.0042024351618538307 -0.012759948951914304 0.0066606474731978962
leaf_weight=9.06324103474617 8.5295400475151819 12.151565063744782 0.1853309324942537 15.400756843388081 0.39815371355507601
leaf_count=16 58 50 12 42 32
internal_value=0 0.14017 0.212898 -0.121839 0.0396701
internal_weight=0 21.2646 12.3369 24.464 8.92769
internal_count=210 152 62 58 90
shrinkage=0.1


Tree=46
num_leaves=6
num_cat=0
split_feature=0 0 0 0 0
split_gain=0.426199 0.74221 0.418791 0.00275005 8.35881e-05
threshold=0.25000000000000006 1.0000000180025095e-35 0.15000000000000005 0.45000000000000007 0.35000000000000003
decision_type=2 2 2 2 2
left_child=1 -1 -3 4 -2
right_child=3 2 -4 -5 -6
leaf_value=-0.014982031618535547 -0.010614438557324114 0.03351779926657944 0.0035977817219272554 0.0010990717485972309 -0.012167768698596718
leaf_weight=9.5897070616483706 0.35342149261851474 9.7900714837014675 8.9593121008947492 0.1583622726611783 17.515508305281401
leaf_count=16 32 42 58 12 50
internal_value=0 0.0764675 0.192206 -0.120208 -0.12137
internal_weight=0 28.3391 18.7494 18.0273 17.8689
internal_count=210 116 100 94 82
shrinkage=0.1


Tree=47
num_leaves=6
num_cat=0
split_feature=0 0 0 0 0
split_gain=0.703663 1.09296 0.145912 0.00209974 0.000740538
threshold=1.0000000180025095e-35 0.15000000000000005 0.35000000000000003 0.25000000000000006 0.45000000000000007
decision_type=2 2 2 2 2
left_child=-1 -2 3 -3 -4
right_child=1 2 4 -5 -6
leaf_value=0.03537881930260537 -0.020899217130284795 0.0015794046162277487 0.018848213717190466 0.0087203024286267236 0.012290450629827072
leaf_weight=5.0137086138129225 20.231074459850788 8.5018334765918535 11.995087793096898 0.43273373320698816 0.17470911797136146
leaf_count=16 42 58 50 32 12
internal_value=0 -0.0429121 0.116296 0.0192526 0.187541
internal_weight=0 41.3354 21.1044 8.93457 12.1698
internal_count=210 194 152 90 62
shrinkage=0.1


Tree=48
num_leaves=6
num_cat=0
split_feature=0 0 0 0 0
split_gain=0.823541 0.743159 0.533568 0.00409948 0.00162138
threshold=0.25000000000000006 1.0000000180025095e-35 0.15000000000000005 0.45000000000000007 0.35000000000000003
decision_type=2 2 2 2 2
left_child=1 -1 -3 4 -2
right_child=3 2 -4 -5 -6
leaf_value=-0.012634538248703787 -0.0098592806994123594 0.037764077019845778 0.0041370053302625907 -0.00078771540193831599 -0.016860176178491681
leaf_weight=9.179001912474634 0.33711543050595238 10.085656322538853 8.8670462043955922 0.16277066525071759 17.682740170508623
leaf_count=16 32 42 58 12 50
internal_value=0 0.107205 0.220316 -0.165865 -0.167292
internal_weight=0 28.1317 18.9527 18.1826 18.0199
internal_count=210 116 100 94 82
shrinkage=0.1


Tree=49
num_leaves=6
num_cat=0
split_feature=0 0 0 0 0
split_gain=1.2125 1.11751 0.137934 0.00261313 0.000195612
threshold=1.0000000180025095e-35 0.15000000000000005 0.35000000000000003 0.25000000000000006 0.45000000000000007
decision_type=2 2 2 2 2
left_child=-1 -2 3 -3 -4
right_child=1 2 4 -5 -6
leaf_value=0.044449248639847762 -0.022671867660560976 0.0009035766003131229 0.017908739904109974 0.0085739436845329083 0.014683762017848457
leaf_weight=5.4136857017874709 20.10670068114996 8.5494760521687549 11.205225234851239 0.46848801302257997 0.19129047170281488
leaf_count=16 42 58 50 32 12
internal_value=0 -0.0593848 0.105426 0.0130206 0.178546
internal_weight=0 40.5212 20.4145 9.01796 11.3965
internal_count=210 194 152 90 62
shrinkage=0.1


Tree=50
num_leaves=6
num_cat=0
split_feature=0 0 0 0 0
split_gain=0.878551 0.125387 0.03837 0.0104463 2.77477e-05
threshold=0.15000000000000005 0.35000000000000003 1.0000000180025095e-35 0.45000000000000007 0.25000000000000006
decision_type=2 2 2 2 2
left_child=2 4 -1 -3 -2
right_child=1 3 -4 -5 -6
leaf_value=-0.0071081962554562037 0.0050227901384797442 0.02086732704381087 -0.015403968712117336 -0.0046482779885853275 0.0060002584730662794
leaf_weight=8.2788856625556964 8.1722719143144769 13.406252052634953 17.073795761913061 0.1623974456451841 0.30111787468195039
leaf_count=16 58 50 42 12 32
internal_value=0 0.146017 -0.12695 0.205619 0.0505753
internal_weight=0 22.042 25.3527 13.5686 8.47339
internal_count=210 152 58 62 90
shrinkage=0.1


Tree=51
num_leaves=6
num_cat=0
split_feature=0 0 0 0 0
split_gain=0.252645 0.473148 0.260881 0.000973377 0.000278417
threshold=0.25000000000000006 1.0000000180025095e-35 0.15000000000000005 0.45000000000000007 0.35000000000000003
decision_type=2 2 2 2 2
left_child=1 -1 -3 4 -2
right_child=3 2 -4 -5 -6
leaf_value=-0.012383320988581191 -0.012159193473554417 0.027395359917655224 0.0034324546818815028 -0.0020040682401805915 -0.0094380133845620735
leaf_weight=9.2904077172279376 0.38457401562482729 9.045061519369483 9.1282188356854022 0.17505152290686865 16.852261759340763
leaf_count=16 32 42 58 12 50
internal_value=0 0.0597439 0.153591 -0.0942338 -0.0949873
internal_weight=0 27.4637 18.1733 17.4119 17.2368
internal_count=210 116 100 94 82
shrinkage=0.1


Tree=52
num_leaves=6
num_cat=0
split_feature=0 0 0 0 0
split_gain=0.971151 0.149755 0.0121074 0.00859035 0.00025412
threshold=0.15000000000000005 0.35000000000000003 1.0000000180025095e-35 0.45000000000000007 0.25000000000000006
decision_type=2 2 2 2 2
left_child=2 4 -1 -3 -2
right_child=1 3 -4 -5 -6
leaf_value=-0.010176495713227197 0.0048082026739359567 0.022111922545463181 -0.014749681840086078 -0.0017761698525473402 0.0077674979462152563
leaf_weight=8.7803932279348391 8.1559134819544834 13.509244393557308 16.99315819889307 0.1522349454462536 0.30088168813381422
leaf_count=16 58 50 42 12 32
internal_value=0 0.153718 -0.131917 0.218457 0.0491349
internal_weight=0 22.1183 25.7736 13.6615 8.4568
internal_count=210 152 58 62 90
shrinkage=0.1


Tree=53
num_leaves=6
num_cat=0
split_feature=0 0 0 0 0
split_gain=8.91173 2.09537 1.35283 0.022461 0.00543183
threshold=0.15000000000000005 1.0000000180025095e-35 0.35000000000000003 0.45000000000000007 0.25000000000000006
decision_type=2 2 2 2 2
left_child=1 -1 4 -4 -2
right_child=2 -3 3 -5 -6
leaf_value=0.1136325793467144 0.0043917865131321825 0.035289139767895286 -0.041361934880854399 0.00093140409530433023 -0.0080009059707735197
leaf_weight=5.5908413156867001 8.8918411657214129 8.7678048461675644 23.715806446969513 0.12623800011351605 0.36833479802589936
leaf_count=16 58 42 50 12 32
internal_value=0 0.657938 -0.285392 -0.41138 0.0389885
internal_weight=0 14.3586 33.1022 23.842 9.26018
internal_count=210 58 152 62 90
shrinkage=0.1


Tree=54
num_leaves=6
num_cat=0
split_feature=0 0 0 0 0
split_gain=0.482513 0.103541 0.00716379 0.00201837 0.000654927
threshold=0.15000000000000005 0.35000000000000003 1.0000000180025095e-35 0.45000000000000007 0.25000000000000006
decision_type=2 2 2 2 2
left_child=2 4 -1 -3 -2
right_child=1 3 -4 -5 -6
leaf_value=-0.007806155367909056 0.0029360892883465695 0.017524036744715126 -0.011452939919139152 0.0077116133371410711 0.0067619295565046339
leaf_weight=8.7446058988571167 8.7590281558223051 11.319883110001681 14.027931656688452 0.21358270756900388 0.47153242130298251
leaf_count=16 58 50 42 12 32
internal_value=0 0.11025 -0.100526 0.173423 0.0313153
internal_weight=0 20.764 22.7725 11.5335 9.23056
internal_count=210 152 58 62 90
shrinkage=0.1


Tree=55
num_leaves=6
num_cat=0
split_feature=0 0 0 0 0
split_gain=0.725246 0.119877 0.0366523 0.00607962 0.000205028
threshold=0.15000000000000005 0.35000000000000003 1.0000000180025095e-35 0.45000000000000007 0.25000000000000006
decision_type=2 2 2 2 2
left_child=2 4 -1 -3 -2
right_child=1 3 -4 -5 -6
leaf_value=-0.006649594950763945 0.004497684987069382 0.020128015456748485 -0.014846292670560372 0.0021376304783338701 0.0068697945709410126
leaf_weight=8.4361903220415115 8.4822516627609712 12.129474580287932 15.439466081559658 0.19079789659008459 0.38072536303661841
leaf_count=16 58 50 42 12 32
internal_value=0 0.134689 -0.119501 0.198494 0.0459958
internal_weight=0 21.1832 23.8757 12.3203 8.86298
internal_count=210 152 58 62 90
shrinkage=0.1


Tree=56
num_leaves=6
num_cat=0
split_feature=0 0 0 0 0
split_gain=0.711623 0.444655 0.387659 0.00301722 0.000778347
threshold=0.25000000000000006 1.0000000180025095e-35 0.15000000000000005 0.45000000000000007 0.35000000000000003
decision_type=2 2 2 2 2
left_child=1 -1 -3 4 -2
right_child=3 2 -4 -5 -6
leaf_value=-0.008395970623068039 -0.011157381968738847 0.033518419061731392 0.0043850401921788854 -0.0026733223076967801 -0.015847981552794016
leaf_weight=8.697848781943323 0.36124084156472847 9.2120198383927345 9.0588123300112784 0.17822218360379238 17.097558308392763
leaf_count=16 32 42 58 12 50
internal_value=0 0.102144 0.190739 -0.156188 -0.157509
internal_weight=0 26.9687 18.2708 17.637 17.4588
internal_count=210 116 100 94 82
shrinkage=0.1


Tree=57
num_leaves=6
num_cat=0
split_feature=0 0 0 0 0
split_gain=0.600149 0.117971 0.00909702 0.00325031 0.000649544
threshold=0.15000000000000005 0.35000000000000003 1.0000000180025095e-35 0.45000000000000007 0.25000000000000006
decision_type=2 2 2 2 2
left_child=2 4 -1 -3 -2
right_child=1 3 -4 -5 -6
leaf_value=-0.0084752677571431224 0.0035448283497026296 0.019104995137342928 -0.012550709059511327 0.0062957858193899915 0.007510622386988232
leaf_weight=8.7736141681671143 8.6507843425497395 11.626307167112826 14.577145431190729 0.20153182186186391 0.4337040460668512
leaf_count=16 58 50 42 12 32
internal_value=0 0.123043 -0.110194 0.188867 0.0373416
internal_weight=0 20.9123 23.3508 11.8278 9.08449
internal_count=210 152 58 62 90
shrinkage=0.1


Tree=58
num_leaves=6
num_cat=0
split_feature=0 0 0 0 0
split_gain=2.05438 0.774092 0.840546 0.0101491 0.00954962
threshold=0.25000000000000006 1.0000000180025095e-35 0.15000000000000005 0.35000000000000003 0.45000000000000007
decision_type=2 2 2 2 2
left_child=1 -1 -3 -2 -5
right_child=3 2 -4 4 -6
leaf_value=-0.0079976806204805958 -0.0071279320985927017 0.04709287143506475 0.0051614557563945474 -0.025961749725314804 -0.0012753338207696786
leaf_weight=8.4212862998247164 0.2972960487240951 10.682599943131208 8.6528635583817959 18.414179116487507 0.15804522228427131
leaf_count=16 32 42 58 50 12
internal_value=0 0.17307 0.28328 -0.254583 -0.257517
internal_weight=0 27.7567 19.3355 18.8695 18.5722
internal_count=210 116 100 94 62
shrinkage=0.1


Tree=59
num_leaves=6
num_cat=0
split_feature=0 0 0 0 0
split_gain=0.439631 0.065708 0.0243223 0.00403417 0.000616622
threshold=0.25000000000000006 0.15000000000000005 1.0000000180025095e-35 0.35000000000000003 0.45000000000000007
decision_type=2 2 2 2 2
left_child=1 2 -1 -2 -5
right_child=3 -3 -4 4 -6
leaf_value=-0.012833005019698574 0.0077768411370978813 0.0012899690978843675 -0.0062240626956317074 0.017035695670527158 0.011596479694251387
leaf_weight=9.2560825645923615 0.50270124466623833 8.7986241406761092 13.977470476180315 11.039007993414996 0.2124343244358905
leaf_count=16 32 58 42 50 12
internal_value=0 -0.0606984 -0.0885702 0.165414 0.16933
internal_weight=0 32.0322 23.2336 11.7541 11.2514
internal_count=210 116 58 94 62
shrinkage=0.1


Tree=60
num_leaves=6
num_cat=0
split_feature=0 0 0 0 0
split_gain=0.552225 0.0952062 0.0195962 0.00483032 0.00140442
threshold=0.25000000000000006 0.15000000000000005 1.0000000180025095e-35 0.35000000000000003 0.45000000000000007
decision_type=2 2 2 2 2
left_child=1 2 -1 -2 -5
right_child=3 -3 -4 4 -6
leaf_value=-0.013599891967455353 0.0084481763388140341 0.002205001588644171 -0.0077255278436364821 0.018918380614768828 0.010522248095900586
leaf_weight=9.349675640463829 0.47197106922976401 8.6738112508319301 14.463268041610718 11.292931530624626 0.2027995246462532
leaf_count=16 32 58 42 50 12
internal_value=0 -0.0676476 -0.10032 0.183632 0.187703
internal_weight=0 32.4868 23.8129 11.9677 11.4957
internal_count=210 116 58 94 62
shrinkage=0.1


Tree=61
num_leaves=6
num_cat=0
split_feature=0 0 0 0 0
split_gain=0.810755 0.153994 0.00610216 0.00552422 0.00392561
threshold=0.25000000000000006 0.15000000000000005 0.35000000000000003 1.0000000180025095e-35 0.45000000000000007
decision_type=2 2 2 2 2
left_child=1 3 -2 -1 -4
right_child=2 -3 4 -5 -6
leaf_value=-0.014051312291568677 0.0093963876177651888 0.003488711086902619 0.022179654506331661 -0.01097915267443289 0.0072615321557969936
leaf_weight=9.4249399751424789 0.3991058416431742 8.4406872978433949 12.060618378221987 15.444246765226126 0.17901013465598303
leaf_count=16 32 58 50 42 12
internal_value=0 -0.0818227 0.215647 -0.121434 0.219615
internal_weight=0 33.3099 12.6387 24.8692 12.2396
internal_count=210 116 94 58 62
shrinkage=0.1


Tree=62
num_leaves=6
num_cat=0
split_feature=0 0 0 0 0
split_gain=0.578592 1.11448 0.0809743 0.00410465 0.000355207
threshold=1.0000000180025095e-35 0.15000000000000005 0.25000000000000006 0.45000000000000007 0.35000000000000003
decision_type=2 2 2 2 2
left_child=-1 -2 -3 4 -4
right_child=1 2 3 -5 -6
leaf_value=-0.020629003390503348 0.034041597150959335 0.0033096878778007309 -0.0052251185374688402 0.0093835686538801862 -0.0085513278031711156
leaf_weight=10.607273772358893 10.197226982563732 8.6830216301605123 0.32678802183364197 0.12933386350050469 18.307873003184795
leaf_count=16 42 58 32 12 50
internal_value=0 0.0581277 -0.0467491 -0.0836978 -0.08493
internal_weight=0 37.6442 27.447 18.764 18.6347
internal_count=210 194 152 94 82
shrinkage=0.1


Tree=63
num_leaves=6
num_cat=0
split_feature=0 0 0 0 0
split_gain=2.02697 0.474669 0.00246934 0.00129557 5.65474e-05
threshold=1.0000000180025095e-35 0.15000000000000005 0.25000000000000006 0.35000000000000003 0.45000000000000007
decision_type=2 2 2 2 2
left_child=-1 -2 -3 -4 -5
right_child=1 2 3 4 -6
leaf_value=0.071660831457692614 -0.017653817586972136 0.0022891691332656435 0.0098543493694826217 0.0043015209189853623 0.0024586175819380452
leaf_weight=3.6336250677704802 19.430586621165276 8.4485817346721888 0.42976835533045127 13.633726188912986 0.16855587903410274
leaf_count=16 42 58 32 50 12
internal_value=0 -0.0618335 0.0364344 0.0444737 0.0427902
internal_weight=0 42.1112 22.6806 14.2321 13.8023
internal_count=210 194 152 94 62
shrinkage=0.1


Tree=64
num_leaves=6
num_cat=0
split_feature=0 0 0 0 0
split_gain=0.863871 0.140582 0.0198048 0.00797865 0.000380071
threshold=0.15000000000000005 0.35000000000000003 1.0000000180025095e-35 0.45000000000000007 0.25000000000000006
decision_type=2 2 2 2 2
left_child=2 4 -1 -3 -2
right_child=1 3 -4 -5 -6
leaf_value=-0.0088263460810498566 0.004596389910867321 0.021498630362395674 -0.014751762279696424 -0.00024278074897173668 0.0080286381483258874
leaf_weight=8.6385550647974032 8.2712318133562786 12.807844288647173 16.254056051373482 0.171047040261329 0.3357271305285402
leaf_count=16 58 50 42 12 32
internal_value=0 0.146403 -0.126954 0.212121 0.0473027
internal_weight=0 21.5859 24.8926 12.9789 8.60696
internal_count=210 152 58 62 90
shrinkage=0.1


Tree=65
num_leaves=6
num_cat=0
split_feature=0 0 0 0 0
split_gain=0.26787 0.550533 0.294105 0.00145286 1.65041e-06
threshold=0.25000000000000006 1.0000000180025095e-35 0.15000000000000005 0.45000000000000007 0.35000000000000003
decision_type=2 2 2 2 2
left_child=1 -1 -3 4 -2
right_child=3 2 -4 -5 -6
leaf_value=-0.01349251184314354 -0.0099543236687352141 0.028812036975014488 0.0034172552612864097 -0.00037898976841407584 -0.009741304955571975
leaf_weight=9.4259302616119403 0.3716478417627575 9.2340382225811481 9.0107203754596412 0.16718121571466227 17.030674289911985
leaf_count=16 32 42 58 12 50
internal_value=0 0.0613154 0.162701 -0.0965672 -0.0974585
internal_weight=0 27.6707 18.2448 17.5695 17.4023
internal_count=210 116 100 94 82
shrinkage=0.1


Tree=66
num_leaves=6
num_cat=0
split_feature=0 0 0 0 0
split_gain=0.995492 0.188065 0.00542168 0.00221093 0.00130554
threshold=0.15000000000000005 0.35000000000000003 0.45000000000000007 1.0000000180025095e-35 0.25000000000000006
decision_type=2 2 2 2 2
left_child=3 4 -3 -1 -2
right_child=1 2 -4 -5 -6
leaf_value=-0.014484042944297443 0.0041071510579696983 0.023669672729277395 0.0049841973527803944 -0.012563554550970309 0.010396594844582387
leaf_weight=9.4958324432373065 8.2291453117504698 12.827876947820185 0.15718636708334166 16.257340632379055 0.34382783505134362
leaf_count=16 58 50 12 42 32
internal_value=0 0.158543 0.234435 -0.132717 0.043594
internal_weight=0 21.558 12.9851 25.7532 8.57297
internal_count=210 152 62 58 90
shrinkage=0.1


Tree=67
num_leaves=6
num_cat=0
split_feature=0 0 0 0 0
split_gain=5.93625 0.947741 0.808772 0.0114114 0.00460462
threshold=0.15000000000000005 0.35000000000000003 1.0000000180025095e-35 0.45000000000000007 0.25000000000000006
decision_type=2 2 2 2 2
left_child=2 4 -1 -3 -2
right_child=1 3 -4 -5 -6
leaf_value=0.092370830462166376 0.0044580866443747419 -0.034021443265861463 0.03934268078551937 -0.0047066940246136522 -0.0071017190166054265
leaf_weight=4.1051171794533703 8.8473155163228476 23.321709819138054 9.6073256656527519 0.13355110352858801 0.3585463751805954
leaf_count=16 58 50 42 12 32
internal_value=0 -0.231826 0.552178 -0.338545 0.0400786
internal_weight=0 32.6611 13.7124 23.4553 9.20586
internal_count=210 152 58 62 90
shrinkage=0.1


Tree=68
num_leaves=6
num_cat=0
split_feature=0 0 0 0 0
split_gain=0.482084 0.102017 0.00392743 0.00142939 2.15679e-05
threshold=0.25000000000000006 0.15000000000000005 0.35000000000000003 0.45000000000000007 1.0000000180025095e-35
decision_type=2 2 2 2 2
left_child=1 4 -2 -4 -1
right_child=2 -3 3 -5 -6
leaf_value=-0.0098220423450300805 0.008175388574136723 0.0027827198331536796 0.017603340142894115 0.0092431854665830475 -0.010020554865022138
leaf_weight=8.9631351679563522 0.47522223333362207 8.672586749307813 11.301282132044433 0.20828299596905783 14.055883996188641
leaf_count=16 32 58 50 12 42
internal_value=0 -0.0646072 0.170842 0.174521 -0.0994326
internal_weight=0 31.6916 11.9848 11.5096 23.019
internal_count=210 116 94 62 58
shrinkage=0.1


Tree=69
num_leaves=6
num_cat=0
split_feature=0 0 0 0 0
split_gain=0.703467 0.127672 0.0105682 0.00446106 0.000759075
threshold=0.15000000000000005 0.35000000000000003 1.0000000180025095e-35 0.45000000000000007 0.25000000000000006
decision_type=2 2 2 2 2
left_child=2 4 -1 -3 -2
right_child=1 3 -4 -5 -6
leaf_value=-0.0089826313682134108 0.0040123604888840838 0.020236792175984973 -0.013345122316358295 0.0047925371574822871 0.0084716154944878084
leaf_weight=8.7813849449157715 8.4625018867664021 11.968406844884155 15.104708801954985 0.1899959109723576 0.39976643398404199
leaf_count=16 58 50 42 12 32
internal_value=0 0.133418 -0.117413 0.199954 0.0421351
internal_weight=0 21.0207 23.8861 12.1584 8.86227
internal_count=210 152 58 62 90
shrinkage=0.1


Tree=70
num_leaves=6
num_cat=0
split_feature=0 0 0 0 0
split_gain=0.82309 0.607676 0.483306 0.0041392 0.00244571
threshold=0.25000000000000006 1.0000000180025095e-35 0.15000000000000005 0.45000000000000007 0.35000000000000003
decision_type=2 2 2 2 2
left_child=1 -1 -3 4 -2
right_child=3 2 -4 -5 -6
leaf_value=-0.010590203639153008 -0.0084279864002783627 0.036532608167880058 0.0042443344071634147 -0.00097581911805307638 -0.016978846242126738
leaf_weight=8.9182218164205569 0.34103806875646725 9.7396843545138836 8.8467622618190944 0.1665399381890883 17.426517356187105
leaf_count=16 32 42 58 12 50
internal_value=0 0.108679 0.211641 -0.166676 -0.168147
internal_weight=0 27.5047 18.5864 17.9341 17.7676
internal_count=210 116 100 94 82
shrinkage=0.1


Tree=71
num_leaves=6
num_cat=0
split_feature=0 0 0 0 0
split_gain=0.603591 0.109817 0.0179534 0.00439131 0.00152022
threshold=0.25000000000000006 0.15000000000000005 1.0000000180025095e-35 0.35000000000000003 0.45000000000000007
decision_type=2 2 2 2 2
left_child=1 2 -1 -2 -5
right_child=3 -3 -4 4 -6
leaf_value=-0.013945459569270055 0.0094653206011579838 0.0026606591140037501 -0.0083459546573027166 0.019622989659091473 0.01071875200587495
leaf_weight=9.3886371552944183 0.45558753050863465 8.5544662675820273 14.677529469132423 11.4286204110831 0.19501216383650977
leaf_count=16 32 58 42 50 12
internal_value=0 -0.0707118 -0.105304 0.190961 0.194736
internal_weight=0 32.6206 24.0662 12.0792 11.6236
internal_count=210 116 58 94 62
shrinkage=0.1


Tree=72
num_leaves=6
num_cat=0
split_feature=0 0 0 0 0
split_gain=0.945751 0.179462 0.00504771 0.00138025 0.0012257
threshold=0.15000000000000005 0.35000000000000003 0.45000000000000007 0.25000000000000006 1.0000000180025095e-35
decision_type=2 2 2 2 2
left_child=4 3 -3 -2 -1
right_child=1 2 -4 -5 -6
leaf_value=-0.013929547489852985 0.0040409949685632253 0.023201928857094253 0.0054062312036091869 0.010426222705945308 -0.01249218901066431
leaf_weight=9.4056147634983081 8.2402179217897338 12.666250217705963 0.16142256651073772 0.35304139775689769 16.067458681762218
leaf_count=16 58 50 12 32 42
internal_value=0 0.154864 0.22978 0.0430332 -0.130229
internal_weight=0 21.4209 12.8277 8.59326 25.4731
internal_count=210 152 62 90 58
shrinkage=0.1


Tree=73
num_leaves=6
num_cat=0
split_feature=0 0 0 0 0
split_gain=6.99133 1.08794 1.06318 0.01482 0.00397377
threshold=0.15000000000000005 0.35000000000000003 1.0000000180025095e-35 0.45000000000000007 0.25000000000000006
decision_type=2 2 2 2 2
left_child=2 4 -1 -3 -2
right_child=1 3 -4 -5 -6
leaf_value=0.099988427171968527 0.0045141312706491821 -0.036730578043988764 0.040565702984789523 -0.0028100232349945707 -0.0062950935829601861
leaf_weight=4.3960318043827984 8.7750823004171217 23.528605021536354 9.5560136456042528 0.12951058521866698 0.35381859843619246
leaf_count=16 58 50 42 12 32
internal_value=0 -0.252295 0.592887 -0.365449 0.0409519
internal_weight=0 32.787 13.952 23.6581 9.1289
internal_count=210 152 58 62 90
shrinkage=0.1


Tree=74
num_leaves=6
num_cat=0
split_feature=0 0 0 0 0
split_gain=0.446265 0.0971707 0.00141712 0.00108204 6.68745e-05
threshold=0.15000000000000005 0.35000000000000003 0.25000000000000006 0.45000000000000007 1.0000000180025095e-35
decision_type=2 2 2 2 2
left_child=4 2 -2 -3 -1
right_child=1 3 -4 -5 -6
leaf_value=-0.0094171439686719389 0.0027034901191630195 0.016957356658087328 0.0082531939341702783 0.0097274687934203151 -0.0097679211901316593
leaf_weight=8.9282441735267639 8.6680543194524926 11.220429725944994 0.48590897955000478 0.21089628245681599 13.890983235090971
leaf_count=16 58 50 32 12 42
internal_value=0 0.106758 0.0299808 0.16824 -0.0963068
internal_weight=0 20.5853 9.15396 11.4313 22.8192
internal_count=210 152 90 62 58
shrinkage=0.1


Tree=75
num_leaves=6
num_cat=0
split_feature=0 0 0 0 0
split_gain=0.625572 0.116187 0.00791109 0.00328758 0.000932891
threshold=0.15000000000000005 0.35000000000000003 1.0000000180025095e-35 0.45000000000000007 0.25000000000000006
decision_type=2 2 2 2 2
left_child=2 4 -1 -3 -2
right_child=1 3 -4 -5 -6
leaf_value=-0.0088145100628459743 0.0037648589687602017 0.019298322835770414 -0.012605816610203009 0.0062866468138014905 0.0085631241501543491
leaf_weight=8.7980997860431671 8.5064022457227093 11.707190008834003 14.698626693338156 0.19745755195617756 0.42545997456181872
leaf_count=16 58 50 42 12 32
internal_value=0 0.126144 -0.111862 0.190825 0.0399342
internal_weight=0 20.8365 23.4967 11.9046 8.93186
internal_count=210 152 58 62 90
shrinkage=0.1


Tree=76
num_leaves=6
num_cat=0
split_feature=0 0 0 0 0
split_gain=1.59592 0.728112 0.719728 0.00813699 0.00783215
threshold=0.25000000000000006 1.0000000180025095e-35 0.15000000000000005 0.35000000000000003 0.45000000000000007
decision_type=2 2 2 2 2
left_child=1 -1 -3 -2 -5
right_child=3 2 -4 4 -6
leaf_value=-0.0089275968513230688 -0.00662194990209246 0.043878767035861507 0.0048028549343598938 -0.02315907702224931 -0.0009447579625310315
leaf_weight=8.587529197335245 0.30986349796876567 10.391554724425077 8.6265437041874975 18.072029393166307 0.16012023342773218
leaf_count=16 32 42 58 50 12
internal_value=0 0.152409 0.261541 -0.226909 -0.22964
internal_weight=0 27.6056 19.0181 18.542 18.2321
internal_count=210 116 100 94 62
shrinkage=0.1


Tree=77
num_leaves=6
num_cat=0
split_feature=0 0 0 0 0
split_gain=0.467991 0.0797883 0.029073 0.00335448 0.000616577
threshold=0.25000000000000006 0.15000000000000005 1.0000000180025095e-35 0.35000000000000003 0.45000000000000007
decision_type=2 2 2 2 2
left_child=1 2 -1 -2 -5
right_child=3 -3 -4 4 -6
leaf_value=-0.013603516839044186 0.0089798759579006807 0.0019746536822690527 -0.0064172446489507602 0.017489151503421098 0.011979939443885243
leaf_weight=9.331465557217598 0.49524891993496289 8.6277710283175093 14.191231746226549 11.095230452716349 0.20693497499451119
leaf_count=16 32 58 42 50 12
internal_value=0 -0.06251 -0.0926804 0.170353 0.173883
internal_weight=0 32.1505 23.5227 11.7974 11.3022
internal_count=210 116 58 94 62
shrinkage=0.1


Tree=78
num_leaves=6
num_cat=0
split_feature=0 0 0 0 0
split_gain=0.628176 0.113377 0.0239845 0.00442035 0.00166058
threshold=0.25000000000000006 0.15000000000000005 1.0000000180025095e-35 0.35000000000000003 0.45000000000000007
decision_type=2 2 2 2 2
left_child=1 2 -1 -2 -5
right_child=3 -3 -4 4 -6
leaf_value=-0.014604761507497491 0.0097673586975288509 0.0027554730435040797 -0.0081593001556356706 0.01999707306693168 0.010657276026658778
leaf_weight=9.4608603417873383 0.45242476323619207 8.487791598774491 14.811918694525957 11.45961041562259 0.19358010543510401
leaf_count=16 32 58 42 50 12
internal_value=0 -0.0719281 -0.106716 0.194654 0.198419
internal_weight=0 32.7606 24.2728 12.1056 11.6532
internal_count=210 116 58 94 62
shrinkage=0.1


Tree=79
num_leaves=6
num_cat=0
split_feature=0 0 0 0 0
split_gain=1.014 0.189852 0.00536408 0.00357279 0.00151968
threshold=0.15000000000000005 0.35000000000000003 0.45000000000000007 1.0000000180025095e-35 0.25000000000000006
decision_type=2 2 2 2 2
left_child=3 4 -3 -1 -2
right_child=1 2 -4 -5 -6
leaf_value=-0.014873974517182524 0.0041017651597043481 0.023809943618032639 0.0050628124103088232 -0.01243936067992594 0.010930291268757135
leaf_weight=9.5504584461450595 8.1415812759660167 12.912159521132706 0.15445053391158658 16.341037958860397 0.33950042165815908
leaf_count=16 58 50 12 42 32
internal_value=0 0.160261 0.235883 -0.133374 0.0437511
internal_weight=0 21.5477 13.0666 25.8915 8.48108
internal_count=210 152 62 58 90
shrinkage=0.1


Tree=80
num_leaves=6
num_cat=0
split_feature=0 0 0 0 0
split_gain=5.56183 0.88809 0.707852 0.0104152 0.00435361
threshold=0.15000000000000005 0.35000000000000003 1.0000000180025095e-35 0.45000000000000007 0.25000000000000006
decision_type=2 2 2 2 2
left_child=2 4 -1 -3 -2
right_child=1 3 -4 -5 -6
leaf_value=0.088758003609922823 0.0043480217688719102 -0.03302264524840752 0.038817164512287845 -0.0051035893202952673 -0.0068448225174395144
leaf_weight=4.0179591029882404 8.7790699359029496 23.220851540565494 9.6652839686721563 0.13439129572361608 0.36183415388222862
leaf_count=16 58 50 42 12 32
internal_value=0 -0.225197 0.534818 -0.32862 0.0390496
internal_weight=0 32.4961 13.6832 23.3552 9.1409
internal_count=210 152 58 62 90
shrinkage=0.1


Tree=81
num_leaves=6
num_cat=0
split_feature=0 0 0 0 0
split_gain=0.497425 0.103355 0.00145639 0.00143425 1.28832e-05
threshold=0.15000000000000005 0.35000000000000003 0.45000000000000007 0.25000000000000006 1.0000000180025095e-35
decision_type=2 2 2 2 2
left_child=4 3 -3 -2 -1
right_child=1 2 -4 -5 -6
leaf_value=-0.010159827754241974 0.0030086524321058282 0.017730126350474374 0.0092546767192181172 0.0086639421041118572 -0.010006715872590319
leaf_weight=8.9931384325027466 8.5779811884276551 11.333582226186989 0.20643863826990205 0.47319084836635816 14.130056757479906
leaf_count=16 58 50 12 32 42
internal_value=0 0.113041 0.175785 0.0330431 -0.100663
internal_weight=0 20.5912 11.54 9.05117 23.1232
internal_count=210 152 62 90 58
shrinkage=0.1


Tree=82
num_leaves=6
num_cat=0
split_feature=0 0 0 0 0
split_gain=0.732076 0.129612 0.00992398 0.00477756 0.000864769
threshold=0.15000000000000005 0.35000000000000003 1.0000000180025095e-35 0.45000000000000007 0.25000000000000006
decision_type=2 2 2 2 2
left_child=2 4 -1 -3 -2
right_child=1 3 -4 -5 -6
leaf_value=-0.0092342369683567731 0.0041155825526256219 0.020504017890991977 -0.013451581438811883 0.0043592572488174788 0.0089325318906481564
leaf_weight=8.7919215112924576 8.3580403453670424 12.091196238994597 15.271467380225658 0.18611292494461015 0.39009201142471361
leaf_count=16 58 50 42 12 32
internal_value=0 0.136317 -0.119107 0.202593 0.0433038
internal_weight=0 21.0254 24.0634 12.2773 8.74813
internal_count=210 152 58 62 90
shrinkage=0.1


Tree=83
num_leaves=6
num_cat=0
split_feature=0 0 0 0 0
split_gain=0.660875 0.599509 0.430957 0.00345857 0.00169348
threshold=0.25000000000000006 1.0000000180025095e-35 0.15000000000000005 0.45000000000000007 0.35000000000000003
decision_type=2 2 2 2 2
left_child=1 -1 -3 4 -2
right_child=3 2 -4 -5 -6
leaf_value=-0.011375560994509681 -0.0082487403288511035 0.034649644736041228 0.0040512221542679475 -0.0006516430694921858 -0.015281807035312773
leaf_weight=9.0404184460639971 0.34928060381208226 9.6521981470286846 8.7990491380915046 0.16625628201290865 17.29264385253191
leaf_count=16 32 42 58 12 50
internal_value=0 0.0972121 0.200578 -0.150073 -0.151426
internal_weight=0 27.4917 18.4512 17.8082 17.6419
internal_count=210 116 100 94 82
shrinkage=0.1


Tree=84
num_leaves=6
num_cat=0
split_feature=0 0 0 0 0
split_gain=0.668099 0.122342 0.0217795 0.00438912 0.00178935
threshold=0.25000000000000006 0.15000000000000005 1.0000000180025095e-35 0.35000000000000003 0.45000000000000007
decision_type=2 2 2 2 2
left_child=1 2 -1 -2 -5
right_child=3 -3 -4 4 -6
leaf_value=-0.014751392739740635 0.010189143907526748 0.0029724823680822915 -0.0086248865557668197 0.020507949219323182 0.01068051285832728
leaf_weight=9.4811422824859619 0.44101711467373839 8.4246468818746489 14.955625351518393 11.571320489048956 0.18828939273953521
leaf_count=16 32 58 42 50 12
internal_value=0 -0.0741929 -0.110019 0.199833 0.203506
internal_weight=0 32.8614 24.4368 12.2006 11.7596
internal_count=210 116 58 94 62
shrinkage=0.1


Tree=85
num_leaves=6
num_cat=0
split_feature=0 0 0 0 0
split_gain=1.09415 0.182091 0.00618605 0.00128526 0.000336718
threshold=0.15000000000000005 0.35000000000000003 0.45000000000000007 0.25000000000000006 1.0000000180025095e-35
decision_type=2 2 2 2 2
left_child=4 3 -3 -2 -1
right_child=1 2 -4 -5 -6
leaf_value=-0.014200900272790055 0.0044508686547511753 0.023662213753079347 0.0024033679733478927 0.011148536739498296 -0.013456431256829385
leaf_weight=9.4573873132467288 7.9751680078916252 13.683180108666418 0.13826123951003033 0.29718862893059839 16.989112511277199
leaf_count=16 58 50 12 32 42
internal_value=0 0.164262 0.234496 0.0469149 -0.137227
internal_weight=0 22.0938 13.8214 8.27236 26.4465
internal_count=210 152 62 90 58
shrinkage=0.1


Tree=86
num_leaves=6
num_cat=0
split_feature=0 0 0 0 0
split_gain=4.70752 0.760631 0.641987 0.00837533 0.00471
threshold=0.15000000000000005 0.35000000000000003 1.0000000180025095e-35 0.45000000000000007 0.25000000000000006
decision_type=2 2 2 2 2
left_child=2 4 -1 -3 -2
right_child=1 3 -4 -5 -6
leaf_value=0.084326155740837766 0.0041872391446630712 -0.030437722741164287 0.035967450371735397 -0.0055644730390255574 -0.0072899936211792363
leaf_weight=3.8646878898143742 8.8118087691254878 23.003925748169426 9.4771886132657528 0.13617589930072327 0.3726803916506477
leaf_count=16 58 50 42 12 32
internal_value=0 -0.206272 0.499753 -0.302913 0.0372153
internal_weight=0 32.3246 13.3419 23.1401 9.18449
internal_count=210 152 58 62 90
shrinkage=0.1


Tree=87
num_leaves=6
num_cat=0
split_feature=0 0 0 0 0
split_gain=0.578213 0.111806 0.00205158 0.00134776 0.000881301
threshold=0.15000000000000005 0.35000000000000003 0.45000000000000007 0.25000000000000006 1.0000000180025095e-35
decision_type=2 2 2 2 2
left_child=4 3 -3 -2 -1
right_child=1 2 -4 -5 -6
leaf_value=-0.0099808793127864458 0.0034696878687568138 0.01876878053233088 0.0084961355932512365 0.00910889679053291 -0.011243318702754232
leaf_weight=8.951601505279541 8.4841986005194467 11.551431056112049 0.1977399536408492 0.4461005334742375 14.465691298246384
leaf_count=16 58 50 12 32 42
internal_value=0 0.121854 0.185959 0.0375139 -0.107607
internal_weight=0 20.6795 11.7492 8.9303 23.4173
internal_count=210 152 62 90 58
shrinkage=0.1


Tree=88
num_leaves=6
num_cat=0
split_feature=0 0 0 0 0
split_gain=0.863286 0.125703 0.0328272 0.00779093 0.0004098
threshold=0.15000000000000005 0.35000000000000003 1.0000000180025095e-35 0.45000000000000007 0.25000000000000006
decision_type=2 2 2 2 2
left_child=2 4 -1 -3 -2
right_child=1 3 -4 -5 -6
leaf_value=-0.0074325418928477167 0.0047638941636569797 0.020772819905691908 -0.015102465918646621 -0.0017230850737808023 0.008544384210049898
leaf_weight=8.3137865364551562 8.0369731998071057 13.360951427370308 16.971501588821411 0.15574552444741208 0.29733985173516053
leaf_count=16 58 50 42 12 32
internal_value=0 0.145579 -0.125806 0.205136 0.0489877
internal_weight=0 21.851 25.2853 13.5167 8.33431
internal_count=210 152 58 62 90
shrinkage=0.1


Tree=89
num_leaves=6
num_cat=0
split_feature=0 0 0 0 0
split_gain=0.258647 0.48729 0.260494 0.00166129 4.42765e-06
threshold=0.25000000000000006 1.0000000180025095e-35 0.15000000000000005 0.45000000000000007 0.35000000000000003
decision_type=2 2 2 2 2
left_child=1 -1 -3 4 -2
right_child=3 2 -4 -5 -6
leaf_value=-0.012528549055743569 -0.0092928661374850601 0.027567570799539268 0.0035172893889077305 0.00039919701525422519 -0.0096382917561768575
leaf_weight=9.2938252985477465 0.3794388570822837 9.0987454615533352 8.9173799022100866 0.16673959931358595 16.838833265006542
leaf_count=16 32 42 58 12 50
internal_value=0 0.0606948 0.156635 -0.0953448 -0.0963068
internal_weight=0 27.31 18.0161 17.385 17.2183
internal_count=210 116 100 94 82
shrinkage=0.1


Tree=90
num_leaves=6
num_cat=0
split_feature=0 0 0 0 0
split_gain=0.95589 0.152811 0.00706218 0.0063277 0.000919247
threshold=0.15000000000000005 0.35000000000000003 1.0000000180025095e-35 0.45000000000000007 0.25000000000000006
decision_type=2 2 2 2 2
left_child=2 4 -1 -3 -2
right_child=1 3 -4 -5 -6
leaf_value=-0.010812355556373639 0.0045295033548148509 0.02217504562429215 -0.01430088427512876 0.0014344463372240601 0.010123295180488448
leaf_weight=8.8725526630878466 8.0411662054248136 13.352406933903692 16.773758791387081 0.14873537700623352 0.3049182620598011
leaf_count=16 58 50 42 12 32
internal_value=0 0.15371 -0.13094 0.219466 0.0473387
internal_weight=0 21.8472 25.6463 13.5011 8.34608
internal_count=210 152 58 62 90
shrinkage=0.1


Tree=91
num_leaves=6
num_cat=0
split_feature=0 0 0 0 0
split_gain=8.88192 2.02322 1.32197 0.0235723 0.00336154
threshold=0.15000000000000005 1.0000000180025095e-35 0.35000000000000003 0.45000000000000007 0.25000000000000006
decision_type=2 2 2 2 2
left_child=1 -1 4 -4 -2
right_child=2 -3 3 -5 -6
leaf_value=0.11322019958102521 0.0042174147070087025 0.036030059086993728 -0.041257586217306574 0.0030246206763273201 -0.0055885074829817305
leaf_weight=5.5017823874950382 8.708913351874795 8.8701250720769167 23.694143522530798 0.1208237367682149 0.3642117839772262
leaf_count=16 58 42 50 12 32
internal_value=0 0.655796 -0.286579 -0.410329 0.0382379
internal_weight=0 14.3719 32.8881 23.815 9.07313
internal_count=210 58 152 62 90
shrinkage=0.1


Tree=92
num_leaves=6
num_cat=0
split_feature=0 0 0 0 0
split_gain=0.475306 0.0903046 0.0049187 0.00134462 0.00108368
threshold=0.15000000000000005 0.35000000000000003 1.0000000180025095e-35 0.25000000000000006 0.45000000000000007
decision_type=2 2 2 2 2
left_child=2 3 -1 -2 -3
right_child=1 4 -4 -5 -6
leaf_value=-0.0081010971718378771 0.0032655558606764995 0.01704034406228545 -0.011121574032737709 0.0087371980720436036 0.0097348457053039981
leaf_weight=8.7787666618824005 8.5704080220311862 11.289103806018828 13.972264489158988 0.47395788691938001 0.20676815835759119
leaf_count=16 58 50 42 32 12
internal_value=0 0.110277 -0.0995609 0.0355229 0.169089
internal_weight=0 20.5402 22.751 9.04437 11.4959
internal_count=210 152 58 90 62
shrinkage=0.1


Tree=93
num_leaves=6
num_cat=0
split_feature=0 0 0 0 0
split_gain=0.689019 0.113489 0.0275836 0.00411209 0.000775028
threshold=0.15000000000000005 0.35000000000000003 1.0000000180025095e-35 0.45000000000000007 0.25000000000000006
decision_type=2 2 2 2 2
left_child=2 4 -1 -3 -2
right_child=1 3 -4 -5 -6
leaf_value=-0.0071222244820171535 0.0043282265860929417 0.019694859439084087 -0.014231192150570901 0.0047966507553854724 0.0088861969381461518
leaf_weight=8.5227137207984924 8.3516027480363828 11.992537867277859 15.178697004914284 0.18817259324714616 0.39049973001238042
leaf_count=16 58 50 42 12 32
internal_value=0 0.132254 -0.116749 0.194647 0.0453183
internal_weight=0 20.9228 23.7014 12.1807 8.7421
internal_count=210 152 58 62 90
shrinkage=0.1


Tree=94
num_leaves=6
num_cat=0
split_feature=0 0 0 0 0
split_gain=0.85936 0.496812 0.444939 0.00449724 0.00283411
threshold=0.25000000000000006 1.0000000180025095e-35 0.15000000000000005 0.45000000000000007 0.35000000000000003
decision_type=2 2 2 2 2
left_child=1 -1 -3 4 -2
right_child=3 2 -4 -5 -6
leaf_value=-0.008446004160957421 -0.0083091549043844953 0.035715636891942355 0.0044612742844045107 -0.00088335288109292346 -0.01740548138296414
leaf_weight=8.6646787822246569 0.34945964731742307 9.4401360079646111 8.8018078352324665 0.17003547865897317 17.24697220697999
leaf_count=16 32 42 58 12 50
internal_value=0 0.112703 0.206353 -0.170684 -0.172248
internal_weight=0 26.9066 18.2419 17.7665 17.5964
internal_count=210 116 100 94 82
shrinkage=0.1


Tree=95
num_leaves=6
num_cat=0
split_feature=0 0 0 0 0
split_gain=0.544483 0.103547 0.00249885 0.00166428 0.00142736
threshold=0.15000000000000005 0.35000000000000003 1.0000000180025095e-35 0.45000000000000007 0.25000000000000006
decision_type=2 2 2 2 2
left_child=2 4 -1 -3 -2
right_child=1 3 -4 -5 -6
leaf_value=-0.0092007211899524551 0.0034436506529650331 0.018184352470645752 -0.011336884908249051 0.0089839941579996797 0.0092059334646960901
leaf_weight=8.8740957081317902 8.5123461349867267 11.465958971530197 14.301245648413897 0.20004527503624639 0.45274240814615119
leaf_count=16 58 50 42 12 32
internal_value=0 0.118161 -0.105189 0.180266 0.0373465
internal_weight=0 20.6311 23.1753 11.666 8.96509
internal_count=210 152 58 62 90
shrinkage=0.1


Tree=96
num_leaves=6
num_cat=0
split_feature=0 0 0 0 0
split_gain=0.820847 0.126099 0.0333416 0.00656321 0.000592618
threshold=0.15000000000000005 0.35000000000000003 1.0000000180025095e-35 0.45000000000000007 0.25000000000000006
decision_type=2 2 2 2 2
left_child=2 4 -1 -3 -2
right_child=1 3 -4 -5 -6
leaf_value=-0.0073078573379436879 0.0046602251065534428 0.020765069347300859 -0.015065562972543318 0.0008286604678062094 0.0089969670984981331
leaf_weight=8.3909240961074847 8.154418674297629 12.805159129202364 16.306673891842365 0.16728596668690521 0.32776491355616683
leaf_count=16 58 50 42 12 32
internal_value=0 0.143088 -0.124299 0.20508 0.048278
internal_weight=0 21.4546 24.6976 12.9724 8.48218
internal_count=210 152 58 62 90
shrinkage=0.1


Tree=97
num_leaves=6
num_cat=0
split_feature=0 0 0 0 0
split_gain=0.385315 0.455352 0.290128 0.00220173 0.000281203
threshold=0.25000000000000006 1.0000000180025095e-35 0.15000000000000005 0.45000000000000007 0.35000000000000003
decision_type=2 2 2 2 2
left_child=1 -1 -3 4 -2
right_child=3 2 -4 -5 -6
leaf_value=-0.010854199926240503 -0.009020454255075824 0.029175009187568452 0.0038075191642637537 -0.00030602324475408592 -0.011795936393606828
leaf_weight=9.0449213683605212 0.37313495087437937 9.1235683634877205 8.9130134903825819 0.17020369553938408 16.829809434711933
leaf_count=16 32 42 58 12 50
internal_value=0 0.074568 0.166393 -0.116238 -0.117357
internal_weight=0 27.0815 18.0366 17.3731 17.2029
internal_count=210 116 100 94 82
shrinkage=0.1


Tree=98
num_leaves=6
num_cat=0
split_feature=0 0 0 0 0
split_gain=0.819505 0.14161 0.00808592 0.00474377 0.00115833
threshold=0.15000000000000005 0.35000000000000003 1.0000000180025095e-35 0.45000000000000007 0.25000000000000006
decision_type=2 2 2 2 2
left_child=2 4 -1 -3 -2
right_child=1 3 -4 -5 -6
leaf_value=-0.010004299820661797 0.0042564386630329857 0.021363466696176146 -0.013782881285026465 0.0045587244548091323 0.010063815303918075
leaf_weight=8.842914953827858 8.2408951893448812 12.455658443272112 15.750609312206507 0.17027729330584485 0.35839247982949096
leaf_count=16 58 50 42 12 32
internal_value=0 0.143959 -0.124242 0.211368 0.0449847
internal_weight=0 21.2252 24.5935 12.6259 8.59929
internal_count=210 152 58 62 90
shrinkage=0.1


Tree=99
num_leaves=6
num_cat=0
split_feature=0 0 0 0 0
split_gain=0.340436 0.624767 0.33904 0.0027864 0.00050895
threshold=0.25000000000000006 1.0000000180025095e-35 0.15000000000000005 0.45000000000000007 0.35000000000000003
decision_type=2 2 2 2 2
left_child=1 -1 -3 4 -2
right_child=3 2 -4 -5 -6
leaf_value=-0.013965461710977449 -0.0072219617948807383 0.030809528197792615 0.0035660073219696414 0.0024440144535483382 -0.011033817770485767
leaf_weight=9.4516207128763217 0.35755807778332999 9.4902412816882133 8.807167430408299 0.15656128665432234 17.183574635535479
leaf_count=16 32 42 58 12 50
internal_value=0 0.0691195 0.176963 -0.108376 -0.109561
internal_weight=0 27.749 18.2974 17.6977 17.5411
internal_count=210 116 100 94 82
shrinkage=0.1


end of trees

feature importances:
geographical=500

parameters:
[boosting: gbdt]
[objective: lambdarank]
[metric: ndcg]
[tree_learner: serial]
[device_type: cpu]
[data: ]
[valid: ]
[num_iterations: 100]
[learning_rate: 0.1]
[num_leaves: 16]
[num_threads: -1]
[max_depth: -1]
[min_data_in_leaf: 5]
[min_sum_hessian_in_leaf: 0.001]
[bagging_fraction: 1]
[pos_bagging_fraction: 1]
[neg_bagging_fraction: 1]
[bagging_freq: 0]
[bagging_seed: 3]
[feature_fraction: 1]
[feature_fraction_bynode: 1]
[feature_fraction_seed: 2]
[early_stopping_round: 0]
[first_metric_only: 0]
[max_delta_step: 0]
[lambda_l1: 0]
[lambda_l2: 0]
[min_gain_to_split: 0]
[drop_rate: 0.1]
[max_drop: 50]
[skip_drop: 0.5]
[xgboost_dart_mode: 0]
[uniform_drop: 0]
[drop_seed: 4]
[top_rate: 0.2]
[other_rate: 0.1]
[min_data_per_group: 100]
[max_cat_threshold: 32]
[cat_l2: 10]
[cat_smooth: 10]
[max_cat_to_onehot: 4]
[top_k: 20]
[monotone_constraints: ]
[feature_contri: ]
[forcedsplits_filename: ]
[forcedbins_filename: ]
[refit_decay_rate: 0.9]
[cegb_tradeoff: 1]
[cegb_penalty_split: 0]
[cegb_penalty_feature_lazy: ]
[cegb_penalty_feature_coupled: ]
[verbosity: -1]
[max_bin: 255]
[max_bin_by_feature: ]
[min_data_in_bin: 3]
[bin_construct_sample_cnt: 200000]
[histogram_pool_size: -1]
[data_random_seed: 1]
[output_model: LightGBM_model.txt]
[snapshot_freq: -1]
[input_model: ]
[output_result: LightGBM_predict_result.txt]
[initscore_filename: ]
[valid_data_initscores: ]
[pre_partition: 0]
[enable_bundle: 1]
[max_conflict_rate: 0]
[is_enable_sparse: 1]
[sparse_threshold: 0.8]
[use_missing: 1]
[zero_as_missing: 0]
[two_round: 0]
[save_binary: 0]
[header: 0]
[label_column: ]
[weight_column: ]
[group_column: ]
[ignore_column: ]
[categorical_feature: ]
[predict_raw_score: 0]
[predict_leaf_index: 0]
[predict_contrib: 0]
[num_iteration_predict: -1]
[pred_early_stop: 0]
[pred_early_stop_freq: 10]
[pred_early_stop_margin: 10]
[convert_model_language: ]
[convert_model: gbdt_prediction.cpp]
[num_class: 1]
[is_unbalance: 0]
[scale_pos_weight: 1]
[sigmoid: 1]
[boost_from_average: 1]
[reg_sqrt: 0]
[alpha: 0.9]
[fair_c: 1]
[poisson_max_delta_step: 0.7]
[tweedie_variance_power: 1.5]
[max_position: 20]
[lambdamart_norm: 1]
[label_gain: ]
[metric_freq: 1]
[is_provide_training_metric: 0]
[eval_at: 1]
[multi_error_top_k: 1]
[num_machines: 1]
[local_listen_port: 12400]
[time_out: 120]
[machine_list_filename: ]
[machines: ]
[gpu_platform_id: -1]
[gpu_device_id: -1]
[gpu_use_dp: 0]

end of parameters

pandas_categorical:null
