tree
version=v3
num_class=1
num_tree_per_iteration=1
label_index=0
max_feature_idx=0
objective=lambdarank
feature_names=geographical
feature_infos=[0:1]
tree_sizes=852 849 852 855 857 859 863 864 864 863 868 868 869 870 864 870 874 871 869 874 873 873 871 877 877 878 873 873 875 877 879 880 883 878 883 879 881 884 881 880 882 881 881 883 878 882 883 883 883 884 879 873 880 879 880 880 879 878 877 883 882 878 884 883 876 880 880 886 885 885 885 883 883 883 887 884 881 885 883 884 884 886 885 883 886 881 886 880 882 885 885 881 885 885 884 887 882 883 880 883

Tree=0
num_leaves=7
num_cat=0
split_feature=0 0 0 0 0 0
split_gain=6.22646 1.58012 0.587391 0.0339926 0.000420973 0.000363139
threshold=0.75000000000000011 0.15000000000000005 0.25000000000000006 0.45000000000000007 0.35000000000000003 1.0000000180025095e-35
decision_type=2 2 2 2 2 2
left_child=1 5 -3 4 -4 -1
right_child=-2 2 3 -5 -6 -7
leaf_value=-0.013798395653318977 0.057706698199214083 -0.17626901749810672 -0.083371320997054923 -0.10635808110800081 -0.080773932813828581 -0.011611140712303996
leaf_weight=1.3820005021989337 8.6199443209916353 0.94313872419297684 1.0048777107149367 0.71274560876190651 1.6462736986577511 1.6839654166251421
leaf_count=20 78 22 20 14 30 26
internal_value=0 -0.674662 -1.06525 -0.869706 -0.817584 -0.125971
internal_weight=0 7.373 4.30704 3.3639 2.65115 3.06597
internal_count=210 132 86 64 50 46
shrinkage=0.1


Tree=1
num_leaves=7
num_cat=0
split_feature=0 0 0 0 0 0
split_gain=1.65361 0.934464 0.750318 0.116932 0.11445 0.0451676
threshold=0.75000000000000011 0.15000000000000005 0.25000000000000006 0.35000000000000003 1.0000000180025095e-35 0.45000000000000007
decision_type=2 2 2 2 2 2
left_child=1 4 -3 -4 -1 -5
right_child=-2 2 3 5 -6 -7
leaf_value=-0.015171358036452446 0.017947519764039896 -0.12790719897022881 -0.053223389346578803 -0.021400806961200582 0.0078607397275317348 -0.045545332222718123
leaf_weight=3.5441232323646563 22.351499466225505 1.0225161295384149 2.6051935441792011 3.5597585029900074 5.5144221074879169 0.99035598337650277
leaf_count=20 78 22 20 30 26 14
internal_value=0 -0.232737 -0.477795 -0.36329 -0.0115049 -0.26656
internal_weight=0 17.2364 8.17782 7.15531 9.05855 4.55011
internal_count=210 132 86 64 46 44
shrinkage=0.1


Tree=2
num_leaves=7
num_cat=0
split_feature=0 0 0 0 0 0
split_gain=0.829172 0.627317 0.379693 0.0319725 0.00949576 0.0042984
threshold=0.75000000000000011 0.15000000000000005 0.25000000000000006 0.35000000000000003 1.0000000180025095e-35 0.45000000000000007
decision_type=2 2 2 2 2 2
left_child=1 4 -3 -4 -1 -5
right_child=-2 2 3 5 -6 -7
leaf_value=-0.0048605649556746544 0.011569873710267208 -0.10676282234300381 -0.044201571490938341 -0.026076920016074187 0.0023547029798298641 -0.034130255773709046
leaf_weight=2.853102043271063 23.423135017976165 0.80243007373064734 1.7776573840528724 2.8936485648155217 5.0568953789770603 0.85965146869420994
leaf_count=20 78 22 20 30 26 14
internal_value=0 -0.190266 -0.4248 -0.331539 -0.00247813 -0.279214
internal_weight=0 14.2434 6.33339 5.53096 7.91 3.7533
internal_count=210 132 86 64 46 44
shrinkage=0.1


Tree=3
num_leaves=7
num_cat=0
split_feature=0 0 0 0 0 0
split_gain=0.5298 0.409163 0.25006 0.0548766 0.0052832 0.00340435
threshold=0.75000000000000011 0.15000000000000005 0.25000000000000006 0.35000000000000003 1.0000000180025095e-35 0.45000000000000007
decision_type=2 2 2 2 2 2
left_child=1 4 -3 -4 -1 -5
right_child=-2 2 3 5 -6 -7
leaf_value=-0.0042391633098559324 0.0090426144958913376 -0.092244694807941119 -0.04346094609412756 -0.022899261015430314 0.0012389345843320529 -0.015537341653720185
leaf_weight=2.7285396531224233 23.56863016448915 0.69346893206238736 1.6158752702176569 2.6515100654214625 4.9622323103249073 0.82313028723001469
leaf_count=20 78 22 20 30 26 14
internal_value=0 -0.158164 -0.359101 -0.282357 -0.0070459 -0.211552
internal_weight=0 13.4748 5.78398 5.09052 7.69077 3.47464
internal_count=210 132 86 64 46 44
shrinkage=0.1


Tree=4
num_leaves=7
num_cat=0
split_feature=0 0 0 0 0 0
split_gain=0.39029 0.323201 0.171866 0.00976787 0.00632943 0.00321723
threshold=0.75000000000000011 0.15000000000000005 0.25000000000000006 0.35000000000000003 0.45000000000000007 1.0000000180025095e-35
decision_type=2 2 2 2 2 2
left_child=1 5 -3 -4 -5 -1
right_child=-2 2 3 4 -6 -7
leaf_value=-0.003565279245111993 0.0075921580691873649 -0.08197939394741327 -0.033330189874318517 -0.020911114754460492 -0.031303717243377834 0.00075936978717228078
leaf_weight=2.6519616544246656 23.757689928635955 0.63077897578477848 1.4054705509915946 2.4911050722002988 0.7662922516465186 4.8960390947759151
leaf_count=20 78 22 20 30 14 26
internal_value=0 -0.140459 -0.329896 -0.263624 -0.233559 -0.00760079
internal_weight=0 12.8416 5.29365 4.66287 3.2574 7.548
internal_count=210 132 86 64 44 46
shrinkage=0.1


Tree=5
num_leaves=7
num_cat=0
split_feature=0 0 0 0 0 0
split_gain=0.292773 0.247986 0.130309 0.00910847 0.00476961 0.00230527
threshold=0.75000000000000011 0.15000000000000005 0.25000000000000006 0.35000000000000003 0.45000000000000007 1.0000000180025095e-35
decision_type=2 2 2 2 2 2
left_child=1 5 -3 -4 -5 -1
right_child=-2 2 3 4 -6 -7
leaf_value=-0.0032414916892453288 0.0064936560587175096 -0.07388632147679873 -0.03065696203717105 -0.01861932961738514 -0.027929262302601746 0.00045056386246860013
leaf_weight=2.5978456363081914 23.836597910150886 0.58675747178494919 1.3310798304155467 2.3851769389584665 0.71532067656517018 4.8455246463418007
leaf_count=20 78 22 20 30 14 26
internal_value=0 -0.12421 -0.296013 -0.237377 -0.207672 -0.00838018
internal_weight=0 12.4617 5.01833 4.43158 3.1005 7.44337
internal_count=210 132 86 64 44 46
shrinkage=0.1


Tree=6
num_leaves=7
num_cat=0
split_feature=0 0 0 0 0 0
split_gain=0.228109 0.197534 0.102854 0.00783437 0.00376201 0.0017258
threshold=0.75000000000000011 0.15000000000000005 0.25000000000000006 0.35000000000000003 0.45000000000000007 1.0000000180025095e-35
decision_type=2 2 2 2 2 2
left_child=1 5 -3 -4 -5 -1
right_child=-2 2 3 4 -6 -7
leaf_value=-0.0029459240613104801 0.0056755901479980499 -0.067413374342861918 -0.028196191959395236 -0.016897938191938092 -0.025375622924412641 0.00027030343164740467
leaf_weight=2.5558490268886072 23.895274644717574 0.55456532631069411 1.2722687954083083 2.3047329941764478 0.67725234478712071 4.8049184828996658
leaf_count=20 78 22 20 30 14 26
internal_value=0 -0.111442 -0.269066 -0.216264 -0.188233 -0.00846454
internal_weight=0 12.1696 4.80882 4.25425 2.98199 7.36077
internal_count=210 132 86 64 44 46
shrinkage=0.1


Tree=7
num_leaves=7
num_cat=0
split_feature=0 0 0 0 0 0
split_gain=0.182661 0.161477 0.0836046 0.0066368 0.00302454 0.00133325
threshold=0.75000000000000011 0.15000000000000005 0.25000000000000006 0.35000000000000003 0.45000000000000007 1.0000000180025095e-35
decision_type=2 2 2 2 2 2
left_child=1 5 -3 -4 -5 -1
right_child=-2 2 3 4 -6 -7
leaf_value=-0.0026836742507814681 0.0050385017212147753 -0.062074821553102733 -0.026031997744916116 -0.015510521346599516 -0.023269902300936153 0.00015899305664386016
leaf_weight=2.5220046415925008 23.940126841887832 0.52968431124463677 1.2255831854417918 2.2411601403728132 0.64747786335647095 4.7713118195533752
leaf_count=20 78 22 20 30 14 26
internal_value=0 -0.101047 -0.246802 -0.198659 -0.172498 -0.00823992
internal_weight=0 11.9372 4.64391 4.11422 2.88864 7.29332
internal_count=210 132 86 64 44 46
shrinkage=0.1


Tree=8
num_leaves=7
num_cat=0
split_feature=0 0 0 0 0 0
split_gain=0.149328 0.13458 0.0695032 0.00562585 0.00245476 0.00105471
threshold=0.75000000000000011 0.15000000000000005 0.25000000000000006 0.35000000000000003 0.45000000000000007 1.0000000180025095e-35
decision_type=2 2 2 2 2 2
left_child=1 5 -3 -4 -5 -1
right_child=-2 2 3 4 -6 -7
leaf_value=-0.002451588850033392 0.0045256706944867683 -0.057572092905489994 -0.024134426373083315 -0.014350378183188803 -0.021462803722202092 8.8638256092844983e-05
leaf_weight=2.4939870201051217 23.975380128249526 0.50971530377864827 1.1877812361344693 2.1893713558092718 0.62344061769545067 4.7428997531533241
leaf_count=20 78 22 20 30 14 26
internal_value=0 -0.0923665 -0.227946 -0.183637 -0.159268 -0.00786779
internal_weight=0 11.7472 4.51031 4.00059 2.81281 7.23689
internal_count=210 132 86 64 44 46
shrinkage=0.1


Tree=9
num_leaves=7
num_cat=0
split_feature=0 0 0 0 0 0
split_gain=0.124092 0.113882 0.0588102 0.00479915 0.0020065 0.000851147
threshold=0.75000000000000011 0.15000000000000005 0.25000000000000006 0.35000000000000003 0.45000000000000007 1.0000000180025095e-35
decision_type=2 2 2 2 2 2
left_child=1 5 -3 -4 -5 -1
right_child=-2 2 3 4 -6 -7
leaf_value=-0.0022467793656158635 0.0041026702865167939 -0.053707030344589637 -0.022466241056955036 -0.013355944524714431 -0.019882283416113495 4.4365872357633612e-05
leaf_weight=2.4703239612281305 24.003741016611457 0.49323706841096271 1.1565569136291745 2.146187955513597 0.60356944799423207 4.7184851095080376
leaf_count=20 78 22 20 30 14 26
internal_value=0 -0.0849813 -0.2117 -0.170617 -0.147885 -0.00742951
internal_weight=0 11.5884 4.39955 3.90631 2.74976 7.18881
internal_count=210 132 86 64 44 46
shrinkage=0.1


Tree=10
num_leaves=7
num_cat=0
split_feature=0 0 0 0 0 0
split_gain=0.104492 0.0975773 0.0504873 0.00412162 0.00164902 0.000697731
threshold=0.75000000000000011 0.15000000000000005 0.25000000000000006 0.35000000000000003 0.45000000000000007 1.0000000180025095e-35
decision_type=2 2 2 2 2 2
left_child=1 5 -3 -4 -5 -1
right_child=-2 2 3 4 -6 -7
leaf_value=-0.0020639216925416141 0.0037468082590789188 -0.050345687443364373 -0.020988377961464775 -0.012490221226095938 -0.018483356428962174 1.7732699579187425e-05
leaf_weight=2.4500081427395326 24.027027254924178 0.47935695387423033 1.1302957106381657 2.1095077376812701 0.58682813867926586 4.6972267515957355
leaf_count=20 78 22 20 30 14 26
internal_value=0 -0.0786021 -0.197519 -0.159194 -0.137946 -0.0069584
internal_weight=0 11.4532 4.30599 3.82663 2.69634 7.14723
internal_count=210 132 86 64 44 46
shrinkage=0.1


Tree=11
num_leaves=7
num_cat=0
split_feature=0 0 0 0 0 0
split_gain=0.0889764 0.0844625 0.0438648 0.0035613 0.00136133 0.000577798
threshold=0.75000000000000011 0.15000000000000005 0.25000000000000006 0.35000000000000003 0.45000000000000007 1.0000000180025095e-35
decision_type=2 2 2 2 2 2
left_child=1 5 -3 -4 -5 -1
right_child=-2 2 3 4 -6 -7
leaf_value=-0.0018996036453823005 0.003443147250510556 -0.047388851506494051 -0.019668369651352526 -0.011727271462265392 -0.017234543176401027 5.2178317640024169e-07
leaf_weight=2.4323404431343061 24.046462943777442 0.46746812784112973 1.1078687505796554 2.0778780560940509 0.57250595092773438 4.6785386018455029
leaf_count=20 78 22 20 30 14 26
internal_value=0 -0.0730338 -0.185004 -0.149071 -0.129169 -0.00649433
internal_weight=0 11.3366 4.22572 3.75825 2.65038 7.11088
internal_count=210 132 86 64 44 46
shrinkage=0.1


Tree=12
num_leaves=7
num_cat=0
split_feature=0 0 0 0 0 0
split_gain=0.0764706 0.0737385 0.0385001 0.00310074 0.00112886 0.000483565
threshold=0.75000000000000011 0.15000000000000005 0.25000000000000006 0.35000000000000003 0.45000000000000007 1.0000000180025095e-35
decision_type=2 2 2 2 2 2
left_child=1 5 -3 -4 -5 -1
right_child=-2 2 3 4 -6 -7
leaf_value=-0.0017522054321390237 0.0031804026884132406 -0.044762949816201575 -0.01848517683428685 -0.01104485326699634 -0.016110493337015478 -9.1960843444754327e-06
leaf_weight=2.4168262518942338 24.062905302271247 0.45714619196951378 1.0884740278124811 2.0502546494826679 0.56009671464562405 4.6619579307734966
leaf_count=20 78 22 20 30 14 26
internal_value=0 -0.0681187 -0.173851 -0.140014 -0.121318 -0.00604291
internal_weight=0 11.2348 4.15597 3.69883 2.61035 7.07878
internal_count=210 132 86 64 44 46
shrinkage=0.1


Tree=13
num_leaves=7
num_cat=0
split_feature=0 0 0 0 0 0
split_gain=0.0662539 0.0648615 0.0340851 0.00271164 0.000939582 0.000409061
threshold=0.75000000000000011 0.15000000000000005 0.25000000000000006 0.35000000000000003 0.45000000000000007 1.0000000180025095e-35
decision_type=2 2 2 2 2 2
left_child=1 5 -3 -4 -5 -1
right_child=-2 2 3 4 -6 -7
leaf_value=-0.0016201164315214787 0.0029507802587009947 -0.042412671596158594 -0.017414151817272627 -0.010433177300649122 -0.015096334952893913 -1.3107326569324447e-05
leaf_weight=2.4030832014977914 24.076978942379355 0.44808531133458007 1.0715052084997299 2.0258920816704635 0.54923261515796173 4.6471319906413555
leaf_count=20 78 22 20 30 14 26
internal_value=0 -0.0637473 -0.16385 -0.131868 -0.114278 -0.0056086
internal_weight=0 11.1449 4.09472 3.64663 2.57512 7.05022
internal_count=210 132 86 64 44 46
shrinkage=0.1


Tree=14
num_leaves=7
num_cat=0
split_feature=0 0 0 0 0 0
split_gain=0.0577996 0.057422 0.0304084 0.00238453 0.00078367 0.000347755
threshold=0.75000000000000011 0.15000000000000005 0.25000000000000006 0.35000000000000003 0.45000000000000007 1.0000000180025095e-35
decision_type=2 2 2 2 2 2
left_child=1 5 -3 -4 -5 -1
right_child=-2 2 3 4 -6 -7
leaf_value=-0.0014989617664396507 0.0027481429106484163 -0.040295684106655377 -0.016441817544435102 -0.009879230437409842 -0.01417253307795802 -1.4027215600798406e-05
leaf_weight=2.3908032290637475 24.089158093556762 0.44005951797589649 1.056529423221946 2.0042057279497389 0.53963099606335152 4.6337947249412537
leaf_count=20 78 22 20 30 14 26
internal_value=0 -0.0598286 -0.154815 -0.124485 -0.1079 -0.00519421
internal_weight=0 11.065 4.04043 3.60037 2.54384 7.0246
internal_count=210 132 86 64 44 46
shrinkage=0.1


Tree=15
num_leaves=7
num_cat=0
split_feature=0 0 0 0 0 0
split_gain=0.050737 0.0511313 0.0273067 0.00210699 0.000655342 0.000297991
threshold=0.75000000000000011 0.15000000000000005 0.25000000000000006 0.35000000000000003 0.45000000000000007 1.0000000180025095e-35
decision_type=2 2 2 2 2 2
left_child=1 5 -3 -4 -5 -1
right_child=-2 2 3 4 -6 -7
leaf_value=-0.0013893309808342929 0.0025680955353337689 -0.038376542467396808 -0.015555745604651304 -0.0093755876850331182 -0.013330534363882263 -1.2035610378933975e-05
leaf_weight=2.3797739483416063 24.099778970703483 0.4328908636234704 1.0432038567960265 1.9847663808614018 0.53108259569853533 4.6217256896197796
leaf_count=20 78 22 20 30 14 26
internal_value=0 -0.0562977 -0.146617 -0.117772 -0.102105 -0.00480171
internal_weight=0 10.9934 3.99194 3.55905 2.51585 7.0015
internal_count=210 132 86 64 44 46
shrinkage=0.1


Tree=16
num_leaves=7
num_cat=0
split_feature=0 0 0 0 0 0
split_gain=0.0447749 0.0457541 0.0246681 0.00186927 0.000549662 0.000256594
threshold=0.75000000000000011 0.15000000000000005 0.25000000000000006 0.35000000000000003 0.45000000000000007 1.0000000180025095e-35
decision_type=2 2 2 2 2 2
left_child=1 5 -3 -4 -5 -1
right_child=-2 2 3 4 -6 -7
leaf_value=-0.0012889588569556555 0.0024068287182585635 -0.036628024874962105 -0.014742602693916612 -0.0089135736168931192 -0.012559867820969831 -8.6175030745009353e-06
leaf_weight=2.3698075078427774 24.109121745452285 0.42644469952210817 1.0312572605907919 1.9672084497287872 0.52342093735933293 4.6107556819915771
leaf_count=20 78 22 20 30 14 26
internal_value=0 -0.0530946 -0.139128 -0.111623 -0.0967986 -0.00443276
internal_weight=0 10.9289 3.94833 3.52189 2.49063 6.98056
internal_count=210 132 86 64 44 46
shrinkage=0.1


Tree=17
num_leaves=7
num_cat=0
split_feature=0 0 0 0 0 0
split_gain=0.039701 0.0411323 0.0224037 0.00166472 0.000461213 0.000222061
threshold=0.75000000000000011 0.15000000000000005 0.25000000000000006 0.35000000000000003 0.45000000000000007 1.0000000180025095e-35
decision_type=2 2 2 2 2 2
left_child=1 5 -3 -4 -5 -1
right_child=-2 2 3 4 -6 -7
leaf_value=-0.0011965305071282924 0.0022615182265369161 -0.03502850438178242 -0.013994824933372381 -0.0084895050832945896 -0.011850018355598041 -3.5096339082360207e-06
leaf_weight=2.3607545979320985 24.117394855245948 0.42061561765149275 1.0204829876311126 1.951273560523987 0.51651075482368458 4.6007357724010944
leaf_count=20 78 22 20 30 14 26
internal_value=0 -0.0501748 -0.132265 -0.105977 -0.0919287 -0.00408082
internal_weight=0 10.8704 3.90888 3.48827 2.46778 6.96149
internal_count=210 132 86 64 44 46
shrinkage=0.1


Tree=18
num_leaves=7
num_cat=0
split_feature=0 0 0 0 0 0
split_gain=0.0353619 0.037118 0.0204437 0.00148789 0.000387635 0.000193217
threshold=0.75000000000000011 0.15000000000000005 0.25000000000000006 0.35000000000000003 0.45000000000000007 1.0000000180025095e-35
decision_type=2 2 2 2 2 2
left_child=1 5 -3 -4 -5 -1
right_child=-2 2 3 4 -6 -7
leaf_value=-0.0011130289723262111 0.0021301896983570534 -0.033557911233184225 -0.013304286994265828 -0.0080973667520172696 -0.011195509835979502 1.4794676842007545e-06
leaf_weight=2.3525091223418695 24.124756192788482 0.41531280567869577 1.0107132452540102 1.9367243116721511 0.51024818699806918 4.5915614999830723
leaf_count=20 78 22 20 30 14 26
internal_value=0 -0.0475085 -0.125946 -0.100766 -0.087434 -0.00376093
internal_weight=0 10.8171 3.873 3.45769 2.44697 6.94407
internal_count=210 132 86 64 44 46
shrinkage=0.1


Tree=19
num_leaves=7
num_cat=0
split_feature=0 0 0 0 0 0
split_gain=0.0316149 0.0336249 0.0187339 0.00133405 0.000325507 0.000169013
threshold=0.75000000000000011 0.15000000000000005 0.25000000000000006 0.35000000000000003 0.45000000000000007 1.0000000180025095e-35
decision_type=2 2 2 2 2 2
left_child=1 5 -3 -4 -5 -1
right_child=-2 2 3 4 -6 -7
leaf_value=-0.0010357700899732095 0.0020105633453338409 -0.032200855402444425 -0.012665252118755205 -0.0077350538557580898 -0.010588798399014991 8.0333566374263974e-06
leaf_weight=2.3449549265205842 24.131351029500365 0.41046586004085872 1.0018110601231458 1.9233955405652523 0.50454445928335179 4.5831139758229256
leaf_count=20 78 22 20 30 14 26
internal_value=0 -0.0450561 -0.120112 -0.0959495 -0.0832808 -0.00345265
internal_weight=0 10.7683 3.84022 3.42975 2.42794 6.92807
internal_count=210 132 86 64 44 46
shrinkage=0.1


Tree=20
num_leaves=7
num_cat=0
split_feature=0 0 0 0 0 0
split_gain=0.0283668 0.0305608 0.0172361 0.00120074 0.000273974 0.00014811
threshold=0.75000000000000011 0.15000000000000005 0.25000000000000006 0.35000000000000003 0.45000000000000007 1.0000000180025095e-35
decision_type=2 2 2 2 2 2
left_child=1 5 -3 -4 -5 -1
right_child=-2 2 3 4 -6 -7
leaf_value=-0.00096403552571934579 0.0019013433557566791 -0.030945696171113687 -0.012072999826981557 -0.0073970268133689808 -0.010027687613158778 1.4331131686915269e-05
leaf_weight=2.3380125910043699 24.137288948521018 0.4060203544795517 0.99366648914292477 1.9111206689849498 0.49933250714093441 4.5753246173262596
leaf_count=20 78 22 20 30 14 26
internal_value=0 -0.042797 -0.114707 -0.0914783 -0.0794198 -0.00316541
internal_weight=0 10.7235 3.81014 3.40412 2.41045 6.91334
internal_count=210 132 86 64 44 46
shrinkage=0.1


Tree=21
num_leaves=7
num_cat=0
split_feature=0 0 0 0 0 0
split_gain=0.0255397 0.0278578 0.0159138 0.00108296 0.00023034 0.000130038
threshold=0.75000000000000011 0.15000000000000005 0.25000000000000006 0.35000000000000003 0.45000000000000007 1.0000000180025095e-35
decision_type=2 2 2 2 2 2
left_child=1 5 -3 -4 -5 -1
right_child=-2 2 3 4 -6 -7
leaf_value=-0.0008978377816305119 0.0018013618011324317 -0.029779817911445836 -0.011520765879935597 -0.0070827775625660261 -0.0095055926088587414 1.9975107706836984e-05
leaf_weight=2.3316168747842294 24.142653247341514 0.4019238136243079 0.98617939092218909 1.8997837696224453 0.49454922229051573 4.5681230872869492
leaf_count=20 78 22 20 30 14 26
internal_value=0 -0.0407124 -0.109685 -0.0873189 -0.0758321 -0.0029018
internal_weight=0 10.6822 3.78244 3.38051 2.39433 6.89974
internal_count=210 132 86 64 44 46
shrinkage=0.1


Tree=22
num_leaves=7
num_cat=0
split_feature=0 0 0 0 0 0
split_gain=0.023055 0.0254707 0.0147415 0.000978705 0.00019335 0.000114889
threshold=0.75000000000000011 0.15000000000000005 0.25000000000000006 0.35000000000000003 0.45000000000000007 1.0000000180025095e-35
decision_type=2 2 2 2 2 2
left_child=1 5 -3 -4 -5 -1
right_child=-2 2 3 4 -6 -7
leaf_value=-0.00083636661747763538 0.0017090763612105581 -0.028694661594272326 -0.011004816249679 -0.0067896887095878549 -0.0090186261302771312 2.7268807276300065e-05
leaf_weight=2.3257053606212121 24.147523423656821 0.39813797594979439 0.97927349759265792 1.8892794637940826 0.49014550261199458 4.5614329259842634
leaf_count=20 78 22 20 30 14 26
internal_value=0 -0.0387731 -0.105006 -0.0834394 -0.0724883 -0.00264371
internal_weight=0 10.644 3.75684 3.3587 2.37942 6.88714
internal_count=210 132 86 64 44 46
shrinkage=0.1


Tree=23
num_leaves=7
num_cat=0
split_feature=0 0 0 0 0 0
split_gain=0.0208769 0.023344 0.0136961 0.000886832 0.000162086 0.000101752
threshold=0.75000000000000011 0.15000000000000005 0.25000000000000006 0.35000000000000003 0.45000000000000007 1.0000000180025095e-35
decision_type=2 2 2 2 2 2
left_child=1 5 -3 -4 -5 -1
right_child=-2 2 3 4 -6 -7
leaf_value=-0.00078021576257226175 0.0016242076906243506 -0.027681401305416905 -0.010522856376993482 -0.0065152160748931411 -0.0085638573226381586 3.3367566316065088e-05
leaf_weight=2.3202331252396089 24.151956250891089 0.39462610823102329 0.97288941219449088 1.8795132432132962 0.48607942461967457 4.5552224460989237
leaf_count=20 78 22 20 30 14 26
internal_value=0 -0.0369775 -0.100639 -0.0798139 -0.0693617 -0.00241189
internal_weight=0 10.6086 3.73311 3.33848 2.36559 6.87546
internal_count=210 132 86 64 44 46
shrinkage=0.1


Tree=24
num_leaves=7
num_cat=0
split_feature=0 0 0 0 0 0
split_gain=0.0189485 0.0214454 0.0127617 0.000805632 0.00013562 9.00683e-05
threshold=0.75000000000000011 0.15000000000000005 0.25000000000000006 0.35000000000000003 0.45000000000000007 1.0000000180025095e-35
decision_type=2 2 2 2 2 2
left_child=1 5 -3 -4 -5 -1
right_child=-2 2 3 4 -6 -7
leaf_value=-0.00072687936767283016 0.0015454889776899839 -0.026733756146771162 -0.010071097339250351 -0.006256877318616294 -0.0081375564062211476 3.9290790709609007e-05
leaf_weight=2.3151427209377271 24.156009187921882 0.39136137184686992 0.96696377312764581 1.8704064115881922 0.48231451027095307 4.5494369976222515
leaf_count=20 78 22 20 30 14 26
internal_value=0 -0.0353008 -0.0965461 -0.0764113 -0.0664242 -0.00219107
internal_weight=0 10.5756 3.71105 3.31968 2.35272 6.86458
internal_count=210 132 86 64 44 46
shrinkage=0.1


Tree=25
num_leaves=7
num_cat=0
split_feature=0 0 0 0 0 0
split_gain=0.0172385 0.0197445 0.0119218 0.000733285 0.000113233 8.04773e-05
threshold=0.75000000000000011 0.15000000000000005 0.25000000000000006 0.35000000000000003 0.45000000000000007 1.0000000180025095e-35
decision_type=2 2 2 2 2 2
left_child=1 5 -3 -4 -5 -1
right_child=-2 2 3 4 -6 -7
leaf_value=-0.00067892813214881519 0.0014724224199832011 -0.025844987405071469 -0.009646781396763511 -0.0060138865915098823 -0.0077381211290074225 4.5937085574959198e-05
leaf_weight=2.3104162476956827 24.159719808027148 0.38831639569252763 0.96145049063488885 1.8618958829902115 0.47882140893489111 4.5440314989537001
leaf_count=20 78 22 20 30 14 26
internal_value=0 -0.0337349 -0.0927069 -0.0732165 -0.063666 -0.00198392
internal_weight=0 10.5449 3.69048 3.30217 2.34072 6.85445
internal_count=210 132 86 64 44 46
shrinkage=0.1


Tree=26
num_leaves=7
num_cat=0
split_feature=0 0 0 0 0 0
split_gain=0.0157157 0.0182191 0.0111628 0.000668795 9.42283e-05 7.15663e-05
threshold=0.75000000000000011 0.15000000000000005 0.25000000000000006 0.35000000000000003 0.45000000000000007 1.0000000180025095e-35
decision_type=2 2 2 2 2 2
left_child=1 5 -3 -4 -5 -1
right_child=-2 2 3 4 -6 -7
leaf_value=-0.00063220342474939355 0.0014043815042974765 -0.025009487359096062 -0.0092482959017724502 -0.0057853982454146441 -0.0073632537921573 5.1916308519050309e-05
leaf_weight=2.3059929572045785 24.163139244541526 0.3854689723812047 0.95631061075255297 1.8539278712123635 0.475572595372796 4.5389776322990656
leaf_count=20 78 22 20 30 14 26
internal_value=0 -0.0322684 -0.0891027 -0.0702162 -0.0610752 -0.00178556
internal_weight=0 10.5163 3.67128 3.28581 2.3295 6.84497
internal_count=210 132 86 64 44 46
shrinkage=0.1


Tree=27
num_leaves=7
num_cat=0
split_feature=0 0 0 0 0 0
split_gain=0.0143641 0.0168412 0.0104753 0.000611154 7.804e-05 6.39905e-05
threshold=0.75000000000000011 0.15000000000000005 0.25000000000000006 0.35000000000000003 0.45000000000000007 1.0000000180025095e-35
decision_type=2 2 2 2 2 2
left_child=1 5 -3 -4 -5 -1
right_child=-2 2 3 4 -6 -7
leaf_value=-0.00059036945186057119 0.001341294043274342 -0.024223011366234212 -0.0088734253983499024 -0.0055702348272558318 -0.0070104202509587328 5.7025191696570473e-05
leaf_weight=2.3018738441169244 24.166282748803496 0.38280118745751712 0.95150765124708447 1.8464534129016104 0.4725441401824354 4.5342493634670973
leaf_count=20 78 22 20 30 14 26
internal_value=0 -0.0309016 -0.0857132 -0.0673934 -0.058637 -0.00160967
internal_weight=0 10.4894 3.65331 3.27051 2.319 6.83612
internal_count=210 132 86 64 44 46
shrinkage=0.1


Tree=28
num_leaves=7
num_cat=0
split_feature=0 0 0 0 0 0
split_gain=0.0131474 0.0155964 0.00985129 0.000558726 6.43637e-05 5.72989e-05
threshold=0.75000000000000011 0.15000000000000005 0.25000000000000006 0.35000000000000003 0.45000000000000007 1.0000000180025095e-35
decision_type=2 2 2 2 2 2
left_child=1 5 -3 -4 -5 -1
right_child=-2 2 3 4 -6 -7
leaf_value=-0.0005503488718372828 0.0012820208868576924 -0.023481119992045663 -0.0085178703890551044 -0.0053667107154634587 -0.0066782666787057916 6.2704376505866592e-05
leaf_weight=2.2980101332068426 24.169191246852279 0.38029608386568758 0.94700381066650174 1.83941743709147 0.46971727162599552 4.52980912104249
leaf_count=20 78 22 20 30 14 26
internal_value=0 -0.0296107 -0.0825115 -0.0647238 -0.056335 -0.00143628
internal_weight=0 10.4643 3.63643 3.25614 2.30913 6.82782
internal_count=210 132 86 64 44 46
shrinkage=0.1


Tree=29
num_leaves=7
num_cat=0
split_feature=0 0 0 0 0 0
split_gain=0.0120559 0.0144674 0.00928216 0.000512492 5.2807e-05 5.16033e-05
threshold=0.75000000000000011 0.15000000000000005 0.25000000000000006 0.35000000000000003 0.45000000000000007 1.0000000180025095e-35
decision_type=2 2 2 2 2 2
left_child=1 5 -3 -4 -5 -1
right_child=-2 2 3 4 -6 -7
leaf_value=-0.00051379848421937411 0.0012265653812334448 -0.022779863948791362 -0.00818365039768283 -0.0051733019874388659 -0.0063644018066654571 6.8382756231853529e-05
leaf_weight=2.2943942826241237 24.171883983537555 0.37793795391917262 0.94278207886964127 1.8327871588990094 0.46707291994243849 4.5256367009133101
leaf_count=20 78 22 20 30 14 26
internal_value=0 -0.0283971 -0.0794872 -0.0622011 -0.054152 -0.00127475
internal_weight=0 10.4406 3.62058 3.24264 2.29986 6.82003
internal_count=210 132 86 64 44 46
shrinkage=0.1


Tree=30
num_leaves=7
num_cat=0
split_feature=0 0 0 0 0 0
split_gain=0.0110757 0.0134423 0.00876228 0.000470537 4.62621e-05 4.30088e-05
threshold=0.75000000000000011 0.15000000000000005 0.25000000000000006 0.35000000000000003 1.0000000180025095e-35 0.45000000000000007
decision_type=2 2 2 2 2 2
left_child=1 4 -3 -4 -1 -5
right_child=-2 2 3 5 -6 -7
leaf_value=-0.00047857211721402795 0.0011746704217345545 -0.022116963214569785 -0.00786734515227922 -0.0049906768714550118 7.3008738854111983e-05 -0.0060682620282018025
leaf_weight=2.2909906357526761 24.174384756013751 0.37571697658859227 0.93881173012778207 1.8265340873040261 4.5217161756008863 0.46459638513624657
leaf_count=20 78 22 20 30 26 14
internal_value=0 -0.0272566 -0.0766312 -0.0598181 -0.00112478 -0.0520919
internal_weight=0 10.4184 3.60566 3.22994 6.81271 2.29113
internal_count=210 132 86 64 46 44
shrinkage=0.1


Tree=31
num_leaves=7
num_cat=0
split_feature=0 0 0 0 0 0
split_gain=0.0101927 0.0125065 0.00828533 0.000432503 4.17379e-05 3.47464e-05
threshold=0.75000000000000011 0.15000000000000005 0.25000000000000006 0.35000000000000003 1.0000000180025095e-35 0.45000000000000007
decision_type=2 2 2 2 2 2
left_child=1 4 -3 -4 -1 -5
right_child=-2 2 3 5 -6 -7
leaf_value=-0.00044675571858740905 0.0011259829729854637 -0.021488192421931722 -0.0075673052544636913 -0.0048173123557491808 7.7475166803320802e-05 -0.0057881326135097565
leaf_weight=2.2878004238009435 24.176705358549953 0.37361817690543858 0.93507020547986064 1.8206234439276161 4.5180233083665371 0.46227305196225632
leaf_count=20 78 22 20 30 26 14
internal_value=0 -0.0261821 -0.0739243 -0.0575586 -0.000987468 -0.050139
internal_weight=0 10.3974 3.59158 3.21797 6.80582 2.2829
internal_count=210 132 86 64 46 44
shrinkage=0.1


Tree=32
num_leaves=7
num_cat=0
split_feature=0 0 0 0 0 0
split_gain=0.00939223 0.0116531 0.00784755 0.000398161 3.76639e-05 2.77874e-05
threshold=0.75000000000000011 0.15000000000000005 0.25000000000000006 0.35000000000000003 1.0000000180025095e-35 0.45000000000000007
decision_type=2 2 2 2 2 2
left_child=1 4 -3 -4 -1 -5
right_child=-2 2 3 5 -6 -7
leaf_value=-0.00041633267989790848 0.0010800666228184593 -0.020891830156366833 -0.0072828089722026621 -0.0046524115754482771 8.1938347199672049e-05 -0.0055224980648458594
leaf_weight=2.2847911603748781 24.178870132192969 0.37163412477821145 0.93154231365770113 1.8150244946591558 4.5145391467958689 0.46009085047990073
leaf_count=20 78 22 20 30 26 14
internal_value=0 -0.0251645 -0.0713565 -0.0554139 -0.000854966 -0.0482837
internal_weight=0 10.3776 3.57829 3.20666 6.79933 2.27512
internal_count=210 132 86 64 46 44
shrinkage=0.1


Tree=33
num_leaves=7
num_cat=0
split_feature=0 0 0 0 0 0
split_gain=0.00866607 0.0108735 0.00744405 0.000366801 3.39792e-05 2.19968e-05
threshold=0.75000000000000011 0.15000000000000005 0.25000000000000006 0.35000000000000003 1.0000000180025095e-35 0.45000000000000007
decision_type=2 2 2 2 2 2
left_child=1 4 -3 -4 -1 -5
right_child=-2 2 3 5 -6 -7
leaf_value=-0.00038726046988987154 0.0010367475704076213 -0.020325049217690572 -0.0070123701863321446 -0.0044957749540919315 8.6263818456998529e-05 -0.005271523831978155
leaf_weight=2.2819510642439109 24.180890752002597 0.36975425551645486 0.92820740910247013 1.8097206316888335 4.51124950312078 0.45804005954414601
leaf_count=20 78 22 20 30 26 14
internal_value=0 -0.0242008 -0.0689198 -0.0533785 -0.00072801 -0.0465246
internal_weight=0 10.3589 3.56572 3.19597 6.7932 2.26776
internal_count=210 132 86 64 46 44
shrinkage=0.1


Tree=34
num_leaves=7
num_cat=0
split_feature=0 0 0 0 0 0
split_gain=0.00800728 0.0101577 0.00707151 0.000338452 3.07457e-05 1.70674e-05
threshold=0.75000000000000011 0.15000000000000005 0.25000000000000006 0.35000000000000003 1.0000000180025095e-35 0.45000000000000007
decision_type=2 2 2 2 2 2
left_child=1 4 -3 -4 -1 -5
right_child=-2 2 3 5 -6 -7
leaf_value=-0.00036039619835137658 0.00099589882014930963 -0.019785637876757595 -0.006755489575449556 -0.0043467279579644065 9.0261798852405242e-05 -0.0050313966587234617
leaf_weight=2.2792746648192388 24.182777835056186 0.36797063460107926 0.92505392851308021 1.8046855311840775 4.5081428904086351 0.45610659569501866
leaf_count=20 78 22 20 30 26 14
internal_value=0 -0.0232889 -0.0666018 -0.0514417 -0.000610731 -0.0448486
internal_weight=0 10.3412 3.55382 3.18585 6.78742 2.26079
internal_count=210 132 86 64 46 44
shrinkage=0.1


Tree=35
num_leaves=7
num_cat=0
split_feature=0 0 0 0 0 0
split_gain=0.0074103 0.00950076 0.0067269 0.000312912 2.78983e-05 1.3081e-05
threshold=0.75000000000000011 0.15000000000000005 0.25000000000000006 0.35000000000000003 1.0000000180025095e-35 0.45000000000000007
decision_type=2 2 2 2 2 2
left_child=1 4 -3 -4 -1 -5
right_child=-2 2 3 5 -6 -7
leaf_value=-0.00033565658518316743 0.00095745341651576495 -0.01927228756627726 -0.0065121554648201159 -0.004204418747802717 9.3831450620577179e-05 -0.0048049367142127377
leaf_weight=2.2767505291849357 24.18454316072166 0.36627748643513802 0.92206980613991651 1.7999016805551948 4.5052050407975912 0.45428756996989239
leaf_count=20 78 22 20 30 26 14
internal_value=0 -0.0224277 -0.0644003 -0.0496025 -0.000503507 -0.0432544
internal_weight=0 10.3245 3.54254 3.17626 6.78196 2.25419
internal_count=210 132 86 64 46 44
shrinkage=0.1


Tree=36
num_leaves=7
num_cat=0
split_feature=0 0 0 0 0 0
split_gain=0.00686546 0.00889613 0.00640662 0.000289082 2.53324e-05 9.7638e-06
threshold=0.75000000000000011 0.15000000000000005 0.25000000000000006 0.35000000000000003 1.0000000180025095e-35 0.45000000000000007
decision_type=2 2 2 2 2 2
left_child=1 4 -3 -4 -1 -5
right_child=-2 2 3 5 -6 -7
leaf_value=-0.00031222491776066439 0.00092102938750446024 -0.018781888390150242 -0.0062789840489867023 -0.0040694008238800301 9.722132365237718e-05 -0.0045891358562729634
leaf_weight=2.2743609827011806 24.186197003349662 0.36466460360679809 0.919236364308745 1.7953508365899327 4.5024244878441095 0.45257109217345698
leaf_count=20 78 22 20 30 26 14
internal_value=0 -0.0216094 -0.0623017 -0.0478498 -0.000401932 -0.0417404
internal_weight=0 10.3086 3.53182 3.16716 6.77679 2.24792
internal_count=210 132 86 64 46 44
shrinkage=0.1


Tree=37
num_leaves=7
num_cat=0
split_feature=0 0 0 0 0 0
split_gain=0.00636776 0.00833813 0.00610994 0.000267811 2.30199e-05 7.07609e-06
threshold=0.75000000000000011 0.15000000000000005 0.25000000000000006 0.35000000000000003 1.0000000180025095e-35 0.45000000000000007
decision_type=2 2 2 2 2 2
left_child=1 4 -3 -4 -1 -5
right_child=-2 2 3 5 -6 -7
leaf_value=-0.00029016010788627107 0.00088651776008325336 -0.01831429336849227 -0.0060576634034277795 -0.0039396059264535403 0.00010031803174280687 -0.0043828034383760163
leaf_weight=2.2720974851399642 24.187747275456786 0.36313003953546319 0.91654787631705437 1.7910142787732186 4.4997911285609007 0.45094983838498576
leaf_count=20 78 22 20 30 26 14
internal_value=0 -0.0208313 -0.0602984 -0.0461751 -0.000306948 -0.0402875
internal_weight=0 10.2935 3.52164 3.15851 6.77189 2.24196
internal_count=210 132 86 64 46 44
shrinkage=0.1


Tree=38
num_leaves=7
num_cat=0
split_feature=0 0 0 0 0 0
split_gain=0.00591151 0.00782621 0.00583276 0.00024809 2.09897e-05 4.95509e-06
threshold=0.75000000000000011 0.15000000000000005 0.25000000000000006 0.35000000000000003 1.0000000180025095e-35 0.45000000000000007
decision_type=2 2 2 2 2 2
left_child=1 4 -3 -4 -1 -5
right_child=-2 2 3 5 -6 -7
leaf_value=-0.00026908074580073458 0.00085370456745894815 -0.017866947738977915 -0.0058464754566209887 -0.0038163904991851214 0.00010393368500426727 -0.0041878541317726279
leaf_weight=2.2699510101228935 24.189209124073386 0.36166551313363049 0.91399470390752002 1.7868828554637732 4.4972871337085962 0.44942111708223809
leaf_count=20 78 22 20 30 26 14
internal_value=0 -0.0200895 -0.058392 -0.0445837 -0.000211874 -0.0389104
internal_weight=0 10.2792 3.51196 3.1503 6.76724 2.2363
internal_count=210 132 86 64 46 44
shrinkage=0.1


Tree=39
num_leaves=7
num_cat=0
split_feature=0 0 0 0 0 0
split_gain=0.00549482 0.00735063 0.00557514 0.000230177 1.9221e-05 3.2812e-06
threshold=0.75000000000000011 0.15000000000000005 0.25000000000000006 0.35000000000000003 1.0000000180025095e-35 0.45000000000000007
decision_type=2 2 2 2 2 2
left_child=1 4 -3 -4 -1 -5
right_child=-2 2 3 5 -6 -7
leaf_value=-0.0002500838679532078 0.00082264365102631052 -0.017439458758239806 -0.0056447775796451436 -0.0036980279053394462 0.00010700653449626609 -0.00400076285078463
leaf_weight=2.2679207585751993 24.190580008551478 0.36026880261488287 0.91156238038092885 1.7829393944703045 4.4949149247258902 0.44797442667186249
leaf_count=20 78 22 20 30 26 14
internal_value=0 -0.0193854 -0.0565672 -0.0430589 -0.000127439 -0.0375882
internal_weight=0 10.2656 3.50275 3.14248 6.76284 2.23091
internal_count=210 132 86 64 46 44
shrinkage=0.1


Tree=40
num_leaves=7
num_cat=0
split_feature=0 0 0 0 0 0
split_gain=0.00511238 0.0069114 0.00533408 0.00021384 1.74396e-05 2.02249e-06
threshold=0.75000000000000011 0.15000000000000005 0.25000000000000006 0.35000000000000003 1.0000000180025095e-35 0.45000000000000007
decision_type=2 2 2 2 2 2
left_child=1 4 -3 -4 -1 -5
right_child=-2 2 3 5 -6 -7
leaf_value=-0.00023080683926132272 0.00079311060333304593 -0.01702990125459591 -0.0054525892476612742 -0.0035847839907613248 0.00010945809358859291 -0.0038228036487519541
leaf_weight=2.2659840267151576 24.191877221688628 0.35893328860402141 0.90924946824088715 1.7791719818487766 4.4926639944314957 0.44660731684416521
leaf_count=20 78 22 20 30 26 14
internal_value=0 -0.0187141 -0.0548249 -0.0416041 -4.62314e-05 -0.0363254
internal_weight=0 10.2526 3.49396 3.13503 6.75865 2.22578
internal_count=210 132 86 64 46 44
shrinkage=0.1


Tree=41
num_leaves=7
num_cat=0
split_feature=0 0 0 0 0 0
split_gain=0.00476297 0.00650248 0.00510849 0.000198739 1.59657e-05 1.10334e-06
threshold=0.75000000000000011 0.15000000000000005 0.25000000000000006 0.35000000000000003 1.0000000180025095e-35 0.45000000000000007
decision_type=2 2 2 2 2 2
left_child=1 4 -3 -4 -1 -5
right_child=-2 2 3 5 -6 -7
leaf_value=-0.0002140995980699762 0.00076517286818581116 -0.016637189888204347 -0.0052684121749044079 -0.0034764316628215631 0.00011158311530317396 -0.0036524733143573247
leaf_weight=2.2641548067331296 24.193090794607997 0.35765526385512242 0.90704210335388802 1.7755708913318815 4.4905287865549326 0.44531310908496369
leaf_count=20 78 22 20 30 26 14
internal_value=0 -0.0180775 -0.0531567 -0.0402114 2.415e-05 -0.0351173
internal_weight=0 10.2403 3.48558 3.12793 6.75468 2.22088
internal_count=210 132 86 64 46 44
shrinkage=0.1


Tree=42
num_leaves=7
num_cat=0
split_feature=0 0 0 0 0 0
split_gain=0.00443929 0.00612503 0.00489714 0.000184601 1.45622e-05 4.9377e-07
threshold=0.75000000000000011 0.15000000000000005 0.25000000000000006 0.35000000000000003 1.0000000180025095e-35 0.45000000000000007
decision_type=2 2 2 2 2 2
left_child=1 4 -3 -4 -1 -5
right_child=-2 2 3 5 -6 -7
leaf_value=-0.00019710198283240241 0.00073838601490750465 -0.016260627012566968 -0.0050914644820735343 -0.0033728759282467911 0.00011404015255042004 -0.0034907953823408787
leaf_weight=2.2624078430235368 24.194241678342223 0.35643185127992216 0.90493496507406268 1.7721258644014599 4.4884918741881847 0.44409004691988219
leaf_count=20 78 22 20 30 26 14
internal_value=0 -0.0174656 -0.0515606 -0.0388794 9.76806e-05 -0.033965
internal_weight=0 10.2285 3.47758 3.12115 6.7509 2.21622
internal_count=210 132 86 64 46 44
shrinkage=0.1


Tree=43
num_leaves=7
num_cat=0
split_feature=0 0 0 0 0 0
split_gain=0.00414384 0.00577311 0.00469882 0.000171855 1.34289e-05 1.30743e-07
threshold=0.75000000000000011 0.15000000000000005 0.25000000000000006 0.35000000000000003 1.0000000180025095e-35 0.45000000000000007
decision_type=2 2 2 2 2 2
left_child=1 4 -3 -4 -1 -5
right_child=-2 2 3 5 -6 -7
leaf_value=-0.00018275066715291508 0.00071309133715383968 -0.015899338934088389 -0.0049231045179827168 -0.0032737706496389499 0.00011613338741738519 -0.003334523580608434
leaf_weight=2.2607552558183652 24.195322131738067 0.35525994584895704 0.90292659448459778 1.7688304996117952 4.4865583386272192 0.44292924087494601
leaf_count=20 78 22 20 30 26 14
internal_value=0 -0.0168865 -0.0500333 -0.0376054 0.000159893 -0.0328594
internal_weight=0 10.2173 3.46995 3.11469 6.74731 2.21176
internal_count=210 132 86 64 46 44
shrinkage=0.1


Tree=44
num_leaves=7
num_cat=0
split_feature=0 0 0 0 0 0
split_gain=0.0038708 0.00544513 0.00451222 0.000160263 1.22534e-05 1.98915e-09
threshold=0.75000000000000011 0.15000000000000005 0.25000000000000006 0.35000000000000003 1.0000000180025095e-35 0.45000000000000007
decision_type=2 2 2 2 2 2
left_child=1 4 -3 -4 -1 -5
right_child=-2 2 3 5 -6 -7
leaf_value=-0.00016805656193636152 0.0006889190180342055 -0.015551679143799943 -0.004762086836851559 -0.0031779586034736914 0.00011753280818890798 -0.0031854610156077756
leaf_weight=2.2591733019798976 24.196344507858157 0.35413413750939104 0.90100703760981604 1.7656696718186142 4.484720166772604 0.44183084461838001
leaf_count=20 78 22 20 30 26 14
internal_value=0 -0.016332 -0.0485661 -0.0363819 0.000218617 -0.0317946
internal_weight=0 10.2065 3.46264 3.10851 6.74389 2.2075
internal_count=210 132 86 64 46 44
shrinkage=0.1


Tree=45
num_leaves=7
num_cat=0
split_feature=0 0 0 0 0 0
split_gain=0.00361829 0.00514078 0.00433696 0.000149086 1.12465e-05 6.81478e-08
threshold=0.75000000000000011 0.15000000000000005 0.25000000000000006 0.35000000000000003 1.0000000180025095e-35 0.45000000000000007
decision_type=2 2 2 2 2 2
left_child=1 4 -3 -4 -1 -5
right_child=-2 2 3 5 -6 -7
leaf_value=-0.00015437031225558866 0.00066580909906135098 -0.015218022723173559 -0.0046061733282090423 -0.0030870133029177621 0.00011931119680589306 -0.0030430512995175667
leaf_weight=2.2576682288199645 24.197311608120799 0.35305503848940167 0.8991683530621235 1.7626415360718968 4.4829645678400993 0.44079084135591967
leaf_count=20 78 22 20 30 26 14
internal_value=0 -0.0158007 -0.0471609 -0.0352104 0.000276459 -0.0307822
internal_weight=0 10.1963 3.45566 3.1026 6.74063 2.20343
internal_count=210 132 86 64 46 44
shrinkage=0.1


Tree=46
num_leaves=7
num_cat=0
split_feature=0 0 0 0 0 0
split_gain=0.00338488 0.00485845 0.00417076 0.000139201 1.03827e-05 3.10081e-07
threshold=0.75000000000000011 0.15000000000000005 0.25000000000000006 0.35000000000000003 1.0000000180025095e-35 0.45000000000000007
decision_type=2 2 2 2 2 2
left_child=1 4 -3 -4 -1 -5
right_child=-2 2 3 5 -6 -7
leaf_value=-0.00014162351223076641 0.00064373799706609692 -0.01489613561437078 -0.0044588127900817452 -0.0029997492523362382 0.00012141016484067983 -0.0029058742769988363
leaf_weight=2.2562345918267948 24.198227090761065 0.35201576550025526 0.89741522585973166 1.7597425077110531 4.4812870975583792 0.43980430532246817
leaf_count=20 78 22 20 30 26 14
internal_value=0 -0.0152921 -0.0458161 -0.0340921 0.000333265 -0.0298098
internal_weight=0 10.1865 3.44898 3.09696 6.73752 2.19955
internal_count=210 132 86 64 46 44
shrinkage=0.1


Tree=47
num_leaves=7
num_cat=0
split_feature=0 0 0 0 0 0
split_gain=0.00316838 0.00459367 0.00401517 0.000129908 9.47296e-06 6.86377e-07
threshold=0.75000000000000011 0.15000000000000005 0.25000000000000006 0.35000000000000003 1.0000000180025095e-35 0.45000000000000007
decision_type=2 2 2 2 2 2
left_child=1 4 -3 -4 -1 -5
right_child=-2 2 3 5 -6 -7
leaf_value=-0.00012856845312371836 0.00062259212415117127 -0.014587148054371953 -0.0043160887408814066 -0.0029150777250523136 0.00012274359960728819 -0.0027752699210194832
leaf_weight=2.2548610735684615 24.199096171185374 0.35101900692097882 0.89573268452659283 1.756949548609555 4.4796925857663155 0.43887142557650793
leaf_count=20 78 22 20 30 26 14
internal_value=0 -0.0148039 -0.0445192 -0.0330115 0.000385994 -0.0288713
internal_weight=0 10.1771 3.44257 3.09155 6.73455 2.19582
internal_count=210 132 86 64 46 44
shrinkage=0.1


Tree=48
num_leaves=7
num_cat=0
split_feature=0 0 0 0 0 0
split_gain=0.00296935 0.00434548 0.00386771 0.000121317 8.68124e-06 1.21591e-06
threshold=0.75000000000000011 0.15000000000000005 0.25000000000000006 0.35000000000000003 1.0000000180025095e-35 0.45000000000000007
decision_type=2 2 2 2 2 2
left_child=1 4 -3 -4 -1 -5
right_child=-2 2 3 5 -6 -7
leaf_value=-0.00011702183969555005 0.00060251451459022748 -0.014288915648986586 -0.0041792218236351951 -0.0028343262473584908 0.00012361910439066218 -0.0026480669107155422
leaf_weight=2.2535552922636253 24.199912635609508 0.35005829855799708 0.8941204636357728 1.7542727109976115 4.4781767297536135 0.43798400461673725
leaf_count=20 78 22 20 30 26 14
internal_value=0 -0.0143397 -0.0432735 -0.0319751 0.000430607 -0.0279711
internal_weight=0 10.1682 3.43644 3.08638 6.73173 2.19226
internal_count=210 132 86 64 46 44
shrinkage=0.1


Tree=49
num_leaves=7
num_cat=0
split_feature=0 0 0 0 0 0
split_gain=0.00278477 0.00411409 0.00372792 0.000113232 8.00748e-06 1.84548e-06
threshold=0.75000000000000011 0.15000000000000005 0.25000000000000006 0.35000000000000003 1.0000000180025095e-35 0.45000000000000007
decision_type=2 2 2 2 2 2
left_child=1 4 -3 -4 -1 -5
right_child=-2 2 3 5 -6 -7
leaf_value=-0.00010641417108041233 0.00058329703886904978 -0.014001143307812032 -0.0040474540489514269 -0.0027569468099840587 0.00012475501679980733 -0.0025272686657989217
leaf_weight=2.2523117717355472 24.200686847791076 0.34913238813169334 0.89257641509175323 1.7516987696290018 4.4767260327935219 0.43714585155248631
leaf_count=20 78 22 20 30 26 14
internal_value=0 -0.0138945 -0.0420779 -0.0309818 0.000473792 -0.0271108
internal_weight=0 10.1596 3.43055 3.08142 6.72904 2.18884
internal_count=210 132 86 64 46 44
shrinkage=0.1


Tree=50
num_leaves=7
num_cat=0
split_feature=0 0 0 0 0 0
split_gain=0.00261323 0.00389782 0.00359565 0.000105888 7.44274e-06 2.56326e-06
threshold=0.75000000000000011 0.15000000000000005 0.25000000000000006 0.35000000000000003 1.0000000180025095e-35 0.45000000000000007
decision_type=2 2 2 2 2 2
left_child=1 4 -3 -4 -1 -5
right_child=-2 2 3 5 -6 -7
leaf_value=-9.6766258656259742e-05 0.00056487237744450014 -0.013723641469935103 -0.003921459558383006 -0.0026821914864328675 0.00012615270658848475 -0.0024112732810168108
leaf_weight=2.2511253114789707 24.201419813558459 0.3482404738897461 0.89109630463644895 1.7492243479937317 4.4753375146538019 0.4363521235063671
leaf_count=20 78 22 20 30 26 14
internal_value=0 -0.0134668 -0.0409279 -0.030027 0.000515491 -0.026281
internal_weight=0 10.1514 3.42491 3.07667 6.72646 2.18558
internal_count=210 132 86 64 46 44
shrinkage=0.1


Tree=51
num_leaves=7
num_cat=0
split_feature=0 0 0 0 0 0
split_gain=0.00245449 0.00369502 0.00347058 9.90566e-05 6.83572e-06 3.36925e-06
threshold=0.75000000000000011 0.15000000000000005 0.25000000000000006 0.35000000000000003 1.0000000180025095e-35 0.45000000000000007
decision_type=2 2 2 2 2 2
left_child=1 4 -3 -4 -1 -5
right_child=-2 2 3 5 -6 -7
leaf_value=-8.6907559140850211e-05 0.00054728528839437923 -0.01345622272640342 -0.003800254909140181 -0.0026103901449548608 0.00012677417212295189 -0.0022995288278195784
leaf_weight=2.2499846499413234 24.202114528045058 0.34738153486978296 0.88967564329505 1.746843936853111 4.4740154445171356 0.43560046330094326
leaf_count=20 78 22 20 30 26 14
internal_value=0 -0.013058 -0.0398218 -0.0291089 0.00055272 -0.0254834
internal_weight=0 10.1435 3.4195 3.07212 6.724 2.18244
internal_count=210 132 86 64 46 44
shrinkage=0.1


Tree=52
num_leaves=7
num_cat=0
split_feature=0 0 0 0 0 0
split_gain=0.00230642 0.00350472 0.00335161 9.2598e-05 6.37405e-06 4.26827e-06
threshold=0.75000000000000011 0.15000000000000005 0.25000000000000006 0.35000000000000003 1.0000000180025095e-35 0.45000000000000007
decision_type=2 2 2 2 2 2
left_child=1 4 -3 -4 -1 -5
right_child=-2 2 3 5 -6 -7
leaf_value=-7.8471648187224626e-05 0.0005303663630093769 -0.013197311019681732 -0.0036829748095846605 -0.0025415336999207844 0.00012791104109198195 -0.0021913727106015086
leaf_weight=2.2488982807844859 24.202771117910743 0.34655109536834094 0.88830912718549404 1.7445539133623245 4.4727496579289436 0.4348873822018503
leaf_count=20 78 22 20 30 26 14
internal_value=0 -0.0126642 -0.0387546 -0.0282241 0.000588605 -0.0247166
internal_weight=0 10.1359 3.4143 3.06775 6.72165 2.17944
internal_count=210 132 86 64 46 44
shrinkage=0.1


Tree=53
num_leaves=7
num_cat=0
split_feature=0 0 0 0 0 0
split_gain=0.00216914 0.00332557 0.0032389 8.6828e-05 5.86207e-06 5.2148e-06
threshold=0.75000000000000011 0.15000000000000005 0.25000000000000006 0.35000000000000003 1.0000000180025095e-35 0.45000000000000007
decision_type=2 2 2 2 2 2
left_child=1 4 -3 -4 -1 -5
right_child=-2 2 3 5 -6 -7
leaf_value=-6.9764052731686833e-05 0.00051420047502554779 -0.012947381219369903 -0.0035710420852982055 -0.0024745083858703854 0.00012819612543165987 -0.0020871746189830382
leaf_weight=2.2478526122868043 24.20339391939342 0.34574989299289915 0.88699997356161508 1.7423440581187608 4.4715441334992647 0.43421312421560282
leaf_count=20 78 22 20 30 26 14
internal_value=0 -0.0122872 -0.0377255 -0.0273709 0.000619721 -0.0239724
internal_weight=0 10.1287 3.40931 3.06356 6.7194 2.17656
internal_count=210 132 86 64 46 44
shrinkage=0.1


Tree=54
num_leaves=7
num_cat=0
split_feature=0 0 0 0 0 0
split_gain=0.00204117 0.00315722 0.00313181 8.13707e-05 6.23142e-06 5.40738e-06
threshold=0.75000000000000011 0.15000000000000005 0.25000000000000006 0.35000000000000003 0.45000000000000007 1.0000000180025095e-35
decision_type=2 2 2 2 2 2
left_child=1 5 -3 -4 -5 -1
right_child=-2 2 3 4 -6 -7
leaf_value=-6.1669930184765891e-05 0.00049867265702134762 -0.012705681629503246 -0.003462734824909974 -0.0024101434679455361 -0.0019864334147948835 0.000128494337126249
leaf_weight=2.2468544989824277 24.20398405008018 0.34497580968309227 0.88573924498632572 1.7402162752114239 0.43357463367283328 4.4703888148069382
leaf_count=20 78 22 20 30 14 26
internal_value=0 -0.0119246 -0.0367327 -0.0265483 -0.0232563 0.000648862
internal_weight=0 10.1217 3.40451 3.05953 2.17379 6.71724
internal_count=210 132 86 64 44 46
shrinkage=0.1


Tree=55
num_leaves=7
num_cat=0
split_feature=0 0 0 0 0 0
split_gain=0.00192143 0.00300049 0.00302952 7.6286e-05 7.28677e-06 5.04522e-06
threshold=0.75000000000000011 0.15000000000000005 0.25000000000000006 0.35000000000000003 0.45000000000000007 1.0000000180025095e-35
decision_type=2 2 2 2 2 2
left_child=1 5 -3 -4 -5 -1
right_child=-2 2 3 4 -6 -7
leaf_value=-5.4223347222166735e-05 0.00048370342385733892 -0.012471722309525249 -0.0033588830891067359 -0.0023485862272848617 -0.001890090376854823 0.00012949602446593909
leaf_weight=2.2458972390741092 24.204542523249984 0.34422711492516134 0.88452918455004725 1.738169106654823 0.43297248519957054 4.4692802354693413
leaf_count=20 78 22 20 30 14 26
internal_value=0 -0.0115746 -0.0357797 -0.0257607 -0.0225715 0.000680509
internal_weight=0 10.1151 3.3999 3.05567 2.17114 6.71518
internal_count=210 132 86 64 44 46
shrinkage=0.1


Tree=56
num_leaves=7
num_cat=0
split_feature=0 0 0 0 0 0
split_gain=0.00181004 0.00285331 0.00293196 7.16026e-05 8.42561e-06 4.72416e-06
threshold=0.75000000000000011 0.15000000000000005 0.25000000000000006 0.35000000000000003 0.45000000000000007 1.0000000180025095e-35
decision_type=2 2 2 2 2 2
left_child=1 5 -3 -4 -5 -1
right_child=-2 2 3 4 -6 -7
leaf_value=-4.736624892857138e-05 0.00046935932204704889 -0.012245192902879105 -0.0032592901419020732 -0.0022896027026426007 -0.0017962622468211222 0.00013044260632060278
leaf_weight=2.2449802383780462 24.205075142905116 0.3435026403749365 0.88336723437532816 1.7361983051523568 0.43240230716764921 4.4682170804589987
leaf_count=20 78 22 20 30 14 26
internal_value=0 -0.0112387 -0.0348621 -0.0250037 -0.0219123 0.00070981
internal_weight=0 10.1087 3.39547 3.05197 2.1686 6.7132
internal_count=210 132 86 64 44 46
shrinkage=0.1


Tree=57
num_leaves=7
num_cat=0
split_feature=0 0 0 0 0 0
split_gain=0.00170655 0.00271411 0.0028393 6.72279e-05 9.54805e-06 4.35888e-06
threshold=0.75000000000000011 0.15000000000000005 0.25000000000000006 0.35000000000000003 0.45000000000000007 1.0000000180025095e-35
decision_type=2 2 2 2 2 2
left_child=1 5 -3 -4 -5 -1
right_child=-2 2 3 4 -6 -7
leaf_value=-4.0279527301088805e-05 0.0004556361782132027 -0.012026166320480676 -0.0031630532767770482 -0.0022322708505032032 -0.0017067781246561148 0.00013054570672549611
leaf_weight=2.2440964020788652 24.205579867586493 0.34280250931624362 0.88224718207493469 1.7342933458276095 0.43186639621853817 4.4672051407396793
leaf_count=20 78 22 20 30 14 26
internal_value=0 -0.010917 -0.0339752 -0.024272 -0.021275 0.000734259
internal_weight=0 10.1025 3.39121 3.04841 2.16616 6.7113
internal_count=210 132 86 64 44 46
shrinkage=0.1


Tree=58
num_leaves=7
num_cat=0
split_feature=0 0 0 0 0 0
split_gain=0.0016105 0.00258265 0.00275068 6.3021e-05 1.08003e-05 3.95562e-06
threshold=0.75000000000000011 0.15000000000000005 0.25000000000000006 0.35000000000000003 0.45000000000000007 1.0000000180025095e-35
decision_type=2 2 2 2 2 2
left_child=1 5 -3 -4 -5 -1
right_child=-2 2 3 4 -6 -7
leaf_value=-3.2923377183801773e-05 0.00044252854997546331 -0.01181364602039562 -0.0030696202603054399 -0.0021778816395651292 -0.0016186676188407235 0.00012983469136160192
leaf_weight=2.2432465981692058 24.206055035814643 0.34212372975889627 0.8811680409125987 1.73245853651315 0.43135827127844079 4.4662416018545628
leaf_count=20 78 22 20 30 14 26
internal_value=0 -0.0106094 -0.0331194 -0.0235672 -0.020664 0.000754182
internal_weight=0 10.0966 3.38711 3.04498 2.16382 6.70949
internal_count=210 132 86 64 44 46
shrinkage=0.1


Tree=59
num_leaves=7
num_cat=0
split_feature=0 0 0 0 0 0
split_gain=0.00151951 0.00245934 0.00266617 5.92302e-05 1.20062e-05 3.71648e-06
threshold=0.75000000000000011 0.15000000000000005 0.25000000000000006 0.35000000000000003 0.45000000000000007 1.0000000180025095e-35
decision_type=2 2 2 2 2 2
left_child=1 5 -3 -4 -5 -1
right_child=-2 2 3 4 -6 -7
leaf_value=-2.7240495889966422e-05 0.00042975496731603008 -0.011607634044379827 -0.0029800997127480571 -0.0021245620936912375 -0.0015346333976255632 0.00013054532322955055
leaf_weight=2.2424396574497205 24.206501616165042 0.34146615210920606 0.88012890936806831 1.7306858194060626 0.43088215962052334 4.4653091803193092
leaf_count=20 78 22 20 30 14 26
internal_value=0 -0.0103091 -0.0322913 -0.0228855 -0.0200697 0.000777966
internal_weight=0 10.0909 3.38316 3.0417 2.16157 6.70775
internal_count=210 132 86 64 44 46
shrinkage=0.1


Tree=60
num_leaves=7
num_cat=0
split_feature=0 0 0 0 0 0
split_gain=0.00143559 0.00234179 0.0025854 5.56101e-05 1.32551e-05 3.48801e-06
threshold=0.75000000000000011 0.15000000000000005 0.25000000000000006 0.35000000000000003 0.45000000000000007 1.0000000180025095e-35
decision_type=2 2 2 2 2 2
left_child=1 5 -3 -4 -5 -1
right_child=-2 2 3 4 -6 -7
leaf_value=-2.2464416287906104e-05 0.00041763355921946451 -0.011407641265307029 -0.0028930711421774682 -0.0020732460813166196 -0.0014530749368351402 0.00013041731133102253
leaf_weight=2.2416675258427841 24.206919921562076 0.34082818834576789 0.87912646168842945 1.7289714082144203 0.43043448589742167 4.4644220024347305
leaf_count=20 78 22 20 30 14 26
internal_value=0 -0.0100239 -0.0314896 -0.0222259 -0.0194963 0.00079313
internal_weight=0 10.0855 3.37936 3.03853 2.15941 6.70609
internal_count=210 132 86 64 44 46
shrinkage=0.1


Tree=61
num_leaves=7
num_cat=0
split_feature=0 0 0 0 0 0
split_gain=0.00135699 0.00223217 0.00250796 5.21861e-05 1.4573e-05 3.23826e-06
threshold=0.75000000000000011 0.15000000000000005 0.25000000000000006 0.35000000000000003 0.45000000000000007 1.0000000180025095e-35
decision_type=2 2 2 2 2 2
left_child=1 5 -3 -4 -5 -1
right_child=-2 2 3 4 -6 -7
leaf_value=-1.7066849281486783e-05 0.0004059585077244991 -0.011213823935121093 -0.0028094208930764079 -0.0020246803717652645 -0.0013740933570928517 0.00013026089465900071
leaf_weight=2.2409195806831104 24.207321239635348 0.34021004941314487 0.87816440220922254 1.7273203749209645 0.4300142005085944 4.463568365201354
leaf_count=20 78 22 20 30 14 26
internal_value=0 -0.00974897 -0.0307205 -0.0215954 -0.01895 0.000810178
internal_weight=0 10.0802 3.37571 3.0355 2.15733 6.70449
internal_count=210 132 86 64 44 46
shrinkage=0.1


Tree=62
num_leaves=7
num_cat=0
split_feature=0 0 0 0 0 0
split_gain=0.00128266 0.00212863 0.00243417 4.9169e-05 1.59643e-05 3.02654e-06
threshold=0.75000000000000011 0.15000000000000005 0.25000000000000006 0.35000000000000003 0.45000000000000007 1.0000000180025095e-35
decision_type=2 2 2 2 2 2
left_child=1 5 -3 -4 -5 -1
right_child=-2 2 3 4 -6 -7
leaf_value=-1.1999856396169827e-05 0.00039460932542012317 -0.011025915736373773 -0.0027294808297135009 -0.0019772270774340126 -0.0012959777179950838 0.00013044987339276397
leaf_weight=2.2401990853250009 24.207699416205287 0.33961105113849083 0.87723766267299685 1.7257251283153894 0.42961806431412686 4.4627478998154402
leaf_count=20 78 22 20 30 14 26
internal_value=0 -0.00948133 -0.0299741 -0.0209832 -0.0184144 0.000828416
internal_weight=0 10.0751 3.37219 3.03258 2.15534 6.70295
internal_count=210 132 86 64 44 46
shrinkage=0.1


Tree=63
num_leaves=7
num_cat=0
split_feature=0 0 0 0 0 0
split_gain=0.00121243 0.00203102 0.00236332 4.61937e-05 1.73093e-05 2.81888e-06
threshold=0.75000000000000011 0.15000000000000005 0.25000000000000006 0.35000000000000003 0.45000000000000007 1.0000000180025095e-35
decision_type=2 2 2 2 2 2
left_child=1 5 -3 -4 -5 -1
right_child=-2 2 3 4 -6 -7
leaf_value=-6.7420334704280139e-06 0.00038358183026115071 -0.010843016720752351 -0.0026511980287999355 -0.0019314785528888015 -0.0012218060498103448 0.00013075211735318309
leaf_weight=2.2395040299743396 24.208057029172778 0.3390283894259486 0.87634068727493331 1.7241810634732249 0.42925085593014944 4.4619593732059002
leaf_count=20 78 22 20 30 14 26
internal_value=0 -0.00922102 -0.0292511 -0.0203911 -0.0179002 0.000848041
internal_weight=0 10.0703 3.3688 3.02977 2.15343 6.70146
internal_count=210 132 86 64 44 46
shrinkage=0.1


Tree=64
num_leaves=7
num_cat=0
split_feature=0 0 0 0 0 0
split_gain=0.00114822 0.0019383 0.00229546 4.34164e-05 1.87697e-05 2.6274e-06
threshold=0.75000000000000011 0.15000000000000005 0.25000000000000006 0.35000000000000003 0.45000000000000007 1.0000000180025095e-35
decision_type=2 2 2 2 2 2
left_child=1 5 -3 -4 -5 -1
right_child=-2 2 3 4 -6 -7
leaf_value=-2.5102577735183058e-06 0.00037322239779083053 -0.010665795982908502 -0.0025760081899430295 -0.001888097632844146 -0.0011487916509391248 0.00013024874748874629
leaf_weight=2.238840224221347 24.208388997241855 0.338463828666136 0.87547705601900849 1.7226949930191042 0.42890669219195832 4.4612103123217821
leaf_count=20 78 22 20 30 14 26
internal_value=0 -0.00897624 -0.0285558 -0.019823 -0.0174072 0.00085887
internal_weight=0 10.0656 3.36554 3.02708 2.1516 6.70005
internal_count=210 132 86 64 44 46
shrinkage=0.1


Tree=65
num_leaves=7
num_cat=0
split_feature=0 0 0 0 0 0
split_gain=0.00108732 0.00185058 0.00223024 4.10045e-05 2.02032e-05 2.46694e-06
threshold=0.75000000000000011 0.15000000000000005 0.25000000000000006 0.35000000000000003 0.45000000000000007 1.0000000180025095e-35
decision_type=2 2 2 2 2 2
left_child=1 5 -3 -4 -5 -1
right_child=-2 2 3 4 -6 -7
leaf_value=1.4410386187889006e-06 0.00036312694067363173 -0.010493031479643871 -0.0025044272679707836 -0.0018452729374184588 -0.0010779614741729183 0.00013009808367943243
leaf_weight=2.238200291991232 24.208701042458415 0.33791387174278525 0.87464739615097664 1.7212523426860573 0.42858730908483256 4.460489496588707
leaf_count=20 78 22 20 30 14 26
internal_value=0 -0.00873751 -0.0278801 -0.0192716 -0.016923 0.000871105
internal_weight=0 10.0611 3.3624 3.02449 2.14984 6.69869
internal_count=210 132 86 64 44 46
shrinkage=0.1


Tree=66
num_leaves=7
num_cat=0
split_feature=0 0 0 0 0 0
split_gain=0.00103057 0.00176755 0.00216792 3.85019e-05 2.1708e-05 2.33168e-06
threshold=0.75000000000000011 0.15000000000000005 0.25000000000000006 0.35000000000000003 0.45000000000000007 1.0000000180025095e-35
decision_type=2 2 2 2 2 2
left_child=1 5 -3 -4 -5 -1
right_child=-2 2 3 4 -6 -7
leaf_value=4.7507266519660575e-06 0.00035346669506083721 -0.010325652059625608 -0.0024336081887854485 -0.0018049465719278059 -0.0010092893944084651 0.00012984559001623215
leaf_weight=2.2375866286456567 24.208993529900908 0.33738103462383184 0.87384143471717857 1.7198616163805129 0.4282921440899371 4.4597958885133266
leaf_count=20 78 22 20 30 14 26
internal_value=0 -0.00850879 -0.0272277 -0.0187397 -0.0164631 0.000880516
internal_weight=0 10.0568 3.35938 3.022 2.14815 6.69738
internal_count=210 132 86 64 44 46
shrinkage=0.1


Tree=67
num_leaves=7
num_cat=0
split_feature=0 0 0 0 0 0
split_gain=0.000976529 0.00169022 0.00210765 3.86426e-05 2.08581e-05 2.15572e-06
threshold=0.75000000000000011 0.15000000000000005 0.25000000000000006 0.45000000000000007 0.35000000000000003 1.0000000180025095e-35
decision_type=2 2 2 2 2 2
left_child=1 5 -3 4 -4 -1
right_child=-2 2 3 -5 -6 -7
leaf_value=9.4436833124016676e-06 0.00034402295926279716 -0.010162501401245527 -0.0023664113213672819 -0.00094275388337820279 -0.0017661798773647042 0.00012973957646407255
leaf_weight=2.2369848210364562 24.209271935746074 0.33686193660832969 0.87306846585124787 0.42802065704017866 1.7185185942798853 4.4591273199766874
leaf_count=20 78 22 20 14 30 26
internal_value=0 -0.00828492 -0.0265998 -0.0182301 -0.0196839 0.000895521
internal_weight=0 10.0526 3.35647 3.01961 2.59159 6.69611
internal_count=210 132 86 64 50 46
shrinkage=0.1


Tree=68
num_leaves=7
num_cat=0
split_feature=0 0 0 0 0 0
split_gain=0.000926825 0.00161559 0.00204986 4.00521e-05 1.89114e-05 2.01495e-06
threshold=0.75000000000000011 0.15000000000000005 0.25000000000000006 0.45000000000000007 0.35000000000000003 1.0000000180025095e-35
decision_type=2 2 2 2 2 2
left_child=1 5 -3 4 -4 -1
right_child=-2 2 3 -5 -6 -7
leaf_value=1.2630386067195781e-05 0.00033510322353382118 -0.010003668879972125 -0.0023006695395244195 -0.00087701270231281602 -0.001728898394327944 0.00012894512413926041
leaf_weight=2.2364128399640304 24.209525233134627 0.33635669026989523 0.87232040939852651 0.42776985559612496 1.7172181033529341 4.4584931675344706
leaf_count=20 78 22 20 14 30 26
internal_value=0 -0.00807342 -0.0259888 -0.0177343 -0.0192151 0.000900905
internal_weight=0 10.0486 3.35367 3.01731 2.58954 6.69491
internal_count=210 132 86 64 50 46
shrinkage=0.1


Tree=69
num_leaves=7
num_cat=0
split_feature=0 0 0 0 0 0
split_gain=0.000879483 0.00154466 0.00199481 4.15572e-05 1.72089e-05 1.85819e-06
threshold=0.75000000000000011 0.15000000000000005 0.25000000000000006 0.45000000000000007 0.35000000000000003 1.0000000180025095e-35
decision_type=2 2 2 2 2 2
left_child=1 5 -3 4 -4 -1
right_child=-2 2 3 -5 -6 -7
leaf_value=1.6351546261839605e-05 0.00032638184842812023 -0.0098495738779737496 -0.0022377417108150363 -0.00081165095509334428 -0.0016920970421182139 0.0001280617656194789
leaf_weight=2.2358584497123939 24.209761573001742 0.33586649619974229 0.87159948097541984 0.4275396680459379 1.7159551563672721 4.4578828364610672
leaf_count=20 78 22 20 14 30 26
internal_value=0 -0.00786652 -0.0253931 -0.0172498 -0.0187589 0.000907481
internal_weight=0 10.0447 3.35096 3.01509 2.58755 6.69374
internal_count=210 132 86 64 50 46
shrinkage=0.1


Tree=70
num_leaves=7
num_cat=0
split_feature=0 0 0 0 0 0
split_gain=0.000834595 0.00147854 0.00194134 4.30754e-05 1.55696e-05 1.80236e-06
threshold=0.75000000000000011 0.15000000000000005 0.25000000000000006 0.45000000000000007 0.35000000000000003 1.0000000180025095e-35
decision_type=2 2 2 2 2 2
left_child=1 5 -3 4 -4 -1
right_child=-2 2 3 -5 -6 -7
leaf_value=1.8536021765172184e-05 0.00031790098464086762 -0.0096991027026186987 -0.0021767509104905661 -0.00074863602826345885 -0.0016575463730988172 0.00012856639196273827
leaf_weight=2.2353310789912921 24.209978183731437 0.33538804599083993 0.8709026449359959 0.42733245994895686 1.7147412174381316 4.4572870098054409
leaf_count=20 78 22 20 14 30 26
internal_value=0 -0.00766498 -0.0248207 -0.0167871 -0.0183243 0.000918163
internal_weight=0 10.041 3.34836 3.01298 2.58564 6.69262
internal_count=210 132 86 64 50 46
shrinkage=0.1


Tree=71
num_leaves=7
num_cat=0
split_feature=0 0 0 0 0 0
split_gain=0.000793199 0.0014157 0.00188978 4.46252e-05 1.40366e-05 1.71165e-06
threshold=0.75000000000000011 0.15000000000000005 0.25000000000000006 0.45000000000000007 0.35000000000000003 1.0000000180025095e-35
decision_type=2 2 2 2 2 2
left_child=1 5 -3 4 -4 -1
right_child=-2 2 3 -5 -6 -7
leaf_value=2.0941006427109897e-05 0.0003098760055539721 -0.0095526876239740068 -0.0021178966645288453 -0.00068745565209473727 -0.0016247311017599552 0.00012817732839406608
leaf_weight=2.2348165921866876 24.210179751738906 0.33492258517071638 0.87023138953372892 0.42714759707450856 1.7135672578588128 4.4567206241190434
leaf_count=20 78 22 20 14 30 26
internal_value=0 -0.00747419 -0.0242693 -0.016343 -0.0179083 0.000923629
internal_weight=0 10.0374 3.34587 3.01095 2.5838 6.69154
internal_count=210 132 86 64 50 46
shrinkage=0.1


Tree=72
num_leaves=7
num_cat=0
split_feature=0 0 0 0 0 0
split_gain=0.000754496 0.00135486 0.00184046 4.62389e-05 1.26192e-05 1.56875e-06
threshold=0.75000000000000011 0.15000000000000005 0.25000000000000006 0.45000000000000007 0.35000000000000003 1.0000000180025095e-35
decision_type=2 2 2 2 2 2
left_child=1 5 -3 4 -4 -1
right_child=-2 2 3 -5 -6 -7
leaf_value=2.3945161317384054e-05 0.00030218387918859929 -0.0094100553238705333 -0.0020603130409620886 -0.00062668964332277379 -0.0015925411995882446 0.0001266172212743148
leaf_weight=2.2343160938471538 24.210362626239657 0.33446919440757522 0.86958117224276132 0.42698234505951393 1.7124251257628202 4.4561828374862671
leaf_count=20 78 22 20 14 30 26
internal_value=0 -0.00729119 -0.023729 -0.0159067 -0.0175008 0.000923295
internal_weight=0 10.034 3.34346 3.00899 2.58201 6.6905
internal_count=210 132 86 64 50 46
shrinkage=0.1


Tree=73
num_leaves=7
num_cat=0
split_feature=0 0 0 0 0 0
split_gain=0.000717044 0.00129819 0.00179299 4.78866e-05 1.13577e-05 1.48525e-06
threshold=0.75000000000000011 0.15000000000000005 0.25000000000000006 0.45000000000000007 0.35000000000000003 1.0000000180025095e-35
decision_type=2 2 2 2 2 2
left_child=1 5 -3 4 -4 -1
right_child=-2 2 3 -5 -6 -7
leaf_value=2.6504975407362887e-05 0.0002945514881277904 -0.0092713161627803187 -0.0020053376042043409 -0.00056745986363234725 -0.0015614076531509967 0.00012641623433637872
leaf_weight=2.2338339947164041 24.210527634248137 0.3340281393611807 0.8689532582648104 0.42683883104473341 1.7113233557902277 4.4556559436023235
leaf_count=20 78 22 20 14 30 26
internal_value=0 -0.00710946 -0.0232068 -0.015486 -0.0171091 0.000930527
internal_weight=0 10.0306 3.34114 3.00712 2.58028 6.68949
internal_count=210 132 86 64 50 46
shrinkage=0.1


Tree=74
num_leaves=7
num_cat=0
split_feature=0 0 0 0 0 0
split_gain=0.000681482 0.00124449 0.00174705 4.97665e-05 1.01334e-05 1.40162e-06
threshold=0.75000000000000011 0.15000000000000005 0.25000000000000006 0.45000000000000007 0.35000000000000003 1.0000000180025095e-35
decision_type=2 2 2 2 2 2
left_child=1 5 -3 4 -4 -1
right_child=-2 2 3 -5 -6 -7
leaf_value=2.9226178808863286e-05 0.00028711969646814874 -0.0091356720309828648 -0.0019516276833069007 -0.00050754103175152949 -0.0015321664407878287 0.00012629265829894551
leaf_weight=2.2333656493574363 24.210680043324828 0.33359716518316446 0.86834801593795474 0.42671245988458384 1.7102574943564832 4.4551487043499947
leaf_count=20 78 22 20 14 30 26
internal_value=0 -0.00693236 -0.0226999 -0.0150788 -0.0167342 0.000938811
internal_weight=0 10.0274 3.33892 3.00532 2.57861 6.68851
internal_count=210 132 86 64 50 46
shrinkage=0.1


Tree=75
num_leaves=7
num_cat=0
split_feature=0 0 0 0 0 0
split_gain=0.000649306 0.00119307 0.00170261 5.16124e-05 9.04893e-06 1.32622e-06
threshold=0.75000000000000011 0.15000000000000005 0.25000000000000006 0.45000000000000007 0.35000000000000003 1.0000000180025095e-35
decision_type=2 2 2 2 2 2
left_child=1 5 -3 4 -4 -1
right_child=-2 2 3 -5 -6 -7
leaf_value=3.0901619809522806e-05 0.00028022898083525843 -0.0090035643584859843 -0.0019005770447619479 -0.0004501060984521603 -0.0015040669715135062 0.00012532926711302688
leaf_weight=2.2329187020659429 24.210808260366321 0.33317732007708434 0.8677640343084938 0.42660989612340922 1.7092300280928612 4.4546683244407177
leaf_count=20 78 22 20 14 30 26
internal_value=0 -0.00676806 -0.0222126 -0.0146892 -0.0163759 0.000938008
internal_weight=0 10.0244 3.33678 3.0036 2.57699 6.68759
internal_count=210 132 86 64 50 46
shrinkage=0.1


Tree=76
num_leaves=7
num_cat=0
split_feature=0 0 0 0 0 0
split_gain=0.0006188 0.00114422 0.00165986 5.35953e-05 7.96212e-06 1.25179e-06
threshold=0.75000000000000011 0.15000000000000005 0.25000000000000006 0.45000000000000007 0.35000000000000003 1.0000000180025095e-35
decision_type=2 2 2 2 2 2
left_child=1 5 -3 4 -4 -1
right_child=-2 2 3 -5 -6 -7
leaf_value=3.263771440567203e-05 0.000273535820415328 -0.0088748840210800383 -0.0018498617434552847 -0.00039285515688066352 -0.0014778072535081238 0.00012438480501675658
leaf_weight=2.2324836105108243 24.210924198850989 0.3327684369869533 0.86719806585460946 0.42652627173811192 1.7082355124875903 4.4542034808546305
leaf_count=20 78 22 20 14 30 26
internal_value=0 -0.00660843 -0.0217394 -0.0143113 -0.0160309 0.000937532
internal_weight=0 10.0214 3.33473 3.00196 2.57543 6.68669
internal_count=210 132 86 64 50 46
shrinkage=0.1


Tree=77
num_leaves=7
num_cat=0
split_feature=0 0 0 0 0 0
split_gain=0.000589242 0.00109831 0.00161853 5.57069e-05 7.03615e-06 1.14785e-06
threshold=0.75000000000000011 0.15000000000000005 0.25000000000000006 0.45000000000000007 0.35000000000000003 1.0000000180025095e-35
decision_type=2 2 2 2 2 2
left_child=1 5 -3 4 -4 -1
right_child=-2 2 3 -5 -6 -7
leaf_value=3.5725141702143869e-05 0.00026689665489809233 -0.0087491724529287686 -0.0018019487236538045 -0.00033591986836642885 -0.0014520911493967614 0.00012358782320686312
leaf_weight=2.2320539653301221 24.211024759337306 0.33236899506300721 0.86665490036830373 0.42646242771297682 1.707271974068135 4.4537550806999207
leaf_count=20 78 22 20 14 30 26
internal_value=0 -0.00644985 -0.0212797 -0.013945 -0.0156989 0.000942549
internal_weight=0 10.0186 3.33276 3.00039 2.57393 6.68581
internal_count=210 132 86 64 50 46
shrinkage=0.1


Tree=78
num_leaves=7
num_cat=0
split_feature=0 0 0 0 0 0
split_gain=0.000562125 0.00105402 0.00157868 5.80227e-05 6.17673e-06 1.1114e-06
threshold=0.75000000000000011 0.15000000000000005 0.25000000000000006 0.45000000000000007 0.35000000000000003 1.0000000180025095e-35
decision_type=2 2 2 2 2 2
left_child=1 5 -3 4 -4 -1
right_child=-2 2 3 -5 -6 -7
leaf_value=3.6441606930977541e-05 0.00026065792875268275 -0.0086266049150052725 -0.0017556066323392541 -0.00027864784645896182 -0.0014277151061626294 0.00012290456020196973
leaf_weight=2.2316529527306539 24.21110106818378 0.3319794881390411 0.8661297508515422 0.42641751654446114 1.7063424321822822 4.4533238299190998
leaf_count=20 78 22 20 14 30 26
internal_value=0 -0.00630079 -0.0208337 -0.0135903 -0.0153811 0.000940405
internal_weight=0 10.0158 3.33087 2.99889 2.57247 6.68498
internal_count=210 132 86 64 50 46
shrinkage=0.1


Tree=79
num_leaves=7
num_cat=0
split_feature=0 0 0 0 0 0
split_gain=0.000535963 0.00101243 0.00154002 6.03935e-05 5.33947e-06 1.05989e-06
threshold=0.75000000000000011 0.15000000000000005 0.25000000000000006 0.45000000000000007 0.35000000000000003 1.0000000180025095e-35
decision_type=2 2 2 2 2 2
left_child=1 5 -3 4 -4 -1
right_child=-2 2 3 -5 -6 -7
leaf_value=3.8029117510765663e-05 0.00025449446077249283 -0.0085067072050904798 -0.0017098627600605509 -0.0002225664825885051 -0.001404916736293254 0.00012247085996524294
leaf_weight=2.2312544267624599 24.211164822801948 0.33159860933665214 0.8656196002848453 0.42639447469264258 1.7054457026533782 4.4529058374464512
leaf_count=20 78 22 20 14 30 26
internal_value=0 -0.00615348 -0.0204016 -0.0132479 -0.0150759 0.000942832
internal_weight=0 10.0132 3.32906 2.99746 2.57107 6.68416
internal_count=210 132 86 64 50 46
shrinkage=0.1


Tree=80
num_leaves=7
num_cat=0
split_feature=0 0 0 0 0 0
split_gain=0.000512266 0.00112874 0.00140166 7.19995e-06 4.62297e-06 9.93474e-07
threshold=0.45000000000000007 0.15000000000000005 0.25000000000000006 0.75000000000000011 0.35000000000000003 1.0000000180025095e-35
decision_type=2 2 2 2 2 2
left_child=1 5 -3 -2 -4 -1
right_child=3 2 4 -5 -6 -7
leaf_value=4.0182289012243759e-05 -0.00016604039029999209 -0.0083900365751513814 -0.0016666077555159164 0.00024848540928328955 -0.001382781049952388 0.00012194161230955686
leaf_weight=2.2308650612831098 0.42639121785760176 0.33122783119324628 0.86512999050319195 24.211213355883956 1.7045770743861794 4.452503165230155
leaf_count=20 14 22 20 78 30 26
internal_value=0 -0.00620318 -0.0226751 0.00241311 -0.0147834 0.000946509
internal_weight=0 9.5843 2.90093 24.6376 2.56971 6.68337
internal_count=210 118 72 92 50 46
shrinkage=0.1


Tree=81
num_leaves=7
num_cat=0
split_feature=0 0 0 0 0 0
split_gain=0.000492824 0.00109221 0.00136535 5.18616e-06 3.93482e-06 9.59508e-07
threshold=0.45000000000000007 0.15000000000000005 0.25000000000000006 0.75000000000000011 0.35000000000000003 1.0000000180025095e-35
decision_type=2 2 2 2 2 2
left_child=1 5 -3 -2 -4 -1
right_child=3 2 4 -5 -6 -7
leaf_value=4.1164849143925646e-05 -0.00010905029648527383 -0.0082756548428823337 -0.0016242951715789841 0.00024275443512408393 -0.0013623744599030375 0.00012151997091460414
leaf_weight=2.2304935008287412 0.42640750762075441 0.33086446509696577 0.86465674219653021 24.211243277415633 1.7037408137694001 4.4521153662353754
leaf_count=20 14 22 20 78 30 26
internal_value=0 -0.00608532 -0.0222943 0.00236666 -0.0145055 0.000946994
internal_weight=0 9.58187 2.89926 24.6377 2.5684 6.68261
internal_count=210 118 72 92 50 46
shrinkage=0.1


Tree=82
num_leaves=7
num_cat=0
split_feature=0 0 0 0 0 0
split_gain=0.000475029 0.00105692 0.00133042 3.52254e-06 3.30846e-06 8.99065e-07
threshold=0.45000000000000007 0.15000000000000005 0.25000000000000006 0.75000000000000011 0.35000000000000003 1.0000000180025095e-35
decision_type=2 2 2 2 2 2
left_child=1 5 -3 -2 -4 -1
right_child=3 2 4 -5 -6 -7
leaf_value=4.2342501329464448e-05 -5.2575413531360587e-05 -0.0081643613805884481 -0.0015831078416772783 0.0002373502914811203 -0.0013428754480520225 0.00012013083884256613
leaf_weight=2.2301306594163162 0.42644672840833919 0.33051070675719563 0.86419943114742659 24.211253060027957 1.7029295647516847 4.4517481904476881
leaf_count=20 14 22 20 78 30 26
internal_value=0 -0.00597538 -0.021926 0.00232332 -0.0142375 0.000941684
internal_weight=0 9.57952 2.89764 24.6377 2.56713 6.68188
internal_count=210 118 72 92 50 46
shrinkage=0.1


Tree=83
num_leaves=7
num_cat=0
split_feature=0 0 0 0 0 0
split_gain=0.000457575 0.00102441 0.00129636 2.74858e-06 2.14062e-06 8.81477e-07
threshold=0.45000000000000007 0.15000000000000005 0.25000000000000006 0.35000000000000003 0.75000000000000011 1.0000000180025095e-35
decision_type=2 2 2 2 2 2
left_child=1 5 -3 -4 -2 -1
right_child=4 2 3 -5 -6 -7
leaf_value=4.3050462264052919e-05 5.9202252917365104e-06 -0.0080555250706010727 -0.0015437700057147861 -0.0013247522850205454 0.00023191561914106444 0.00012007928373214696
leaf_weight=2.2297775540500862 0.42650433722883718 0.33016478823265094 0.8637595504987986 1.7021509916521609 24.21124660782516 4.451385485008359
leaf_count=20 14 22 20 30 78 26
internal_value=0 -0.00586548 -0.0215741 -0.0139848 0.00228003 0.000943716
internal_weight=0 9.57724 2.89608 2.56591 24.6378 6.68116
internal_count=210 118 72 50 92 46
shrinkage=0.1


Tree=84
num_leaves=7
num_cat=0
split_feature=0 0 0 0 0 0
split_gain=0.000441553 0.000992847 0.00126338 2.24331e-06 1.12612e-06 8.23512e-07
threshold=0.45000000000000007 0.15000000000000005 0.25000000000000006 0.35000000000000003 0.75000000000000011 1.0000000180025095e-35
decision_type=2 2 2 2 2 2
left_child=1 5 -3 -4 -2 -1
right_child=4 2 3 -5 -6 -7
leaf_value=4.4401419839182473e-05 6.2895082469224592e-05 -0.0079490225153337427 -0.0015053412219584947 -0.0013074286743660129 0.00022679562481054338 0.00011885930932952504
leaf_weight=2.2294305227696878 0.42658797372132801 0.32982629910111461 0.86333175376057636 1.7013984532095492 24.211219457909465 4.4510425794869661
leaf_count=20 14 22 20 30 78 26
internal_value=0 -0.00576272 -0.0212325 -0.0137405 0.00223958 0.00094011
internal_weight=0 9.57503 2.89456 2.56473 24.6378 6.68047
internal_count=210 118 72 50 92 46
shrinkage=0.1


Tree=85
num_leaves=7
num_cat=0
split_feature=0 0 0 0 0 0
split_gain=0.000426615 0.000963491 0.00123108 1.78872e-06 7.82515e-07 4.16314e-07
threshold=0.45000000000000007 0.15000000000000005 0.25000000000000006 0.35000000000000003 1.0000000180025095e-35 0.75000000000000011
decision_type=2 2 2 2 2 2
left_child=1 4 -3 -4 -1 -2
right_child=5 2 3 -5 -6 -7
leaf_value=4.5352734239291642e-05 0.00012219876378969537 -0.0078448475120147798 -0.0014686615803632154 -0.0012918953158925163 0.00011793816515194872 0.00022184187156807115
leaf_weight=2.2290934883058053 0.42669104970991861 0.32949518895475227 0.8629227369092406 1.7006771336309612 4.4507108964025974 24.211173010990024
leaf_count=20 14 22 20 30 26 78
internal_value=0 -0.00566524 -0.0209094 -0.013514 0.000937159 0.00220116
internal_weight=0 9.5729 2.8931 2.5636 6.6798 24.6379
internal_count=210 118 72 50 46 92
shrinkage=0.1


Tree=86
num_leaves=7
num_cat=0
split_feature=0 0 0 0 0 0
split_gain=0.000412468 0.000935694 0.00119982 1.38263e-06 7.29255e-07 5.15701e-08
threshold=0.45000000000000007 0.15000000000000005 0.25000000000000006 0.35000000000000003 1.0000000180025095e-35 0.75000000000000011
decision_type=2 2 2 2 2 2
left_child=1 4 -3 -4 -1 -2
right_child=5 2 3 -5 -6 -7
leaf_value=4.6769155579465935e-05 0.00018196276372976482 -0.0077431943204600553 -0.0014329024400627417 -0.0012774571391560555 0.00011684517505032092 0.00021702762686339806
leaf_weight=2.2287631630897504 0.42681881692260759 0.32917200675001401 0.86252786242403101 1.6999806659296155 4.4503897316753864 24.211108421906829
leaf_count=20 14 22 20 30 26 78
internal_value=0 -0.00557127 -0.0205984 -0.0132978 0.000934615 0.0021642
internal_weight=0 9.57083 2.89168 2.56251 6.67915 24.6379
internal_count=210 118 72 50 46 92
shrinkage=0.1


Tree=87
num_leaves=7
num_cat=0
split_feature=0 0 0 0 0 0
split_gain=0.000398926 0.000910107 0.0011692 1.0168e-06 7.38071e-07 4.13003e-08
threshold=0.45000000000000007 0.15000000000000005 0.25000000000000006 0.35000000000000003 1.0000000180025095e-35 0.75000000000000011
decision_type=2 2 2 2 2 2
left_child=1 4 -3 -4 -1 -2
right_child=5 2 3 -5 -6 -7
leaf_value=4.6623715905876089e-05 0.00024365370093593487 -0.0076436693881965258 -0.001398234782759563 -0.0012649028901181093 0.00011712617243532877 0.000212279385640546
leaf_weight=2.228449132293461 0.42697003576904791 0.32885559194255654 0.86214635870419454 1.6993168191984296 4.4500719476491213 24.211018731817603
leaf_count=20 14 22 20 30 26 78
internal_value=0 -0.00547976 -0.0203044 -0.0130978 0.000936013 0.00212823
internal_weight=0 9.56884 2.89032 2.56146 6.67852 24.638
internal_count=210 118 72 50 46 92
shrinkage=0.1


Tree=88
num_leaves=7
num_cat=0
split_feature=0 0 0 0 0 0
split_gain=0.000386375 0.000885701 0.00113942 7.04665e-07 6.86483e-07 4.04217e-07
threshold=0.45000000000000007 0.15000000000000005 0.25000000000000006 0.35000000000000003 1.0000000180025095e-35 0.75000000000000011
decision_type=2 2 2 2 2 2
left_child=1 4 -3 -4 -1 -2
right_child=5 2 3 -5 -6 -7
leaf_value=4.8199917275953589e-05 0.00030586629687662839 -0.0075462838029044348 -0.0013644839039771112 -0.0012534650418500825 0.00011619783705051211 0.00020773321698857873
leaf_weight=2.2281298041343671 0.42714858055115001 0.32854595407843623 0.8617787661496551 1.6986775901168585 4.4497721754014492 24.210912672802806
leaf_count=20 14 22 20 30 26 78
internal_value=0 -0.00539356 -0.0200222 -0.0129083 0.000935098 0.00209435
internal_weight=0 9.5669 2.889 2.56046 6.6779 24.6381
internal_count=210 118 72 50 46 92
shrinkage=0.1


Tree=89
num_leaves=7
num_cat=0
split_feature=0 0 0 0 0 0
split_gain=0.000375597 0.000862025 0.00111046 1.17365e-06 6.52123e-07 4.56719e-07
threshold=0.45000000000000007 0.15000000000000005 0.25000000000000006 0.75000000000000011 1.0000000180025095e-35 0.35000000000000003
decision_type=2 2 2 2 2 2
left_child=1 4 -3 -2 -1 -4
right_child=3 2 5 -5 -6 -7
leaf_value=4.8286969827901328e-05 0.00037075190005293897 -0.0074512747384749833 -0.001332475061869535 0.00020357509147217174 0.00011456504057364079 -0.0012430796850808803
leaf_weight=2.2278276178985816 0.42735253740102314 0.32824372779578004 0.86142602097243071 24.210773376747966 4.4494904894381762 1.6980642750859261
leaf_count=20 14 22 20 78 26 30
internal_value=0 -0.00531849 -0.0197542 0.00206475 0.00092452 -0.0127317
internal_weight=0 9.56505 2.88773 24.6381 6.67732 2.55949
internal_count=210 118 72 92 46 50
shrinkage=0.1


Tree=90
num_leaves=7
num_cat=0
split_feature=0 0 0 0 0 0
split_gain=0.000365064 0.000840848 0.00108188 2.37274e-06 6.27695e-07 2.51361e-07
threshold=0.45000000000000007 0.15000000000000005 0.25000000000000006 0.75000000000000011 1.0000000180025095e-35 0.35000000000000003
decision_type=2 2 2 2 2 2
left_child=1 4 -3 -2 -1 -4
right_child=3 2 5 -5 -6 -7
leaf_value=4.8805699217496068e-05 0.00043705942564590443 -0.0073580346278207106 -0.0013013962682179654 0.00019942176415562509 0.00011383415205023237 -0.0012350646301146121
leaf_weight=2.2275292929261905 0.42758578713983553 0.32794713211478693 0.86108798300847422 24.210613636299968 4.4492081981152296 1.6974844802170992
leaf_count=20 14 22 20 78 26 30
internal_value=0 -0.00524401 -0.019505 0.00203546 0.00092139 -0.0125739
internal_weight=0 9.56326 2.88652 24.6382 6.67674 2.55857
internal_count=210 118 72 92 46 50
shrinkage=0.1


Tree=91
num_leaves=7
num_cat=0
split_feature=0 0 0 0 0 0
split_gain=0.000354803 0.000821242 0.00105416 4.07975e-06 5.93615e-07 1.01032e-07
threshold=0.45000000000000007 0.15000000000000005 0.25000000000000006 0.75000000000000011 1.0000000180025095e-35 0.35000000000000003
decision_type=2 2 2 2 2 2
left_child=1 4 -3 -2 -1 -4
right_child=3 2 5 -5 -6 -7
leaf_value=5.0083452478391081e-05 0.000506753252978782 -0.0072670946996740808 -0.0012705460023748148 0.00019524017881859845 0.00011332543606486345 -0.0012284849548104386
leaf_weight=2.227230014279483 0.4278476713225271 0.32765768660465289 0.86076080054044735 24.210428921505809 4.4489344470202923 1.6969301234930754
leaf_count=20 14 22 20 78 26 30
internal_value=0 -0.0051704 -0.0192677 0.0020065 0.000922273 -0.0124264
internal_weight=0 9.56151 2.88535 24.6383 6.67616 2.55769
internal_count=210 118 72 92 46 50
shrinkage=0.1


Tree=92
num_leaves=7
num_cat=0
split_feature=0 0 0 0 0 0
split_gain=0.000345721 0.000803036 0.00102676 6.37529e-06 5.84143e-07 2.00464e-08
threshold=0.45000000000000007 0.15000000000000005 0.25000000000000006 0.75000000000000011 1.0000000180025095e-35 0.35000000000000003
decision_type=2 2 2 2 2 2
left_child=1 4 -3 -2 -1 -4
right_child=3 2 5 -5 -6 -7
leaf_value=5.0191823736657147e-05 0.00058057070284454686 -0.0071777120879743103 -0.0012420898753726262 0.00019128918404040003 0.00011293053352805225 -0.0012233509881710064
leaf_weight=2.2269434910267574 0.4281398924067642 0.32737328566145185 0.86045156628824782 24.210213107988238 4.4486709777265787 1.696405116468668
leaf_count=20 14 22 20 78 26 30
internal_value=0 -0.00510435 -0.0190479 0.00198054 0.000920013 -0.0122966
internal_weight=0 9.55984 2.88423 24.6384 6.67561 2.55686
internal_count=210 118 72 92 46 50
shrinkage=0.1


Tree=93
num_leaves=7
num_cat=0
split_feature=0 0 0 0 0 0
split_gain=0.000337909 0.000785772 0.00100005 9.29756e-06 5.43708e-07 1.56655e-09
threshold=0.45000000000000007 0.15000000000000005 0.25000000000000006 0.75000000000000011 1.0000000180025095e-35 0.35000000000000003
decision_type=2 2 2 2 2 2
left_child=1 4 -3 -2 -1 -4
right_child=3 2 5 -5 -6 -7
leaf_value=5.0857923308890767e-05 0.00065754937139900064 -0.0070905501215374591 -0.0012145783970470866 0.00018761766885792602 0.00011138939503471798 -0.0012198176436903308
leaf_weight=2.2266591526567918 0.42846778500825422 0.32709576556226272 0.86015335214324307 24.20996312610805 4.4484234377741814 1.6959089916199446
leaf_count=20 14 22 20 78 26 30
internal_value=0 -0.00504691 -0.0188429 0.0019579 0.000911974 -0.0121805
internal_weight=0 9.55824 2.88316 24.6384 6.67508 2.55606
internal_count=210 118 72 92 46 50
shrinkage=0.1


Tree=94
num_leaves=7
num_cat=0
split_feature=0 0 0 0 0 0
split_gain=0.000330699 0.000770582 0.000973554 1.29554e-05 5.56648e-07 5.87627e-08
threshold=0.45000000000000007 0.15000000000000005 0.25000000000000006 0.75000000000000011 1.0000000180025095e-35 0.35000000000000003
decision_type=2 2 2 2 2 2
left_child=1 4 -3 -2 -1 -4
right_child=3 2 5 -5 -6 -7
leaf_value=4.991946643315233e-05 0.00073851836565898992 -0.0070049426138175698 -0.0011872438692909285 0.00018402835202652697 0.00011117009591150979 -0.0012193372323939077
leaf_weight=2.226388003677128 0.42883368209004658 0.32682323141489206 0.8598661031574012 24.209675615653396 4.4481744021177292 1.6954493126831949
leaf_count=20 14 22 20 78 26 30
internal_value=0 -0.00499328 -0.0186583 0.00193679 0.000907391 -0.0120854
internal_weight=0 9.5567 2.88214 24.6385 6.67456 2.55532
internal_count=210 118 72 92 46 50
shrinkage=0.1


Tree=95
num_leaves=7
num_cat=0
split_feature=0 0 0 0 0 0
split_gain=0.000323798 0.000757106 0.000947559 1.74866e-05 5.47521e-07 1.89927e-07
threshold=0.45000000000000007 0.15000000000000005 0.25000000000000006 0.75000000000000011 1.0000000180025095e-35 0.35000000000000003
decision_type=2 2 2 2 2 2
left_child=1 4 -3 -2 -1 -4
right_child=3 2 5 -5 -6 -7
leaf_value=5.0229776600462658e-05 0.00082431979200056735 -0.0069211863751577124 -0.0011622402061620455 0.00018042012307550791 0.00011097925078267289 -0.0012199462361457685
leaf_weight=2.2261091079562885 0.42924059554934763 0.32655642938334528 0.8595964196138085 24.209356604143977 4.4479319844394922 1.6950167049653828
leaf_count=20 14 22 20 78 26 30
internal_value=0 -0.00494139 -0.0184892 0.00191638 0.000907164 -0.0120053
internal_weight=0 9.55521 2.88117 24.6386 6.67404 2.55461
internal_count=210 118 72 92 46 50
shrinkage=0.1


Tree=96
num_leaves=7
num_cat=0
split_feature=0 0 0 0 0 0
split_gain=0.000318379 0.000744955 0.000921814 2.31504e-05 5.2072e-07 4.34457e-07
threshold=0.45000000000000007 0.15000000000000005 0.25000000000000006 0.75000000000000011 1.0000000180025095e-35 0.35000000000000003
decision_type=2 2 2 2 2 2
left_child=1 4 -3 -2 -1 -4
right_child=3 2 5 -5 -6 -7
leaf_value=5.0591993429657598e-05 0.00091759428301338474 -0.0068392049668936604 -0.0011367961508211386 0.0001770993625647482 0.00010983894997166381 -0.0012240857472747143
leaf_weight=2.2258316967636329 0.42968929558992641 0.3262952291988771 0.85933474288322043 24.2089934181422 4.4477047268301249 1.694622858427465
leaf_count=20 14 22 20 78 26 30
internal_value=0 -0.00490037 -0.0183416 0.00190013 0.000900782 -0.0119472
internal_weight=0 9.55379 2.88025 24.6387 6.67354 2.55396
internal_count=210 118 72 92 46 50
shrinkage=0.1


Tree=97
num_leaves=7
num_cat=0
split_feature=0 0 0 0 0 0
split_gain=0.000313923 0.00073489 0.000896159 3.00162e-05 7.84571e-07 4.84344e-07
threshold=0.45000000000000007 0.15000000000000005 0.25000000000000006 0.75000000000000011 0.35000000000000003 1.0000000180025095e-35
decision_type=2 2 2 2 2 2
left_child=1 5 -3 -2 -4 -1
right_child=3 2 4 -5 -6 -7
leaf_value=5.1437379712681452e-05 0.0010166569125850068 -0.0067588897649752695 -0.0011136436840751783 0.00017395679098729396 -0.0012309608350553416 0.00010858029401251124
leaf_weight=2.2255565468221885 0.43018964305520313 0.32603927131276605 0.85909126140177261 24.208583114668727 1.6942677390761673 4.4474829733371735
leaf_count=20 14 22 20 78 30 26
internal_value=0 -0.00486638 -0.018219 0.0018867 -0.0119149 0.000895223
internal_weight=0 9.55244 2.8794 24.6388 2.55336 6.67304
internal_count=210 118 72 92 50 46
shrinkage=0.1


Tree=98
num_leaves=7
num_cat=0
split_feature=0 0 0 0 0 0
split_gain=0.000309923 0.000726507 0.000870912 3.8516e-05 1.27621e-06 4.9969e-07
threshold=0.45000000000000007 0.15000000000000005 0.25000000000000006 0.75000000000000011 0.35000000000000003 1.0000000180025095e-35
decision_type=2 2 2 2 2 2
left_child=1 5 -3 -2 -4 -1
right_child=3 2 4 -5 -6 -7
leaf_value=5.0588020765354453e-05 0.0011247600037031036 -0.0066803927425703943 -0.0010907399939448113 0.000170776640179165 -0.0012403838919157525 0.0001086318773291029
leaf_weight=2.2252931054681522 0.43074430711567657 0.32578886405099217 0.85885895648971211 24.208115769550204 1.693946470040828 4.4472606405615807
leaf_count=20 14 22 20 78 30 26
internal_value=0 -0.0048357 -0.0181142 0.00187454 -0.0119004 0.000892743
internal_weight=0 9.55115 2.87859 24.6389 2.55281 6.67255
internal_count=210 118 72 92 50 46
shrinkage=0.1


Tree=99
num_leaves=7
num_cat=0
split_feature=0 0 0 0 0 0
split_gain=0.000307129 0.000720004 0.000845619 4.90143e-05 1.9428e-06 4.77017e-07
threshold=0.45000000000000007 0.15000000000000005 0.25000000000000006 0.75000000000000011 0.35000000000000003 1.0000000180025095e-35
decision_type=2 2 2 2 2 2
left_child=1 5 -3 -2 -4 -1
right_child=3 2 4 -5 -6 -7
leaf_value=5.1030402846087066e-05 0.0012431864153728568 -0.0066032419854478615 -0.0010687941986582611 0.00016777000534002912 -0.0012534490581793797 0.00010774492268697961
leaf_weight=2.2250198349356634 0.4313599262386586 0.32554285414516959 0.85863910615444194 24.207589296624064 1.69367057364434 4.4470514133572578
leaf_count=20 14 22 20 78 30 26
internal_value=0 -0.00481426 -0.0180352 0.00186598 -0.0119133 0.000888316
internal_weight=0 9.54992 2.87785 24.6389 2.55231 6.67207
internal_count=210 118 72 92 50 46
shrinkage=0.1


end of trees

feature importances:
geographical=600

parameters:
[boosting: gbdt]
[objective: lambdarank]
[metric: ndcg]
[tree_learner: serial]
[device_type: cpu]
[data: ]
[valid: ]
[num_iterations: 100]
[learning_rate: 0.1]
[num_leaves: 16]
[num_threads: -1]
[max_depth: -1]
[min_data_in_leaf: 5]
[min_sum_hessian_in_leaf: 0.001]
[bagging_fraction: 1]
[pos_bagging_fraction: 1]
[neg_bagging_fraction: 1]
[bagging_freq: 0]
[bagging_seed: 3]
[feature_fraction: 1]
[feature_fraction_bynode: 1]
[feature_fraction_seed: 2]
[early_stopping_round: 0]
[first_metric_only: 0]
[max_delta_step: 0]
[lambda_l1: 0]
[lambda_l2: 0]
[min_gain_to_split: 0]
[drop_rate: 0.1]
[max_drop: 50]
[skip_drop: 0.5]
[xgboost_dart_mode: 0]
[uniform_drop: 0]
[drop_seed: 4]
[top_rate: 0.2]
[other_rate: 0.1]
[min_data_per_group: 100]
[max_cat_threshold: 32]
[cat_l2: 10]
[cat_smooth: 10]
[max_cat_to_onehot: 4]
[top_k: 20]
[monotone_constraints: ]
[feature_contri: ]
[forcedsplits_filename: ]
[forcedbins_filename: ]
[refit_decay_rate: 0.9]
[cegb_tradeoff: 1]
[cegb_penalty_split: 0]
[cegb_penalty_feature_lazy: ]
[cegb_penalty_feature_coupled: ]
[verbosity: -1]
[max_bin: 255]
[max_bin_by_feature: ]
[min_data_in_bin: 3]
[bin_construct_sample_cnt: 200000]
[histogram_pool_size: -1]
[data_random_seed: 1]
[output_model: LightGBM_model.txt]
[snapshot_freq: -1]
[input_model: ]
[output_result: LightGBM_predict_result.txt]
[initscore_filename: ]
[valid_data_initscores: ]
[pre_partition: 0]
[enable_bundle: 1]
[max_conflict_rate: 0]
[is_enable_sparse: 1]
[sparse_threshold: 0.8]
[use_missing: 1]
[zero_as_missing: 0]
[two_round: 0]
[save_binary: 0]
[header: 0]
[label_column: ]
[weight_column: ]
[group_column: ]
[ignore_column: ]
[categorical_feature: ]
[predict_raw_score: 0]
[predict_leaf_index: 0]
[predict_contrib: 0]
[num_iteration_predict: -1]
[pred_early_stop: 0]
[pred_early_stop_freq: 10]
[pred_early_stop_margin: 10]
[convert_model_language: ]
[convert_model: gbdt_prediction.cpp]
[num_class: 1]
[is_unbalance: 0]
[scale_pos_weight: 1]
[sigmoid: 1]
[boost_from_average: 1]
[reg_sqrt: 0]
[alpha: 0.9]
[fair_c: 1]
[poisson_max_delta_step: 0.7]
[tweedie_variance_power: 1.5]
[max_position: 20]
[lambdamart_norm: 1]
[label_gain: ]
[metric_freq: 1]
[is_provide_training_metric: 0]
[eval_at: 1]
[multi_error_top_k: 1]
[num_machines: 1]
[local_listen_port: 12400]
[time_out: 120]
[machine_list_filename: ]
[machines: ]
[gpu_platform_id: -1]
[gpu_device_id: -1]
[gpu_use_dp: 0]

end of parameters

pandas_categorical:null
