Averaged result
Base: 0.6962594625531593, Pos: 0.6713540792787377, Emot: 0.7080782168453854, MWE: 0.708605971437129, Syn_only: 0.7171278391181883

ara 0.7463078239741027    0.5690159790091719    0.7463078239741027    0.7463078239741027    0.7285786394776096
ces 0.7239360839633121    0.7239360839633121    0.7239360839633121    0.8535239685137578    0.7416652684598052
deu 0.36386880095845636    0.38159798545494944    0.2722623980830872    0.2722623980830872    0.44955424304801794
eng 0.8395963019708654    0.8134230440064741    0.8395963019708654    0.8395963019708654    0.8180655995207717
fas 0.7070479370275158    0.7285786394776096    0.5474852765590782    0.7425063060205019    0.6893187525310227
fra 0.22667788050080925    0.27522287847599103    0.23596299152940425    0.2220353249865118    0.36006728300485574
hin 0.7239360839633121    0.7378637505062046    0.7239360839633121    0.7239360839633121    0.715492010495414
jpn 0.4077712434193406    0.5035828340981939    0.46812446510520783    0.5035828340981939    0.3338940250404645
kor 0.6230445700593479    0.640773754555841    0.5859041259449682    0.5859041259449682    0.6036333104414613
nld 0.7425063060205019    0.3963666895585387    0.7956938595099812    0.6538603835380365    0.8049789705385761
pol 0.8889823375067439    0.8889823375067439    0.8889823375067439    0.8750546709638516    0.8758957085245483
rus 0.9729857044749118    0.9197981509854326    0.9729857044749118    0.9729857044749118    0.9151555954711352
spa 0.7163330480561108    0.6737090108667366    0.9645416310070137    0.7648780460312925    0.9197981509854326
tam 0.6931202704846234    0.6931202704846234    0.6931202704846234    0.6931202704846234    0.7817661929670887
tur 0.9999999999999999    0.8666105974959534    0.9822708155035068    0.9999999999999999    0.9058704844425403
zho 0.7640370084705957    0.9290832620140276    0.8881412999460472    0.8881412999460472    0.8303111909422705
