tree
version=v3
num_class=1
num_tree_per_iteration=1
label_index=0
max_feature_idx=0
objective=lambdarank
feature_names=geographical
feature_infos=[0:1]
tree_sizes=843 843 846 848 848 853 856 855 858 855 860 859 861 854 858 861 855 859 860 863 861 864 859 860 864 863 864 864 863 865 865 868 862 868 867 867 864 869 869 865 871 871 870 871 873 869 870 870 872 872 871 870 870 870 872 872 874 874 871 876 867 873 876 877 872 873 876 875 875 874 873 874 873 874 871 869 865 865 870 870 870 860 875 873 872 874 870 864 868 870 875 871 869 865 869 868 875 872 870 871

Tree=0
num_leaves=7
num_cat=0
split_feature=0 0 0 0 0 0
split_gain=8.3748 0.925412 1.25065 0.32508 0.0662746 0.267131
threshold=0.25000000000000006 1.0000000180025095e-35 0.15000000000000005 0.35000000000000003 0.75000000000000011 0.45000000000000007
decision_type=2 2 2 2 2 2
left_child=1 -1 -3 -2 5 -5
right_child=3 2 -4 4 -6 -7
leaf_value=0.13156651818410214 -0.0048907296676987937 -0.011079579160625736 0.11084119924842405 -0.064532289895339129 -0.069423539638531873 -0.16869358050787864
leaf_weight=2.7295841798186311 0.75981589499860813 1.5942913591861725 1.7815339807420969 0.83382092323154189 6.085296549834311 0.34937869012355804
leaf_count=26 16 32 22 22 78 14
internal_value=0 0.882701 0.53262 -0.671281 -0.736341 -0.952893
internal_weight=0 6.10541 3.37583 8.02831 7.2685 1.1832
internal_count=210 80 54 130 114 36
shrinkage=0.1


Tree=1
num_leaves=7
num_cat=0
split_feature=0 0 0 0 0 0
split_gain=3.451 0.920776 0.66089 1.40636 0.211314 0.170295
threshold=0.35000000000000003 0.75000000000000011 1.0000000180025095e-35 0.15000000000000005 0.45000000000000007 0.25000000000000006
decision_type=2 2 2 2 2 2
left_child=2 4 -1 -4 -2 -5
right_child=1 -3 3 5 -6 -7
leaf_value=0.029096398812675003 -0.087575202720017564 -0.032259032017566594 -0.048650413154550896 0.024768275432482282 -0.15654969503852698 -0.0048011866050252199
leaf_weight=16.65163990855217 2.4420057255774723 6.0558151248842478 4.2503096908330908 9.2190934643149358 0.54292460158467282 2.4693578351289025
leaf_count=26 22 78 32 22 14 16
internal_value=0 -0.546646 0.151642 0.00608948 -1.00121 0.185213
internal_weight=0 9.04075 32.5904 15.9388 2.98493 11.6885
internal_count=210 114 96 70 36 38
shrinkage=0.1


Tree=2
num_leaves=7
num_cat=0
split_feature=0 0 0 0 0 0
split_gain=2.39914 0.31071 0.645152 0.240363 0.196234 0.0808298
threshold=0.35000000000000003 1.0000000180025095e-35 0.15000000000000005 0.75000000000000011 0.45000000000000007 0.25000000000000006
decision_type=2 2 2 2 2 2
left_child=1 -1 -3 4 -2 -4
right_child=3 2 5 -5 -6 -7
leaf_value=0.021558530304456563 -0.062663680052024426 -0.032215116755921779 0.018226406942949174 -0.038995968808703256 -0.13869888971931146 -0.0026693614794603454
leaf_weight=16.763711377978325 1.5896423216909163 4.081586215645074 9.2335310280323011 5.9635207504034042 0.43157842848449934 2.3154179314151397
leaf_count=26 22 32 22 78 14 16
internal_value=0 0.121017 0.0195928 -0.490968 -0.78899 0.140371
internal_weight=0 32.3942 15.6305 7.98474 2.02122 11.5489
internal_count=210 96 70 114 36 38
shrinkage=0.1


Tree=3
num_leaves=7
num_cat=0
split_feature=0 0 0 0 0 0
split_gain=1.67217 0.221338 0.41262 0.152492 0.138697 0.0668967
threshold=0.35000000000000003 1.0000000180025095e-35 0.15000000000000005 0.75000000000000011 0.45000000000000007 0.25000000000000006
decision_type=2 2 2 2 2 2
left_child=1 -1 -3 4 -2 -4
right_child=3 2 5 -5 -6 -7
leaf_value=0.017869331469264321 -0.054180496594648631 -0.026208064269340997 0.01477053543556198 -0.034438545008377001 -0.12459232792466186 -0.0044691976234436529
leaf_weight=16.790460862219334 1.4378172401338805 4.0341596780344835 9.1905677169561368 5.7733569331467152 0.34733344055712206 2.2495438996702424
leaf_count=26 22 32 22 78 14 16
internal_value=0 0.0991804 0.0129043 -0.423368 -0.678804 0.109873
internal_weight=0 32.2647 15.4743 7.55851 1.78515 11.4401
internal_count=210 96 70 114 36 38
shrinkage=0.1


Tree=4
num_leaves=7
num_cat=0
split_feature=0 0 0 0 0 0
split_gain=1.25342 0.174027 0.304629 0.104984 0.104578 0.0563377
threshold=0.35000000000000003 1.0000000180025095e-35 0.15000000000000005 0.75000000000000011 0.45000000000000007 0.25000000000000006
decision_type=2 2 2 2 2 2
left_child=1 -1 -3 4 -2 -4
right_child=3 2 5 -5 -6 -7
leaf_value=0.015515362230964556 -0.04785802857177452 -0.022902864859281821 0.012619272829963233 -0.030968476045203055 -0.11344871644888686 -0.0051711407117482761
leaf_weight=16.803676597774029 1.3492860998958338 4.0102572022005907 9.147101014852522 5.6398586602881551 0.2965004933066665 2.2101195445284239
leaf_count=26 22 32 22 78 14 16
internal_value=0 0.0848181 0.00790927 -0.37453 -0.596747 0.0915725
internal_weight=0 32.1712 15.3675 7.28565 1.64579 11.3572
internal_count=210 96 70 114 36 38
shrinkage=0.1


Tree=5
num_leaves=7
num_cat=0
split_feature=0 0 0 0 0 0
split_gain=0.986419 0.143172 0.240181 0.0756238 0.0819028 0.0481701
threshold=0.35000000000000003 1.0000000180025095e-35 0.15000000000000005 0.75000000000000011 0.45000000000000007 0.25000000000000006
decision_type=2 2 2 2 2 2
left_child=1 -1 -3 4 -2 -4
right_child=3 2 5 -5 -6 -7
leaf_value=0.013827971265050485 -0.04291141042293245 -0.020614351040759565 0.011110448966007333 -0.028281737750768851 -0.10426537254275861 -0.0054330370417281434
leaf_weight=16.809398114681244 1.2906897123903025 3.9960656696930519 9.1066138148307783 5.5413161301985383 0.26169184315949667 2.1817058455198994
leaf_count=26 22 32 22 78 14 16
internal_value=0 0.0745904 0.00454646 -0.337467 -0.532541 0.0791307
internal_weight=0 32.0938 15.2844 7.0937 1.55238 11.2883
internal_count=210 96 70 114 36 38
shrinkage=0.1


Tree=6
num_leaves=7
num_cat=0
split_feature=0 0 0 0 0 0
split_gain=0.803205 0.121124 0.196882 0.0561509 0.065806 0.0417715
threshold=0.35000000000000003 1.0000000180025095e-35 0.15000000000000005 0.75000000000000011 0.45000000000000007 0.25000000000000006
decision_type=2 2 2 2 2 2
left_child=1 -1 -3 4 -2 -4
right_child=3 2 5 -5 -6 -7
leaf_value=0.012537735282824924 -0.038908660914989013 -0.018867577245405227 0.0099767335120937769 -0.026131549122904676 -0.096484133462120369 -0.0054983482933359225
leaf_weight=16.811069570481777 1.2487084455788124 3.9867587685585013 9.0699437782168371 5.4649279583245516 0.23603767389431585 2.1595905870199195
leaf_count=26 22 32 22 78 14 16
internal_value=0 0.0668698 0.00223034 -0.308168 -0.480617 0.0700067
internal_weight=0 32.0274 15.2163 6.94967 1.48475 11.2295
internal_count=210 96 70 114 36 38
shrinkage=0.1


Tree=7
num_leaves=7
num_cat=0
split_feature=0 0 0 0 0 0
split_gain=0.670641 0.104534 0.165749 0.0426229 0.053864 0.0366701
threshold=0.35000000000000003 1.0000000180025095e-35 0.15000000000000005 0.75000000000000011 0.45000000000000007 0.25000000000000006
decision_type=2 2 2 2 2 2
left_child=1 -1 -3 4 -2 -4
right_child=3 2 5 -5 -6 -7
leaf_value=0.01150931384558905 -0.035587931748359114 -0.017466552216255506 0.0090852832075586764 -0.024361266379034685 -0.089753756774407042 -0.0054682298466112089
leaf_weight=16.81046357750893 1.2169695631600905 3.9801819855347267 9.0369584262371045 5.4034360689111054 0.21620607306249429 2.1416116803884497
leaf_count=26 22 32 22 78 14 16
internal_value=0 0.0607927 0.000575539 -0.284277 -0.437593 0.0629709
internal_weight=0 31.9692 15.1588 6.83661 1.43318 11.1786
internal_count=210 96 70 114 36 38
shrinkage=0.1


Tree=8
num_leaves=7
num_cat=0
split_feature=0 0 0 0 0 0
split_gain=0.570865 0.0915717 0.142284 0.0329055 0.0447355 0.0325324
threshold=0.35000000000000003 1.0000000180025095e-35 0.15000000000000005 0.75000000000000011 0.45000000000000007 0.25000000000000006
decision_type=2 2 2 2 2 2
left_child=1 -1 -3 4 -2 -4
right_child=3 2 5 -5 -6 -7
leaf_value=0.010664217076202029 -0.032778746050684052 -0.016304092213216357 0.0083614594487781777 -0.022870689925211071 -0.08384681186834278 -0.0053898535247031169
leaf_weight=16.808562278747562 1.1920286254025985 3.9752598963677874 9.0072655677795392 5.3525097114033997 0.20036886283196495 2.1265722839161745
leaf_count=26 22 32 22 78 14 16
internal_value=0 0.0558591 -0.000636061 -0.264331 -0.401275 0.0573495
internal_weight=0 31.9177 15.1091 6.74491 1.3924 11.1338
internal_count=210 96 70 114 36 38
shrinkage=0.1


Tree=9
num_leaves=7
num_cat=0
split_feature=0 0 0 0 0 0
split_gain=0.493423 0.0811847 0.124001 0.0291183 0.025743 0.0375937
threshold=0.35000000000000003 1.0000000180025095e-35 0.15000000000000005 0.25000000000000006 0.75000000000000011 0.45000000000000007
decision_type=2 2 2 2 2 2
left_child=1 -1 -3 -4 5 -2
right_child=4 2 3 -5 -6 -7
leaf_value=0.0099542962320779624 -0.030365134383904421 -0.01531821150886919 0.0077586849699947964 -0.0052867210737776137 -0.021592625952698341 -0.078601481742929885
leaf_weight=16.805901452898983 1.1718540922738601 3.9713947130367151 8.9804417602717859 2.113721744157373 5.3093901253305376 0.18741187709383653
leaf_count=26 22 32 22 16 78 14
internal_value=0 0.0517573 -0.0015485 0.052732 -0.247363 -0.370158
internal_weight=0 31.8715 15.0656 11.0942 6.66866 1.35927
internal_count=210 96 70 38 114 36
shrinkage=0.1


Tree=10
num_leaves=7
num_cat=0
split_feature=0 0 0 0 0 0
split_gain=0.431871 0.0726723 0.109379 0.0262625 0.0203532 0.0319016
threshold=0.35000000000000003 1.0000000180025095e-35 0.15000000000000005 0.25000000000000006 0.75000000000000011 0.45000000000000007
decision_type=2 2 2 2 2 2
left_child=1 -1 -3 -4 5 -2
right_child=4 2 3 -5 -6 -7
leaf_value=0.0093471541086725344 -0.028265911121598493 -0.014466712943196883 0.0072476564987620333 -0.0051713189065932079 -0.020481771229174568 -0.073899858857579881
leaf_weight=16.802804954349998 1.1551681840792287 3.9682334307581177 8.956081956624983 2.1025638822466126 5.2722527617588639 0.17661371361464251
leaf_count=26 22 32 22 16 78 14
internal_value=0 0.0482847 -0.00224246 0.0488646 -0.232719 -0.343176
internal_weight=0 31.8297 15.0269 11.0586 6.60403 1.33178
internal_count=210 96 70 38 114 36
shrinkage=0.1


Tree=11
num_leaves=7
num_cat=0
split_feature=0 0 0 0 0 0
split_gain=0.381925 0.0655809 0.0974424 0.0238402 0.0162285 0.0273078
threshold=0.35000000000000003 1.0000000180025095e-35 0.15000000000000005 0.25000000000000006 0.75000000000000011 0.45000000000000007
decision_type=2 2 2 2 2 2
left_child=1 -1 -3 -4 5 -2
right_child=4 2 3 -5 -6 -7
leaf_value=0.0088203321433707998 -0.026418462068224152 -0.01372148539374222 0.0068071465539915445 -0.0050504737718877098 -0.019503521776647673 -0.069658891090908878
leaf_weight=16.799478225409988 1.1411149757914234 3.9655714510008684 8.9338576532900316 2.0927503188140681 5.2397987986914814 0.16748883691616345
leaf_count=26 22 32 22 16 78 14
internal_value=0 0.0452975 -0.00278067 0.0455668 -0.219913 -0.319528
internal_weight=0 31.7917 14.9922 11.0266 6.5484 1.3086
internal_count=210 96 70 38 114 36
shrinkage=0.1


Tree=12
num_leaves=7
num_cat=0
split_feature=0 0 0 0 0 0
split_gain=0.340738 0.059586 0.0875396 0.0217675 0.0130267 0.0235503
threshold=0.35000000000000003 1.0000000180025095e-35 0.15000000000000005 0.25000000000000006 0.75000000000000011 0.45000000000000007
decision_type=2 2 2 2 2 2
left_child=1 -1 -3 -4 5 -2
right_child=4 2 3 -5 -6 -7
leaf_value=0.0083577956307531922 -0.024778745261015468 -0.013062243740512984 0.0064232352167571359 -0.0049288485372100113 -0.018633984797830652 -0.065808040907738591
leaf_weight=16.796042196452621 1.1291111996397365 3.9632702572271219 8.9134781062602979 2.0840271250344804 5.2111175949685276 0.15968163358047591
leaf_count=26 22 32 22 16 78 14
internal_value=0 0.0426964 -0.00320016 0.0427202 -0.208603 -0.298623
internal_weight=0 31.7568 14.9608 10.9975 6.49991 1.28879
internal_count=210 96 70 38 114 36
shrinkage=0.1


Tree=13
num_leaves=7
num_cat=0
split_feature=0 0 0 0 0 0
split_gain=0.306297 0.0544684 0.0791974 0.0199703 0.0105113 0.0204474
threshold=0.35000000000000003 1.0000000180025095e-35 0.15000000000000005 0.25000000000000006 0.75000000000000011 0.45000000000000007
decision_type=2 2 2 2 2 2
left_child=1 -1 -3 -4 5 -2
right_child=4 2 3 -5 -6 -7
leaf_value=0.007948082192437169 -0.02331162542045925 -0.01247326481253865 0.0060840784499919722 -0.0048080559908830296 -0.017854689412473018 -0.062295681993387447
leaf_weight=16.792562462389473 1.1187377138994623 3.9612307413481167 8.8947133459150773 2.0762016149237743 5.1855239351280034 0.15293697896413494
leaf_count=26 22 32 22 16 78 14
internal_value=0 0.0404079 -0.00353321 0.0402279 -0.198527 -0.28
internal_weight=0 31.7247 14.9321 10.9709 6.4572 1.27167
internal_count=210 96 70 38 114 36
shrinkage=0.1


Tree=14
num_leaves=7
num_cat=0
split_feature=0 0 0 0 0 0
split_gain=0.277145 0.050045 0.0720899 0.0184026 0.00851521 0.0178634
threshold=0.35000000000000003 1.0000000180025095e-35 0.15000000000000005 0.25000000000000006 0.75000000000000011 0.45000000000000007
decision_type=2 2 2 2 2 2
left_child=1 -1 -3 -4 5 -2
right_child=4 2 3 -5 -6 -7
leaf_value=0.0075816937792055191 -0.021989596590465607 -0.01194287400296418 0.0057824029631770293 -0.0046898720302646808 -0.017150985658168673 -0.059079534234573919
leaf_weight=16.789098456501964 1.109683786984532 3.9593947017565361 8.8773480989038926 2.0691277263686052 5.1624946715310216 0.14706197171472002
leaf_count=26 22 32 22 16 78 14
internal_value=0 0.0383757 -0.00379588 0.0380291 -0.18948 -0.263298
internal_weight=0 31.695 14.9059 10.9465 6.41924 1.25675
internal_count=210 96 70 38 114 36
shrinkage=0.1


Tree=15
num_leaves=7
num_cat=0
split_feature=0 0 0 0 0 0
split_gain=0.252206 0.0461895 0.0659754 0.0170266 0.00691861 0.0156943
threshold=0.35000000000000003 1.0000000180025095e-35 0.15000000000000005 0.25000000000000006 0.75000000000000011 0.45000000000000007
decision_type=2 2 2 2 2 2
left_child=1 -1 -3 -4 5 -2
right_child=4 2 3 -5 -6 -7
leaf_value=0.0072517016841804442 -0.020791528310186175 -0.011462389308560965 0.005512095039173175 -0.0045755353904099365 -0.016511305823594783 -0.056124436189027772
leaf_weight=16.785683214664463 1.1017208946868766 3.957723314408212 8.8612176924943906 2.0626940559595814 5.1416243221610785 0.14190662268083531
leaf_count=26 22 32 22 16 78 14
internal_value=0 0.0365569 -0.00400428 0.0360731 -0.181302 -0.248233
internal_weight=0 31.6673 14.8816 10.9239 6.38525 1.24363
internal_count=210 96 70 38 114 36
shrinkage=0.1


Tree=16
num_leaves=7
num_cat=0
split_feature=0 0 0 0 0 0
split_gain=0.230683 0.0427995 0.06066 0.0158081 0.00563186 0.0138611
threshold=0.35000000000000003 1.0000000180025095e-35 0.15000000000000005 0.25000000000000006 0.75000000000000011 0.45000000000000007
decision_type=2 2 2 2 2 2
left_child=1 -1 -3 -4 5 -2
right_child=4 2 3 -5 -6 -7
leaf_value=0.0069525255769576928 -0.019700041578571692 -0.011023657676226782 0.005268052735522011 -0.004464761478532339 -0.01592690659126347 -0.053401364506993204
leaf_weight=16.782334566116337 1.0946675236336876 3.9561772760935119 8.8461804054677469 2.0568042695522299 5.1226012255065143 0.13735347264446307
leaf_count=26 22 32 22 16 78 14
internal_value=0 0.0349184 -0.00416749 0.03432 -0.173869 -0.234573
internal_weight=0 31.6415 14.8592 10.903 6.35462 1.23202
internal_count=210 96 70 38 114 36
shrinkage=0.1


Tree=17
num_leaves=7
num_cat=0
split_feature=0 0 0 0 0 0
split_gain=0.211956 0.0398052 0.056006 0.0147229 0.00458764 0.0123018
threshold=0.35000000000000003 1.0000000180025095e-35 0.15000000000000005 0.25000000000000006 0.75000000000000011 0.45000000000000007
decision_type=2 2 2 2 2 2
left_child=1 -1 -3 -4 5 -2
right_child=4 2 3 -5 -6 -7
leaf_value=0.0066800298910362661 -0.018700449425266 -0.010621596648015595 0.0050462033065461695 -0.0043580719653112509 -0.015390485441123342 -0.050884838012873829
leaf_weight=16.779058042913679 1.0883843512274314 3.9547333442606023 8.8321182653307897 2.0513868336565784 5.1051649302244186 0.13330863113515068
leaf_count=26 22 32 22 16 78 14
internal_value=0 0.0334335 -0.00429769 0.0327363 -0.167078 -0.222123
internal_weight=0 31.6173 14.8382 10.8835 6.32686 1.22169
internal_count=210 96 70 38 114 36
shrinkage=0.1


Tree=18
num_leaves=7
num_cat=0
split_feature=0 0 0 0 0 0
split_gain=0.195535 0.0371403 0.0519065 0.0137508 0.00373589 0.010968
threshold=0.35000000000000003 1.0000000180025095e-35 0.15000000000000005 0.25000000000000006 0.75000000000000011 0.45000000000000007
decision_type=2 2 2 2 2 2
left_child=1 -1 -3 -4 5 -2
right_child=4 2 3 -5 -6 -7
leaf_value=0.0064303846513120103 -0.017780749034064791 -0.01025166767081224 0.0048436832225581304 -0.0042551199378160131 -0.014895654345508083 -0.048553593907682081
leaf_weight=16.77586888149381 1.0827596988528956 3.9533812040463081 8.8189204819500429 2.0463801794685414 5.0891056382097304 0.12969583692029107
leaf_count=26 22 32 22 16 78 14
internal_value=0 0.0320799 -0.00440004 0.0313001 -0.160841 -0.210725
internal_weight=0 31.5946 14.8187 10.8653 6.30156 1.21246
internal_count=210 96 70 38 114 36
shrinkage=0.1


Tree=19
num_leaves=7
num_cat=0
split_feature=0 0 0 0 0 0
split_gain=0.181049 0.0347561 0.0482683 0.0128762 0.00303856 0.00982142
threshold=0.35000000000000003 1.0000000180025095e-35 0.15000000000000005 0.25000000000000006 0.75000000000000011 0.45000000000000007
decision_type=2 2 2 2 2 2
left_child=1 -1 -3 -4 5 -2
right_child=4 2 3 -5 -6 -7
leaf_value=0.006200732075658447 -0.016931626002156683 -0.0099094725037340656 0.0046578161953060885 -0.0041561640738686087 -0.014437549625388636 -0.046390184619874368
leaf_weight=16.772767167538408 1.0777038070373226 3.9521028338931492 8.8065023086965066 2.0417334162630132 5.0742589929141104 0.12645484507083882
leaf_count=26 22 32 22 16 78 14
internal_value=0 0.0308406 -0.0044796 0.0299895 -0.155092 -0.200252
internal_weight=0 31.5731 14.8003 10.8482 6.27842 1.20416
internal_count=210 96 70 38 114 36
shrinkage=0.1


Tree=20
num_leaves=7
num_cat=0
split_feature=0 0 0 0 0 0
split_gain=0.168195 0.0326095 0.0450286 0.0120878 0.00246539 0.0088306
threshold=0.35000000000000003 1.0000000180025095e-35 0.15000000000000005 0.25000000000000006 0.75000000000000011 0.45000000000000007
decision_type=2 2 2 2 2 2
left_child=1 -1 -3 -4 5 -2
right_child=4 2 3 -5 -6 -7
leaf_value=0.0059884785771680289 -0.016144675384130943 -0.009592340246491679 0.0044870684385566652 -0.0040612351625536466 -0.014012059748708809 -0.044377969183114679
leaf_weight=16.769756130874161 1.0731437993235875 3.950890799984335 8.7947793416678888 2.0374039770103982 5.0604775620158762 0.12353399966377754
leaf_count=26 22 32 22 16 78 14
internal_value=0 0.0297011 -0.0045389 0.0287923 -0.149773 -0.190592
internal_weight=0 31.5528 14.7831 10.8322 6.25716 1.19668
internal_count=210 96 70 38 114 36
shrinkage=0.1


Tree=21
num_leaves=7
num_cat=0
split_feature=0 0 0 0 0 0
split_gain=0.156733 0.0306723 0.0421159 0.0113712 0.00199369 0.00797008
threshold=0.35000000000000003 1.0000000180025095e-35 0.15000000000000005 0.25000000000000006 0.75000000000000011 0.45000000000000007
decision_type=2 2 2 2 2 2
left_child=1 -1 -3 -4 5 -2
right_child=4 2 3 -5 -6 -7
leaf_value=0.005791843077339218 -0.015413696734083063 -0.0092962718110679854 0.0043287245662872722 -0.0039700318240212763 -0.013615645870549789 -0.042503022808851362
leaf_weight=16.766828175634149 1.0690230494365085 3.9497284195385864 8.7836988642811757 2.0333565580658606 5.0476473737508059 0.12089116929564614
leaf_count=26 22 32 22 16 78 14
internal_value=0 0.0286497 -0.00458328 0.0276875 -0.144837 -0.181659
internal_weight=0 31.5336 14.7668 10.8171 6.23756 1.18991
internal_count=210 96 70 38 114 36
shrinkage=0.1


Tree=22
num_leaves=7
num_cat=0
split_feature=0 0 0 0 0 0
split_gain=0.14645 0.0289119 0.0394975 0.0107191 0.00160397 0.00722026
threshold=0.35000000000000003 1.0000000180025095e-35 0.15000000000000005 0.25000000000000006 0.75000000000000011 0.45000000000000007
decision_type=2 2 2 2 2 2
left_child=1 -1 -3 -4 5 -2
right_child=4 2 3 -5 -6 -7
leaf_value=0.0056087198590935462 -0.014731133233099217 -0.0090201634398764073 0.0041821283497482592 -0.00388215588958218 -0.013244976783982393 -0.04075285826365966
leaf_weight=16.763992473483089 1.0652846973389376 3.9486210644245139 8.7731888815760595 2.0295614572241893 5.035659919725731 0.11849075241480012
leaf_count=26 22 32 22 16 78 14
internal_value=0 0.027675 -0.00461359 0.0266705 -0.140236 -0.173358
internal_weight=0 31.5154 14.7514 10.8028 6.21944 1.18378
internal_count=210 96 70 38 114 36
shrinkage=0.1


Tree=23
num_leaves=7
num_cat=0
split_feature=0 0 0 0 0 0
split_gain=0.137194 0.0273112 0.0371304 0.0101229 0.00128263 0.00656384
threshold=0.35000000000000003 1.0000000180025095e-35 0.15000000000000005 0.25000000000000006 0.75000000000000011 0.45000000000000007
decision_type=2 2 2 2 2 2
left_child=1 -1 -3 -4 5 -2
right_child=4 2 3 -5 -6 -7
leaf_value=0.0054380126848843618 -0.014093420235226001 -0.0087618224948753029 0.0040456075123243831 -0.0037976633740817432 -0.012897642868579307 -0.039117097262904771
leaf_weight=16.761239692568783 1.061892591882496 3.9475587690249077 8.7632059417664987 2.0259922244586042 5.0244326854590327 0.11630346416495728
leaf_count=26 22 32 22 16 78 14
internal_value=0 0.0267695 -0.00463423 0.025728 -0.13594 -0.165636
internal_weight=0 31.498 14.7368 10.7892 6.20263 1.1782
internal_count=210 96 70 38 114 36
shrinkage=0.1


Tree=24
num_leaves=7
num_cat=0
split_feature=0 0 0 0 0 0
split_gain=0.128828 0.0258485 0.0349767 0.00957622 0.00101693 0.00598719
threshold=0.35000000000000003 1.0000000180025095e-35 0.15000000000000005 0.25000000000000006 0.75000000000000011 0.45000000000000007
decision_type=2 2 2 2 2 2
left_child=1 -1 -3 -4 5 -2
right_child=4 2 3 -5 -6 -7
leaf_value=0.0052783315314755015 -0.01349497190712122 -0.0085187351771144337 0.0039179796535115394 -0.0037164892184899777 -0.01257163734440099 -0.037585306110219492
leaf_weight=16.758564803749326 1.0588074529077847 3.9465301004238418 8.7537027820944768 2.0226258980110279 5.0138962718192488 0.11430340987863008
leaf_count=26 22 32 22 16 78 14
internal_value=0 0.0259256 -0.00464562 0.0248505 -0.131918 -0.158422
internal_weight=0 31.4814 14.7229 10.7763 6.18701 1.17311
internal_count=210 96 70 38 114 36
shrinkage=0.1


Tree=25
num_leaves=7
num_cat=0
split_feature=0 0 0 0 0 0
split_gain=0.121235 0.0245044 0.0330161 0.00907427 0.000797547 0.0054792
threshold=0.35000000000000003 1.0000000180025095e-35 0.15000000000000005 0.25000000000000006 0.75000000000000011 0.45000000000000007
decision_type=2 2 2 2 2 2
left_child=1 -1 -3 -4 5 -2
right_child=4 2 3 -5 -6 -7
leaf_value=0.0051283774423448777 -0.012931701381152308 -0.0082899848025817305 0.0037988525067818809 -0.0036383153344114179 -0.012264865982583431 -0.036149357363868123
leaf_weight=16.755972702056173 1.0559975181240577 3.94553966121748 8.744635157287119 2.0194424544461063 5.0039845067076385 0.11246930132620024
leaf_count=26 22 32 22 16 78 14
internal_value=0 0.0251369 -0.00464747 0.0240357 -0.128142 -0.151665
internal_weight=0 31.4656 14.7096 10.7641 6.17245 1.16847
internal_count=210 96 70 38 114 36
shrinkage=0.1


Tree=26
num_leaves=7
num_cat=0
split_feature=0 0 0 0 0 0
split_gain=0.11432 0.0232742 0.0312252 0.00861061 0.000617936 0.00502881
threshold=0.35000000000000003 1.0000000180025095e-35 0.15000000000000005 0.25000000000000006 0.75000000000000011 0.45000000000000007
decision_type=2 2 2 2 2 2
left_child=1 -1 -3 -4 5 -2
right_child=4 2 3 -5 -6 -7
leaf_value=0.0049877040285188816 -0.012402229361260808 -0.0080747619146053166 0.0036867177588339982 -0.0035630288951713309 -0.011975214763685973 -0.034800358757325414
leaf_weight=16.753451894968752 1.0534470279235382 3.9445844376459709 8.7359764352440816 2.0164249441586426 4.9946346790529788 0.1107815759605727
leaf_count=26 22 32 22 16 78 14
internal_value=0 0.0243978 -0.00464659 0.0232715 -0.124588 -0.145335
internal_weight=0 31.4504 14.697 10.7524 6.15886 1.16423
internal_count=210 96 70 38 114 36
shrinkage=0.1


Tree=27
num_leaves=7
num_cat=0
split_feature=0 0 0 0 0 0
split_gain=0.108002 0.0221343 0.0295822 0.00818283 0.000470485 0.00462957
threshold=0.35000000000000003 1.0000000180025095e-35 0.15000000000000005 0.25000000000000006 0.75000000000000011 0.45000000000000007
decision_type=2 2 2 2 2 2
left_child=1 -1 -3 -4 5 -2
right_child=4 2 3 -5 -6 -7
leaf_value=0.0048548426630647444 -0.011901232853699604 -0.007870921261046708 0.0035816456344852986 -0.0034904341323351651 -0.011701694086821091 -0.033532199863987505
leaf_weight=16.751008283346895 1.0511209422256786 3.9436587616801253 8.727682523429392 2.0135604050010434 4.9858040830586106 0.1092253357055596
leaf_count=26 22 32 22 16 78 14
internal_value=0 0.0237036 -0.00463671 0.0225591 -0.121238 -0.139374
internal_weight=0 31.4359 14.6849 10.7412 6.14615 1.16035
internal_count=210 96 70 38 114 36
shrinkage=0.1


Tree=28
num_leaves=7
num_cat=0
split_feature=0 0 0 0 0 0
split_gain=0.102215 0.0210849 0.028071 0.00778606 0.000350753 0.00427382
threshold=0.35000000000000003 1.0000000180025095e-35 0.15000000000000005 0.25000000000000006 0.75000000000000011 0.45000000000000007
decision_type=2 2 2 2 2 2
left_child=1 -1 -3 -4 5 -2
right_child=4 2 3 -5 -6 -7
leaf_value=0.0047296733339313966 -0.011427525890207006 -0.0076781422789802952 0.003482323231190439 -0.0034205612054574379 -0.011442819011306806 -0.03233808798636869
leaf_weight=16.748630523681644 1.0490085487253953 3.9427605732344082 8.7197368964552862 2.0108330696821204 4.9774537777993828 0.10778601048514236
leaf_count=26 22 32 22 16 78 14
internal_value=0 0.0230505 -0.00462493 0.0218877 -0.118074 -0.133759
internal_weight=0 31.422 14.6733 10.7306 6.13425 1.15679
internal_count=210 96 70 38 114 36
shrinkage=0.1


Tree=29
num_leaves=7
num_cat=0
split_feature=0 0 0 0 0 0
split_gain=0.096897 0.0201084 0.0266802 0.00741842 0.000254277 0.00395625
threshold=0.35000000000000003 1.0000000180025095e-35 0.15000000000000005 0.25000000000000006 0.75000000000000011 0.45000000000000007
decision_type=2 2 2 2 2 2
left_child=1 -1 -3 -4 5 -2
right_child=4 2 3 -5 -6 -7
leaf_value=0.0046110386990736918 -0.010978149896395471 -0.0074953696157072508 0.0033890043830203179 -0.003353037107283862 -0.011197405149081243 -0.031212540501328035
leaf_weight=16.746323280036453 1.0470892640296359 3.941890688147395 8.7121030129492265 2.0082309036515644 4.9695398234762251 0.10645176313118998
leaf_count=26 22 32 22 16 78 14
internal_value=0 0.0224346 -0.00460656 0.0212602 -0.115079 -0.128454
internal_weight=0 31.4085 14.6622 10.7203 6.12308 1.15354
internal_count=210 96 70 38 114 36
shrinkage=0.1


Tree=30
num_leaves=7
num_cat=0
split_feature=0 0 0 0 0 0
split_gain=0.091997 0.0192047 0.0253918 0.00707534 0.000177573 0.00367199
threshold=0.35000000000000003 1.0000000180025095e-35 0.15000000000000005 0.25000000000000006 0.75000000000000011 0.45000000000000007
decision_type=2 2 2 2 2 2
left_child=1 -1 -3 -4 5 -2
right_child=4 2 3 -5 -6 -7
leaf_value=0.0044988131483266252 -0.010551004141412742 -0.0073215746467511118 0.0033002827043967955 -0.0032878487155025547 -0.01096440399654991 -0.030150365869459236
leaf_weight=16.74407418072224 1.0453494791872788 3.9410430118441573 8.7047677189111692 2.0057458551600567 4.9620295783970505 0.10521223268005986
leaf_count=26 22 32 22 16 78 14
internal_value=0 0.0218525 -0.00458725 0.0206653 -0.112239 -0.123433
internal_weight=0 31.3956 14.6516 10.7105 6.11259 1.15056
internal_count=210 96 70 38 114 36
shrinkage=0.1


Tree=31
num_leaves=7
num_cat=0
split_feature=0 0 0 0 0 0
split_gain=0.0874727 0.0183629 0.0241994 0.00675529 0.000117805 0.00341656
threshold=0.35000000000000003 1.0000000180025095e-35 0.15000000000000005 0.25000000000000006 0.75000000000000011 0.45000000000000007
decision_type=2 2 2 2 2 2
left_child=1 -1 -3 -4 5 -2
right_child=4 2 3 -5 -6 -7
leaf_value=0.0043922697001894688 -0.010144629852024419 -0.0071563146503462686 0.0032163189037350964 -0.0032246780486222208 -0.010742928435748094 -0.029146394212801324
leaf_weight=16.741888824850324 1.0437779296189535 3.9402191019617012 8.6977030672132951 2.0033656507730475 4.9548984663560987 0.10405747906770546
leaf_count=26 22 32 22 16 78 14
internal_value=0 0.0213018 -0.00456454 0.0201049 -0.109544 -0.118672
internal_weight=0 31.3832 14.6413 10.7011 6.10273 1.14784
internal_count=210 96 70 38 114 36
shrinkage=0.1


Tree=32
num_leaves=7
num_cat=0
split_feature=0 0 0 0 0 0
split_gain=0.0832863 0.0175767 0.0230937 0.00645695 0.00011139 0.0031479
threshold=0.35000000000000003 1.0000000180025095e-35 0.15000000000000005 0.25000000000000006 0.45000000000000007 0.75000000000000011
decision_type=2 2 2 2 2 2
left_child=1 -1 -3 -4 -2 -6
right_child=4 2 3 -5 5 -7
leaf_value=0.0042909385332339364 -0.0097569826801387222 -0.0069989587815478 0.0031368686444161274 -0.0031636737240028009 -0.028196966701892492 -0.010532249742316511
leaf_weight=16.739762727171186 1.0423621439840633 3.9394180793315163 8.6908892467617971 2.0010838368907562 0.10298018367029715 4.9481159602291882
leaf_count=26 22 32 22 16 14 78
internal_value=0 0.0207799 -0.00453848 0.0195767 -0.106982 -0.108924
internal_weight=0 31.3712 14.6314 10.692 6.09346 5.0511
internal_count=210 96 70 38 114 92
shrinkage=0.1


Tree=33
num_leaves=7
num_cat=0
split_feature=0 0 0 0 0 0
split_gain=0.0794016 0.0168433 0.0220629 0.00617735 0.000143061 0.00287602
threshold=0.35000000000000003 1.0000000180025095e-35 0.15000000000000005 0.25000000000000006 0.45000000000000007 0.75000000000000011
decision_type=2 2 2 2 2 2
left_child=1 -1 -3 -4 -2 -6
right_child=4 2 3 -5 5 -7
leaf_value=0.0041945372897446492 -0.0093868473915500461 -0.0068486154404647686 0.0030610966077285772 -0.0031047028287838323 -0.027297771100781822 -0.010331368733729741
leaf_weight=16.737690728157759 1.0410944467876095 3.9386353604495534 8.6843134574592096 1.9988931328989572 0.10197262646397565 4.9416577476076782
leaf_count=26 22 32 22 16 14 78
internal_value=0 0.0202842 -0.0045115 0.0190744 -0.104541 -0.106744
internal_weight=0 31.3595 14.6218 10.6832 6.08472 5.04363
internal_count=210 96 70 38 114 92
shrinkage=0.1


Tree=34
num_leaves=7
num_cat=0
split_feature=0 0 0 0 0 0
split_gain=0.0757898 0.0161562 0.0211045 0.00591544 0.000177442 0.00263214
threshold=0.35000000000000003 1.0000000180025095e-35 0.15000000000000005 0.25000000000000006 0.45000000000000007 0.75000000000000011
decision_type=2 2 2 2 2 2
left_child=1 -1 -3 -4 -2 -6
right_child=4 2 3 -5 5 -7
leaf_value=0.004102592571994238 -0.0090320886678530998 -0.0067053066443403938 0.0029891766531749096 -0.0030475009956185788 -0.02644525015648802 -0.010139780151759654
leaf_weight=16.735673137009144 1.0399630737956602 3.9378762710839519 8.6779555268585664 1.9967836742289373 0.10102827934315416 4.9355027882847935
leaf_count=26 22 32 22 16 14 78
internal_value=0 0.0198128 -0.00448238 0.0185997 -0.102213 -0.104669
internal_weight=0 31.3483 14.6126 10.6747 6.07649 5.03653
internal_count=210 96 70 38 114 92
shrinkage=0.1


Tree=35
num_leaves=7
num_cat=0
split_feature=0 0 0 0 0 0
split_gain=0.0724267 0.0155125 0.0202081 0.00566924 0.000214089 0.00241304
threshold=0.35000000000000003 1.0000000180025095e-35 0.15000000000000005 0.25000000000000006 0.45000000000000007 0.75000000000000011
decision_type=2 2 2 2 2 2
left_child=1 -1 -3 -4 -2 -6
right_child=4 2 3 -5 5 -7
leaf_value=0.004014879218041746 -0.0086922414765830333 -0.0065680708245417791 0.0029204849422510403 -0.0029920717071857785 -0.025636650953143783 -0.0099568402719305543
leaf_weight=16.733703717589378 1.038963273866101 3.9371329103596517 8.6718041040003282 1.9947514398954818 0.10014219698496152 4.9296358390711248
leaf_count=26 22 32 22 16 14 78
internal_value=0 0.019364 -0.00445225 0.0181478 -0.0999908 -0.10269
internal_weight=0 31.3374 14.6037 10.6666 6.06874 5.02978
internal_count=210 96 70 38 114 92
shrinkage=0.1


Tree=36
num_leaves=7
num_cat=0
split_feature=0 0 0 0 0 0
split_gain=0.0692909 0.014908 0.0193703 0.00543823 0.000252845 0.0022154
threshold=0.35000000000000003 1.0000000180025095e-35 0.15000000000000005 0.25000000000000006 0.45000000000000007 0.75000000000000011
decision_type=2 2 2 2 2 2
left_child=1 -1 -3 -4 -2 -6
right_child=4 2 3 -5 5 -7
leaf_value=0.0039310825388477249 -0.0083660513239576552 -0.0064367519078880209 0.002855058951090506 -0.0029384702430811562 -0.024868005819601968 -0.0097821683450203291
leaf_weight=16.731783710420132 1.038090407848357 3.9364063912071297 8.665841590613125 1.9927923120558269 0.09930825734045344 4.9240384590812027
leaf_count=26 22 32 22 16 14 78
internal_value=0 0.0189365 -0.00442064 0.0177187 -0.097868 -0.100804
internal_weight=0 31.3268 14.595 10.6586 6.06144 5.02335
internal_count=210 96 70 38 114 92
shrinkage=0.1


Tree=37
num_leaves=7
num_cat=0
split_feature=0 0 0 0 0 0
split_gain=0.0663606 0.0143388 0.0185864 0.00522037 0.000293665 0.00203695
threshold=0.35000000000000003 1.0000000180025095e-35 0.15000000000000005 0.25000000000000006 0.45000000000000007 0.75000000000000011
decision_type=2 2 2 2 2 2
left_child=1 -1 -3 -4 -2 -6
right_child=4 2 3 -5 5 -7
leaf_value=0.0038508790912238767 -0.0080520550100309229 -0.006310971490802314 0.0027926400438102288 -0.0028862058740049394 -0.02413728328590789 -0.0096152036956591233
leaf_weight=16.729912865906954 1.0373344181571145 3.9356987723149368 8.6600566506385785 1.9908977071754639 0.098522603278979548 4.9186978570651263
leaf_count=26 22 32 22 16 14 78
internal_value=0 0.0185286 -0.00438744 0.0173114 -0.095837 -0.0990037
internal_weight=0 31.3166 14.5867 10.651 6.05455 5.01722
internal_count=210 96 70 38 114 92
shrinkage=0.1


Tree=38
num_leaves=7
num_cat=0
split_feature=0 0 0 0 0 0
split_gain=0.0636149 0.013804 0.0178504 0.0050149 0.000336243 0.00187559
threshold=0.35000000000000003 1.0000000180025095e-35 0.15000000000000005 0.25000000000000006 0.45000000000000007 0.75000000000000011
decision_type=2 2 2 2 2 2
left_child=1 -1 -3 -4 -2 -6
right_child=4 2 3 -5 5 -7
leaf_value=0.0037741125146620994 -0.0077495940522600464 -0.0061903718622711825 0.0027327833638808507 -0.0028356043671306664 -0.023442023634516411 -0.0094551632864275474
leaf_weight=16.728083595633507 1.0366947513539333 3.9350079176947483 8.6544408947229368 1.9890645272098488 0.09778109291801218 4.9135921453125775
leaf_count=26 22 32 22 16 14 78
internal_value=0 0.0181384 -0.0043548 0.0169216 -0.0938894 -0.0972807
internal_weight=0 31.3066 14.5785 10.6435 6.04807 5.01137
internal_count=210 96 70 38 114 92
shrinkage=0.1


Tree=39
num_leaves=7
num_cat=0
split_feature=0 0 0 0 0 0
split_gain=0.061044 0.0132991 0.0171581 0.00482103 0.000380698 0.00172921
threshold=0.35000000000000003 1.0000000180025095e-35 0.15000000000000005 0.25000000000000006 0.45000000000000007 0.75000000000000011
decision_type=2 2 2 2 2 2
left_child=1 -1 -3 -4 -2 -6
right_child=4 2 3 -5 5 -7
leaf_value=0.003700534420637237 -0.007457716943336995 -0.0060743623583333784 0.002675524416531756 -0.0027864783021130488 -0.02277975478731932 -0.0093021929194340193
leaf_weight=16.726297188550234 1.0361669592093665 3.9343295558355758 8.6489774547517282 1.9872879614122221 0.097080049919895717 4.9087175787426531
leaf_count=26 22 32 22 16 14 78
internal_value=0 0.0177656 -0.00432071 0.01655 -0.0920243 -0.0956357
internal_weight=0 31.2969 14.5706 10.6363 6.04196 5.0058
internal_count=210 96 70 38 114 92
shrinkage=0.1


Tree=40
num_leaves=7
num_cat=0
split_feature=0 0 0 0 0 0
split_gain=0.0586284 0.0128235 0.0165067 0.00463708 0.000426786 0.00159633
threshold=0.35000000000000003 1.0000000180025095e-35 0.15000000000000005 0.25000000000000006 0.45000000000000007 0.75000000000000011
decision_type=2 2 2 2 2 2
left_child=1 -1 -3 -4 -2 -6
right_child=4 2 3 -5 5 -7
leaf_value=0.003629983620336077 -0.0071757026644036735 -0.0059629492877978927 0.0026204691233351423 -0.0027385142391537641 -0.022148576209235285 -0.0091554340489164703
leaf_weight=16.724549517035484 1.0357476568315167 3.9336676248349258 8.6436616852879506 1.9855626202188441 0.096416346030309685 4.9040575015824288
leaf_count=26 22 32 22 16 14 78
internal_value=0 0.0174084 -0.00428713 0.016194 -0.0902327 -0.0940596
internal_weight=0 31.2874 14.5629 10.6292 6.03622 5.00047
internal_count=210 96 70 38 114 92
shrinkage=0.1


Tree=41
num_leaves=7
num_cat=0
split_feature=0 0 0 0 0 0
split_gain=0.0563572 0.0123707 0.0158935 0.00446367 0.00047488 0.00147523
threshold=0.35000000000000003 1.0000000180025095e-35 0.15000000000000005 0.25000000000000006 0.45000000000000007 0.75000000000000011
decision_type=2 2 2 2 2 2
left_child=1 -1 -3 -4 -2 -6
right_child=4 2 3 -5 5 -7
leaf_value=0.0035619857491459798 -0.0069020889416318999 -0.0058556257282236937 0.0025680322203834828 -0.0026918913255552799 -0.021545780966336553 -0.009014880821914607
leaf_weight=16.722843389958143 1.0354306704830367 3.9330196962691852 8.6384767889976484 1.9838864989578733 0.095786222984315716 4.8996066199615598
leaf_count=26 22 32 22 16 14 78
internal_value=0 0.0170661 -0.00425053 0.0158566 -0.0885116 -0.0925516
internal_weight=0 31.2782 14.5554 10.6224 6.03082 4.99539
internal_count=210 96 70 38 114 92
shrinkage=0.1


Tree=42
num_leaves=7
num_cat=0
split_feature=0 0 0 0 0 0
split_gain=0.0542193 0.0119464 0.0153154 0.004299 0.000524653 0.00136489
threshold=0.35000000000000003 1.0000000180025095e-35 0.15000000000000005 0.25000000000000006 0.45000000000000007 0.75000000000000011
decision_type=2 2 2 2 2 2
left_child=1 -1 -3 -4 -2 -6
right_child=4 2 3 -5 5 -7
leaf_value=0.0034969631342069564 -0.0066369511330349878 -0.0057527109713336943 0.0025172986581995941 -0.0026467044802017041 -0.020970448032657851 -0.0088800707677312071
leaf_weight=16.721170224249363 1.0352209138218302 3.9323863848112532 8.6334231756627542 1.9822546024806804 0.09518774977186685 4.8953514411114156
leaf_count=26 22 32 22 16 14 78
internal_value=0 0.0167378 -0.00421734 0.0155303 -0.0868569 -0.0911068
internal_weight=0 31.2692 14.5481 10.6157 6.02576 4.99054
internal_count=210 96 70 38 114 92
shrinkage=0.1


Tree=43
num_leaves=7
num_cat=0
split_feature=0 0 0 0 0 0
split_gain=0.0522049 0.0115418 0.0147691 0.00414252 0.000576412 0.00126414
threshold=0.35000000000000003 1.0000000180025095e-35 0.15000000000000005 0.25000000000000006 0.45000000000000007 0.75000000000000011
decision_type=2 2 2 2 2 2
left_child=1 -1 -3 -4 -2 -6
right_child=4 2 3 -5 5 -7
leaf_value=0.0034342122920606754 -0.0063791300186214891 -0.0056532740483077474 0.0024687500137483293 -0.0026023265852877465 -0.020420833025827617 -0.0087508654981027136
leaf_weight=16.719536148011684 1.0351114335935552 3.9317654687911281 8.6284821443259698 1.9806630811654038 0.0946184804488438 4.8912899156566709
leaf_count=26 22 32 22 16 14 78
internal_value=0 0.0164228 -0.00418138 0.0152201 -0.0852652 -0.0897233
internal_weight=0 31.2604 14.5409 10.6091 6.02102 4.98591
internal_count=210 96 70 38 114 92
shrinkage=0.1


Tree=44
num_leaves=7
num_cat=0
split_feature=0 0 0 0 0 0
split_gain=0.0503022 0.0111588 0.0142523 0.00399409 0.000630212 0.00117194
threshold=0.35000000000000003 1.0000000180025095e-35 0.15000000000000005 0.25000000000000006 0.45000000000000007 0.75000000000000011
decision_type=2 2 2 2 2 2
left_child=1 -1 -3 -4 -2 -6
right_child=4 2 3 -5 5 -7
leaf_value=0.0033738382800234516 -0.0061278844342367491 -0.0055574316980678022 0.0024219571574135581 -0.0025592878592798525 -0.019895009345895609 -0.0086268187888761481
leaf_weight=16.717931997030973 1.0351035541389126 3.9311579312197873 8.6236521340906602 1.9791097608394927 0.094075739849358686 4.8874088253360242
leaf_count=26 22 32 22 16 14 78
internal_value=0 0.0161198 -0.00414626 0.0149216 -0.0837309 -0.0883962
internal_weight=0 31.2519 14.5339 10.6028 6.01659 4.98148
internal_count=210 96 70 38 114 92
shrinkage=0.1


Tree=45
num_leaves=7
num_cat=0
split_feature=0 0 0 0 0 0
split_gain=0.0485072 0.0107956 0.0137641 0.00385303 0.000686169 0.0010875
threshold=0.35000000000000003 1.0000000180025095e-35 0.15000000000000005 0.25000000000000006 0.45000000000000007 0.75000000000000011
decision_type=2 2 2 2 2 2
left_child=1 -1 -3 -4 -2 -6
right_child=4 2 3 -5 5 -7
leaf_value=0.003315749127193038 -0.0058829643574091397 -0.0054651515062040098 0.0023769911829608992 -0.0025172744449657126 -0.019392214999227921 -0.0085080346664578501
leaf_weight=16.716362066566944 1.0351995001547027 3.9305619793012747 8.6189209260046464 1.9775929208844909 0.093557973857968935 4.883708629058674
leaf_count=26 22 32 22 16 14 78
internal_value=0 0.015829 -0.00411106 0.0146359 -0.0822543 -0.0871263
internal_weight=0 31.2434 14.5271 10.5965 6.01247 4.97727
internal_count=210 96 70 38 114 92
shrinkage=0.1


Tree=46
num_leaves=7
num_cat=0
split_feature=0 0 0 0 0 0
split_gain=0.0468074 0.0104498 0.0133011 0.00371872 0.000744503 0.00100997
threshold=0.35000000000000003 1.0000000180025095e-35 0.15000000000000005 0.25000000000000006 0.45000000000000007 0.75000000000000011
decision_type=2 2 2 2 2 2
left_child=1 -1 -3 -4 -2 -6
right_child=4 2 3 -5 5 -7
leaf_value=0.0032596642311609478 -0.005643277178796046 -0.0053759502122155212 0.0023336684105782139 -0.0024762529528897428 -0.01891040342550623 -0.0083939480622300302
leaf_weight=16.714822597801685 1.035396625753491 3.9299781476147482 8.6142821162939054 1.9761056010611362 0.093062699772417434 4.8801789097487926
leaf_count=26 22 32 22 16 14 78
internal_value=0 0.0155488 -0.00407554 0.0143616 -0.0808284 -0.0859074
internal_weight=0 31.2352 14.5204 10.5904 6.00864 4.97324
internal_count=210 96 70 38 114 92
shrinkage=0.1


Tree=47
num_leaves=7
num_cat=0
split_feature=0 0 0 0 0 0
split_gain=0.045197 0.0101218 0.0128614 0.00359006 0.00080547 0.000938669
threshold=0.35000000000000003 1.0000000180025095e-35 0.15000000000000005 0.25000000000000006 0.45000000000000007 0.75000000000000011
decision_type=2 2 2 2 2 2
left_child=1 -1 -3 -4 -2 -6
right_child=4 2 3 -5 5 -7
leaf_value=0.0032056142925581742 -0.0054082485943235323 -0.0052897678353583362 0.0022916750093512706 -0.0024359630362454495 -0.018448428798084213 -0.0082844831197056122
leaf_weight=16.713309783488512 1.0356969693675626 3.9294060561805972 8.6097289994358999 1.9746461980976173 0.092588179686572292 4.8768148592207581
leaf_count=26 22 32 22 16 14 78
internal_value=0 0.0152788 -0.00404106 0.0140968 -0.0794513 -0.0847385
internal_weight=0 31.2271 14.5138 10.5844 6.0051 4.9694
internal_count=210 96 70 38 114 92
shrinkage=0.1


Tree=48
num_leaves=7
num_cat=0
split_feature=0 0 0 0 0 0
split_gain=0.0436724 0.00980968 0.0124445 0.00346786 0.000869122 0.000873044
threshold=0.35000000000000003 1.0000000180025095e-35 0.15000000000000005 0.25000000000000006 0.45000000000000007 0.75000000000000011
decision_type=2 2 2 2 2 2
left_child=1 -1 -3 -4 -2 -6
right_child=4 2 3 -5 5 -7
leaf_value=0.0031534782768957805 -0.005177827742574876 -0.0052065420519323601 0.0022512770265032804 -0.0023967987001380555 -0.018005633274494417 -0.0081796322528389157
leaf_weight=16.711825992912054 1.036106034182011 3.9288449294399479 8.6052529327571374 1.9732138472609226 0.092133215599460402 4.8736182532738894
leaf_count=26 22 32 22 16 14 78
internal_value=0 0.015019 -0.00400645 0.0138427 -0.0781226 -0.0836194
internal_weight=0 31.2191 14.5073 10.5785 6.00186 4.96575
internal_count=210 96 70 38 114 92
shrinkage=0.1


Tree=49
num_leaves=7
num_cat=0
split_feature=0 0 0 0 0 0
split_gain=0.0422257 0.00951158 0.012048 0.00335115 0.00093623 0.000812495
threshold=0.35000000000000003 1.0000000180025095e-35 0.15000000000000005 0.25000000000000006 0.45000000000000007 0.75000000000000011
decision_type=2 2 2 2 2 2
left_child=1 -1 -3 -4 -2 -6
right_child=4 2 3 -5 5 -7
leaf_value=0.0031030592732042331 -0.0049505281445550312 -0.0051259060102846754 0.0022123058050283694 -0.0023584346210381961 -0.017580587965068305 -0.0080792347988193174
leaf_weight=16.710367120802402 1.0366208525374521 3.9282924334984282 8.6008444838225824 1.9718030933290729 0.091695924871601039 4.8705859815236181
leaf_count=26 22 32 22 16 14 78
internal_value=0 0.0147685 -0.00397128 0.0135986 -0.0768382 -0.0825481
internal_weight=0 31.2113 14.5009 10.5726 5.9989 4.96228
internal_count=210 96 70 38 114 92
shrinkage=0.1


Tree=50
num_leaves=7
num_cat=0
split_feature=0 0 0 0 0 0
split_gain=0.0408518 0.00922724 0.0116721 0.0032399 0.0010066 0.000756641
threshold=0.35000000000000003 1.0000000180025095e-35 0.15000000000000005 0.25000000000000006 0.45000000000000007 0.75000000000000011
decision_type=2 2 2 2 2 2
left_child=1 -1 -3 -4 -2 -6
right_child=4 2 3 -5 5 -7
leaf_value=0.0030543205763830187 -0.0047266002153090424 -0.0050481182283766933 0.0021747915409893958 -0.0023209430842304301 -0.017172734350722425 -0.0079830044343762192
leaf_weight=16.708933973684907 1.0372492882888753 3.9277541870251307 8.5964997671544534 1.9704122792463756 0.091275172133464241 4.8677121044602245
leaf_count=26 22 32 22 16 14 78
internal_value=0 0.0145269 -0.0039362 0.0133647 -0.0755959 -0.0815215
internal_weight=0 31.2036 14.4947 10.5669 5.99624 4.95899
internal_count=210 96 70 38 114 92
shrinkage=0.1


Tree=51
num_leaves=7
num_cat=0
split_feature=0 0 0 0 0 0
split_gain=0.0395463 0.00895723 0.0113136 0.00313264 0.00108135 0.000704922
threshold=0.35000000000000003 1.0000000180025095e-35 0.15000000000000005 0.25000000000000006 0.45000000000000007 0.75000000000000011
decision_type=2 2 2 2 2 2
left_child=1 -1 -3 -4 -2 -6
right_child=4 2 3 -5 5 -7
leaf_value=0.0030073187948437725 -0.0045044868037472712 -0.0049727657347266654 0.002138226567962055 -0.0022839214455366739 -0.016780651514061305 -0.0078910921718310014
leaf_weight=16.707523413002491 1.0379936939571042 3.927223651902751 8.5922094546258432 1.9690371456090368 0.09086932661011804 4.8650013518054038
leaf_count=26 22 32 22 16 14 78
internal_value=0 0.0142937 -0.00390255 0.0131376 -0.0743938 -0.0805409
internal_weight=0 31.196 14.4885 10.5612 5.99386 4.95587
internal_count=210 96 70 38 114 92
shrinkage=0.1


Tree=52
num_leaves=7
num_cat=0
split_feature=0 0 0 0 0 0
split_gain=0.0383039 0.00869724 0.010972 0.0030309 0.00116031 0.000657074
threshold=0.35000000000000003 1.0000000180025095e-35 0.15000000000000005 0.25000000000000006 0.45000000000000007 0.75000000000000011
decision_type=2 2 2 2 2 2
left_child=1 -1 -3 -4 -2 -6
right_child=4 2 3 -5 5 -7
leaf_value=0.0029616455884017017 -0.0042844137524590559 -0.0048995625756648167 0.0021031869579205783 -0.0022479818531787829 -0.01640396065792846 -0.0078031256814009749
leaf_weight=16.706134730949998 1.0388620535377402 3.9267031166236857 8.5879634562879783 1.9676766849588607 0.090477307909168192 4.862445890204981
leaf_count=26 22 32 22 16 14 78
internal_value=0 0.0140684 -0.00386701 0.0129209 -0.0732292 -0.0796024
internal_weight=0 31.1885 14.4823 10.5556 5.99179 4.95292
internal_count=210 96 70 38 114 92
shrinkage=0.1


Tree=53
num_leaves=7
num_cat=0
split_feature=0 0 0 0 0 0
split_gain=0.0371206 0.00845111 0.0106471 0.00293264 0.00124488 0.000612658
threshold=0.35000000000000003 1.0000000180025095e-35 0.15000000000000005 0.25000000000000006 0.45000000000000007 0.75000000000000011
decision_type=2 2 2 2 2 2
left_child=1 -1 -3 -4 -2 -6
right_child=4 2 3 -5 5 -7
leaf_value=0.0029176455166392192 -0.0040646546538814316 -0.0048290146978950685 0.002068981821123494 -0.0022124689187978976 -0.016041535383449428 -0.0077192847359533467
leaf_weight=16.704766437411308 1.0398572618141759 3.9261927516199657 8.5837567839771491 1.9663253757171339 0.090097763197263606 4.8600547111127526
leaf_count=26 22 32 22 16 14 78
internal_value=0 0.0138508 -0.00383416 0.01271 -0.0721002 -0.0787076
internal_weight=0 31.181 14.4763 10.5501 5.99001 4.95015
internal_count=210 96 70 38 114 92
shrinkage=0.1


Tree=54
num_leaves=7
num_cat=0
split_feature=0 0 0 0 0 0
split_gain=0.0359945 0.00821611 0.0103348 0.00283879 0.00133571 0.000571398
threshold=0.35000000000000003 1.0000000180025095e-35 0.15000000000000005 0.25000000000000006 0.45000000000000007 0.75000000000000011
decision_type=2 2 2 2 2 2
left_child=1 -1 -3 -4 -2 -6
right_child=4 2 3 -5 5 -7
leaf_value=0.0028750968879587336 -0.0038448016880101143 -0.0047601116003652046 0.0020356947048501125 -0.0021780524511380412 -0.01569301236259504 -0.0076396776200679294
leaf_weight=16.703411774709821 1.0409892809111614 3.9256868038792172 8.5795817431062442 1.9649820141494279 0.089729649480432161 4.857831081841141
leaf_count=26 22 32 22 16 14 78
internal_value=0 0.0136406 -0.00380168 0.0125046 -0.0710068 -0.0778573
internal_weight=0 31.1737 14.4703 10.5446 5.98855 4.94756
internal_count=210 96 70 38 114 92
shrinkage=0.1


Tree=55
num_leaves=7
num_cat=0
split_feature=0 0 0 0 0 0
split_gain=0.0349208 0.00799032 0.0100392 0.00274837 0.00143314 0.000533051
threshold=0.35000000000000003 1.0000000180025095e-35 0.15000000000000005 0.25000000000000006 0.45000000000000007 0.75000000000000011
decision_type=2 2 2 2 2 2
left_child=1 -1 -3 -4 -2 -6
right_child=4 2 3 -5 5 -7
leaf_value=0.0028338009210423262 -0.0036246612669005168 -0.0046937349629282915 0.0020037075934197469 -0.0021437314181484051 -0.015357737542077299 -0.0075640280121097555
leaf_weight=16.702079514041543 1.0422700915951271 3.9251935279462495 8.5754227861762029 1.9636400190647698 0.089371923852013313 4.85577791929245
leaf_count=26 22 32 22 16 14 78
internal_value=0 0.0134375 -0.00376839 0.0123096 -0.0699461 -0.0770488
internal_weight=0 31.1663 14.4643 10.5391 5.98742 4.94515
internal_count=210 96 70 38 114 92
shrinkage=0.1


Tree=56
num_leaves=7
num_cat=0
split_feature=0 0 0 0 0 0
split_gain=0.0338966 0.00777511 0.00975524 0.00266136 0.00153868 0.000497271
threshold=0.35000000000000003 1.0000000180025095e-35 0.15000000000000005 0.25000000000000006 0.45000000000000007 0.75000000000000011
decision_type=2 2 2 2 2 2
left_child=1 -1 -3 -4 -2 -6
right_child=4 2 3 -5 5 -7
leaf_value=0.0027938863380465679 -0.0034027969438079342 -0.0046290765443358205 0.0019724478816868624 -0.0021101299885825596 -0.015034613387992888 -0.0074925207889121942
leaf_weight=16.700759544968605 1.0437106748577196 3.9247047416865835 8.5712757837027294 1.9622960309498021 0.089022976375417659 4.8538997780997306
leaf_count=26 22 32 22 16 14 78
internal_value=0 0.0132411 -0.00373631 0.0121191 -0.0689167 -0.0762836
internal_weight=0 31.159 14.4583 10.5336 5.98663 4.94292
internal_count=210 96 70 38 114 92
shrinkage=0.1


Tree=57
num_leaves=7
num_cat=0
split_feature=0 0 0 0 0 0
split_gain=0.0329178 0.00756766 0.00948486 0.0025782 0.00165411 0.000463875
threshold=0.35000000000000003 1.0000000180025095e-35 0.15000000000000005 0.25000000000000006 0.45000000000000007 0.75000000000000011
decision_type=2 2 2 2 2 2
left_child=1 -1 -3 -4 -2 -6
right_child=4 2 3 -5 5 -7
leaf_value=0.0027550535232565942 -0.0031776314470042667 -0.0045664098053317401 0.0019424086980689486 -0.0020771872132589217 -0.014723395776482457 -0.0074251926062903128
leaf_weight=16.699455056339502 1.0453221916686732 3.9242270095273861 8.5671236105263215 1.9609479678329089 0.088681876222835743 4.8522018225630745
leaf_count=26 22 32 22 16 14 78
internal_value=0 0.0130509 -0.00370324 0.0119372 -0.0679159 -0.0755619
internal_weight=0 31.1518 14.4523 10.5281 5.98621 4.94088
internal_count=210 96 70 38 114 92
shrinkage=0.1


Tree=58
num_leaves=7
num_cat=0
split_feature=0 0 0 0 0 0
split_gain=0.0319829 0.00737061 0.00922581 0.00249758 0.0017806 0.00043263
threshold=0.35000000000000003 1.0000000180025095e-35 0.15000000000000005 0.25000000000000006 0.45000000000000007 0.75000000000000011
decision_type=2 2 2 2 2 2
left_child=1 -1 -3 -4 -2 -6
right_child=4 2 3 -5 5 -7
leaf_value=0.0027175864301121552 -0.0029486699953909633 -0.0045056395528454071 0.0019129439827384369 -0.0020445991124339079 -0.014423400604552604 -0.007362159739706612
leaf_weight=16.698159513995051 1.0471248903777439 3.9237552476115534 8.5629597995430213 1.9595876336097724 0.088347312150290111 4.8506994894705713
leaf_count=26 22 32 22 16 14 78
internal_value=0 0.012867 -0.00367231 0.0117594 -0.0669435 -0.0748847
internal_weight=0 31.1445 14.4463 10.5225 5.98617 4.93905
internal_count=210 96 70 38 114 92
shrinkage=0.1


Tree=59
num_leaves=7
num_cat=0
split_feature=0 0 0 0 0 0
split_gain=0.0313991 0.00825191 0.00808672 0.00381785 0.00040338 3.37004e-05
threshold=0.45000000000000007 1.0000000180025095e-35 0.15000000000000005 0.25000000000000006 0.75000000000000011 0.35000000000000003
decision_type=2 2 2 2 2 2
left_child=1 -1 -3 -4 -2 -5
right_child=4 2 3 5 -6 -7
leaf_value=0.0026812645847637435 -0.014134468555721431 -0.0044465367177501753 0.0018843648201720396 -0.0020125651864005552 -0.0073035929084346645 -0.0027149297859410696
leaf_weight=16.696874398738146 0.088018331560305252 3.9232889956329009 8.5587669573724252 1.9582107099704436 4.8494063970865682 1.0491414309944957
leaf_count=26 14 32 22 16 78 22
internal_value=0 0.0113906 -0.00523363 0.00807399 -0.0742537 -0.0225759
internal_weight=0 32.1863 15.4894 11.5661 4.93742 3.00735
internal_count=210 118 92 60 92 38
shrinkage=0.1


Tree=60
num_leaves=7
num_cat=0
split_feature=0 0 0 0 0 0
split_gain=0.0309 0.00797636 0.00792777 0.00357772 0.000375885 1.65549e-05
threshold=0.45000000000000007 1.0000000180025095e-35 0.15000000000000005 0.25000000000000006 0.75000000000000011 0.35000000000000003
decision_type=2 2 2 2 2 2
left_child=1 -1 -3 -4 -2 -5
right_child=4 2 3 5 -6 -7
leaf_value=0.0026462299936414104 -0.013855830994538071 -0.0043892671270456454 0.0018563016713727704 -0.0019811632479397644 -0.0072498530940020749 -0.0024731571677273313
leaf_weight=16.695593884214759 0.087693282403050854 3.9228284440468988 8.5545304547995311 1.956811415962874 4.8483391249319538 1.0513904734980315
leaf_count=26 14 32 22 16 78 22
internal_value=0 0.0113 -0.005047 0.00813196 -0.0736721 -0.0215312
internal_weight=0 32.1812 15.4856 11.5627 4.93603 3.0082
internal_count=210 118 92 60 92 38
shrinkage=0.1


Tree=61
num_leaves=7
num_cat=0
split_feature=0 0 0 0 0 0
split_gain=0.0304493 0.00770622 0.00777933 0.00334171 0.000349982 5.11026e-06
threshold=0.45000000000000007 1.0000000180025095e-35 0.15000000000000005 0.25000000000000006 0.75000000000000011 0.35000000000000003
decision_type=2 2 2 2 2 2
left_child=1 -1 -3 -4 -2 -5
right_child=4 2 3 5 -6 -7
leaf_value=0.0026121070889196332 -0.013586977057472216 -0.0043334262859827761 0.0018291988787621364 -0.0019497919475692583 -0.0072011202767564772 -0.0022229639680212427
leaf_weight=16.694318408146501 0.087370609340722591 3.9223727327771476 8.550224678590892 1.9553784285672 4.8475170687306672 1.0539103068877012
leaf_count=26 14 32 22 16 78 22
internal_value=0 0.0112178 -0.00485253 0.00820508 -0.0731418 -0.0204546
internal_weight=0 32.1762 15.4819 11.5595 4.93489 3.00929
internal_count=210 118 92 60 92 38
shrinkage=0.1


Tree=62
num_leaves=7
num_cat=0
split_feature=0 0 0 0 0 0
split_gain=0.0300499 0.00744428 0.00764189 0.00310838 0.000325551 1.26051e-07
threshold=0.45000000000000007 1.0000000180025095e-35 0.15000000000000005 0.25000000000000006 0.75000000000000011 0.35000000000000003
decision_type=2 2 2 2 2 2
left_child=1 -1 -3 -4 -2 -5
right_child=4 2 3 5 -6 -7
leaf_value=0.0025792463007044621 -0.013327957296511884 -0.0042794283413025705 0.0018025987895016428 -0.0019189210509777416 -0.0071578478244111584 -0.0019617924248001069
leaf_weight=16.693042764440179 0.087048910150769099 3.9219224203843615 8.5458336956799013 1.9539035672787568 4.8469727971823886 1.0567380245774984
leaf_count=26 14 32 22 16 78 22
internal_value=0 0.0111447 -0.00465253 0.00829165 -0.072667 -0.0193397
internal_weight=0 32.1714 15.4784 11.5565 4.93402 3.01064
internal_count=210 118 92 60 92 38
shrinkage=0.1


Tree=63
num_leaves=7
num_cat=0
split_feature=0 0 0 0 0 0
split_gain=0.0297064 0.00718577 0.00751502 0.00287665 0.000302418 2.80913e-06
threshold=0.45000000000000007 1.0000000180025095e-35 0.15000000000000005 0.25000000000000006 0.75000000000000011 0.35000000000000003
decision_type=2 2 2 2 2 2
left_child=1 -1 -3 -4 -2 -5
right_child=4 2 3 5 -6 -7
leaf_value=0.0025472941746306128 -0.013078420320372095 -0.0042266319252185994 0.0017768196072502455 -0.0018884419220045409 -0.0071207072630438033 -0.0016862256080159962
leaf_weight=16.691763738170266 0.086726272915256142 3.9214730868116012 8.5413231458514911 1.9523748375941059 4.8467416005441919 1.0599199740681797
leaf_count=26 14 32 22 16 78 22
internal_value=0 0.0110817 -0.00444097 0.00839753 -0.0722544 -0.0181729
internal_weight=0 32.1669 15.4751 11.5536 4.93347 3.01229
internal_count=210 118 92 60 92 38
shrinkage=0.1


Tree=64
num_leaves=7
num_cat=0
split_feature=0 0 0 0 0 0
split_gain=0.0294229 0.00693267 0.00739986 0.00264429 0.000280429 1.49147e-05
threshold=0.45000000000000007 1.0000000180025095e-35 0.15000000000000005 0.25000000000000006 0.75000000000000011 0.35000000000000003
decision_type=2 2 2 2 2 2
left_child=1 -1 -3 -4 -2 -5
right_child=4 2 3 5 -6 -7
leaf_value=0.0025165549602846607 -0.012837970436196527 -0.0041754905703906475 0.0017513590368528117 -0.0018581787103561266 -0.0070903089758696291 -0.0013926752105647179
leaf_weight=16.690474985167384 0.086400211323051646 3.9210253357887259 8.536660132929681 1.9507758175022891 4.8468699139775708 1.0635208839084953
leaf_count=26 14 32 22 16 78 22
internal_value=0 0.0110299 -0.0042189 0.00852287 -0.0719097 -0.0169394
internal_weight=0 32.1625 15.472 11.551 4.93327 3.0143
internal_count=210 118 92 60 92 38
shrinkage=0.1


Tree=65
num_leaves=7
num_cat=0
split_feature=0 0 0 0 0 0
split_gain=0.0292082 0.00668163 0.0072966 0.00240998 0.000259406 3.89797e-05
threshold=0.45000000000000007 1.0000000180025095e-35 0.15000000000000005 0.25000000000000006 0.75000000000000011 0.35000000000000003
decision_type=2 2 2 2 2 2
left_child=1 -1 -3 -4 -2 -5
right_child=4 2 3 5 -6 -7
leaf_value=0.0024868661701824488 -0.012606313481425234 -0.0041255661029470569 0.0017263502357948556 -0.0018280756418583119 -0.007067824780251657 -0.0010763457401149245
leaf_weight=16.689170747995377 0.086067800730233013 3.920575510011985 8.5317968465387803 1.9490870642475775 4.8474229769781232 1.0676200636662543
leaf_count=26 14 32 22 16 78 22
internal_value=0 0.0109912 -0.0039808 0.00867356 -0.0716445 -0.0156204
internal_weight=0 32.1583 15.4691 11.5485 4.93349 3.01671
internal_count=210 118 92 60 92 38
shrinkage=0.1


Tree=66
num_leaves=7
num_cat=0
split_feature=0 0 0 0 0 0
split_gain=0.029071 0.00643167 0.00720799 0.00217223 0.000239201 7.86893e-05
threshold=0.45000000000000007 1.0000000180025095e-35 0.15000000000000005 0.25000000000000006 0.75000000000000011 0.35000000000000003
decision_type=2 2 2 2 2 2
left_child=1 -1 -3 -4 -2 -5
right_child=4 2 3 5 -6 -7
leaf_value=0.002458293683179489 -0.012383213586064009 -0.0040773164861960228 0.0017017667309878256 -0.0017981564284032846 -0.0070543762437640795 -0.00073142449960124064
leaf_weight=16.687844088301063 0.085725337034090354 3.9201254299841812 8.5266750399023277 1.9472839063964775 4.8484832081012428 1.0723250112496316
leaf_count=26 14 32 22 16 78 22
internal_value=0 0.0109673 -0.00372357 0.00885529 -0.0714696 -0.0141934
internal_weight=0 32.1543 15.4664 11.5463 4.93421 3.01961
internal_count=210 118 92 60 92 38
shrinkage=0.1


Tree=67
num_leaves=7
num_cat=0
split_feature=0 0 0 0 0 0
split_gain=0.0290283 0.00618032 0.0071345 0.00192876 0.000219701 0.000139669
threshold=0.45000000000000007 1.0000000180025095e-35 0.15000000000000005 0.25000000000000006 0.75000000000000011 0.35000000000000003
decision_type=2 2 2 2 2 2
left_child=1 -1 -3 -4 -2 -5
right_child=4 2 3 5 -6 -7
leaf_value=0.0024308932133503694 -0.012169510519413739 -0.0040302770241373922 0.0016774204744668727 -0.0017684989071402345 -0.007052035815046322 -0.00034938937443770732
leaf_weight=16.686483236029744 0.085368676926008358 3.9196649948135009 8.5212117210030538 1.9453289299271992 4.8501721351640299 1.0777811033185571
leaf_count=26 14 32 22 16 78 22
internal_value=0 0.0109617 -0.00344061 0.00907526 -0.0714055 -0.0126257
internal_weight=0 32.1505 15.464 11.5443 4.93554 3.02311
internal_count=210 118 92 60 92 38
shrinkage=0.1


Tree=68
num_leaves=7
num_cat=0
split_feature=0 0 0 0 0 0
split_gain=0.0291024 0.00592514 0.00707893 0.00167659 0.000230651 0.000200626
threshold=0.45000000000000007 1.0000000180025095e-35 0.15000000000000005 0.25000000000000006 0.35000000000000003 0.75000000000000011
decision_type=2 2 2 2 2 2
left_child=1 -1 -3 -4 -5 -2
right_child=5 2 3 4 -6 -7
leaf_value=0.0024048016792974228 -0.011964452107109468 -0.0039844579358758328 0.001652999426914931 -0.0017388908286700611 8.1653754284405442e-05 -0.0070635261077564076
leaf_weight=16.685072218999267 0.084990698145701468 3.9191897860728195 8.5152987856417877 1.9431762387976041 1.0841915556229651 4.8526516483398154
leaf_count=26 14 32 22 16 22 78
internal_value=0 0.0109789 -0.00312414 0.00934389 -0.010869 -0.0714788
internal_weight=0 32.1469 15.4619 11.5427 3.02737 4.93764
internal_count=210 118 92 60 38 92
shrinkage=0.1


Tree=69
num_leaves=7
num_cat=0
split_feature=0 0 0 0 0 0
split_gain=0.0293265 0.00566064 0.00704671 0.00141377 0.000365583 0.00018182
threshold=0.45000000000000007 1.0000000180025095e-35 0.15000000000000005 0.25000000000000006 0.35000000000000003 0.75000000000000011
decision_type=2 2 2 2 2 2
left_child=1 -1 -3 -4 -5 -2
right_child=5 2 3 4 -6 -7
leaf_value=0.0023799682487230223 -0.011769278454950537 -0.0039399600420449736 0.0016287283411795463 -0.001709454472814672 0.0005779061207013957 -0.0070926897895913187
leaf_weight=16.683593638241291 0.084582720883189633 3.9186940107028922 8.5087706800550205 1.9407521677203468 1.0918454227503389 4.8561679723206908
leaf_count=26 14 32 22 16 22 78
internal_value=0 0.0110251 -0.00276045 0.00967982 -0.00885921 -0.0717275
internal_weight=0 32.1437 15.4601 11.5414 3.0326 4.94075
internal_count=210 118 92 60 38 92
shrinkage=0.1


Tree=70
num_leaves=7
num_cat=0
split_feature=0 0 0 0 0 0
split_gain=0.0297525 0.00538195 0.00704402 0.00113695 0.000568026 0.000162902
threshold=0.45000000000000007 1.0000000180025095e-35 0.15000000000000005 0.25000000000000006 0.35000000000000003 0.75000000000000011
decision_type=2 2 2 2 2 2
left_child=1 -1 -3 -4 -5 -2
right_child=5 2 3 4 -6 -7
leaf_value=0.0023566944114181182 -0.011583676643561355 -0.0038967248680587237 0.0016040319748153748 -0.0016800499106667554 0.0011641340448594779 -0.0071454082101156868
leaf_weight=16.68201439268887 0.084130181217914379 3.9181639789603642 8.5013889688998443 1.9379505859687916 1.1011850163340569 4.861085434560664
leaf_count=26 14 32 22 16 22 78
internal_value=0 0.0111102 -0.0023323 0.0101058 -0.00649503 -0.0722091
internal_weight=0 32.1407 15.4587 11.5405 3.03914 4.94522
internal_count=210 118 92 60 38 92
shrinkage=0.1


Tree=71
num_leaves=7
num_cat=0
split_feature=0 0 0 0 0 0
split_gain=0.0304704 0.00507983 0.00708203 0.000843984 0.000880819 0.000143503
threshold=0.45000000000000007 1.0000000180025095e-35 0.15000000000000005 0.25000000000000006 0.35000000000000003 0.75000000000000011
decision_type=2 2 2 2 2 2
left_child=1 -1 -3 -4 -5 -2
right_child=5 2 3 4 -6 -7
leaf_value=0.002335343023951979 -0.011409819869416431 -0.0038546370984078406 0.0015784538805042846 -0.0016508907638629713 0.001880050890480678 -0.0072315640586457985
leaf_weight=16.680284988135099 0.083611853493492982 3.9175735083408645 8.4927693009376508 1.9346017274074248 1.1129082522820681 4.8680059460457414
leaf_count=26 14 32 22 16 22 78
internal_value=0 0.0112506 -0.00180935 0.0106617 -0.0036144 -0.0730212
internal_weight=0 32.1381 15.4579 11.5403 3.04751 4.95162
internal_count=210 118 92 60 38 92
shrinkage=0.1


Tree=72
num_leaves=7
num_cat=0
split_feature=0 0 0 0 0 0
split_gain=0.0316352 0.00473908 0.0071801 0.000536831 0.00138633 0.000123071
threshold=0.45000000000000007 1.0000000180025095e-35 0.15000000000000005 0.25000000000000006 0.35000000000000003 0.75000000000000011
decision_type=2 2 2 2 2 2
left_child=1 -1 -3 -4 -5 -2
right_child=5 2 3 4 -6 -7
leaf_value=0.0023164539566285732 -0.011250974616764865 -0.003813520312465046 0.0015510888088647421 -0.0016218100816001114 0.0027905915070064362 -0.0073674514177674557
leaf_weight=16.678321566432714 0.082990981129113503 3.9168825405649832 8.4822581931948644 1.9304108128417274 1.128217073623091 4.8779544915305451
leaf_count=26 14 32 22 16 22 78
internal_value=0 0.0114736 -0.00114036 0.0114154 5.76509e-05 -0.0743242
internal_weight=0 32.1361 15.4578 11.5409 3.05863 4.96095
internal_count=210 118 92 60 38 92
shrinkage=0.1


Tree=73
num_leaves=7
num_cat=0
split_feature=0 0 0 0 0 0
split_gain=0.0335609 0.00433246 0.00737664 0.000977875 0.00152083 0.00010057
threshold=0.45000000000000007 1.0000000180025095e-35 0.15000000000000005 0.35000000000000003 0.25000000000000006 0.75000000000000011
decision_type=2 2 2 2 2 2
left_child=1 -1 -3 4 -4 -2
right_child=5 2 3 -5 -6 -7
leaf_value=0.0023012241043166635 -0.011111793804200382 -0.0037730784713493337 0.0015202740457360827 0.0040174687923066497 -0.0015937206090366135 -0.0075846393764920361
leaf_weight=16.675966903567314 0.082197139185153811 3.9160055739339432 8.4686228875070757 1.1493633380159742 1.9248265228234238 4.8929010832216591
leaf_count=26 14 32 22 22 16 78
internal_value=0 0.0118327 -0.000226973 0.0124965 0.00943574 -0.0764291
internal_weight=0 32.1348 15.4588 11.5428 10.3934 4.9751
internal_count=210 118 92 60 38 92
shrinkage=0.1


Tree=74
num_leaves=7
num_cat=0
split_feature=0 0 0 0 0 0
split_gain=0.036973 0.00380368 0.0077611 0.00254237 0.00145317 7.43754e-05
threshold=0.45000000000000007 1.0000000180025095e-35 0.15000000000000005 0.35000000000000003 0.25000000000000006 0.75000000000000011
decision_type=2 2 2 2 2 2
left_child=1 -1 -3 4 -4 -2
right_child=5 2 3 -5 -6 -7
leaf_value=0.0022921776801478415 -0.011005000986185655 -0.0037331232557341002 0.0014822306405722144 0.0058147767860288191 -0.0015676480257343945 -0.0079514024873495997
leaf_weight=16.672886790707707 0.081078970877569101 3.9147515420336267 8.4491870310157484 1.1812489838339395 1.9166374343913057 4.9171645223395899
leaf_count=26 14 32 22 22 16 78
internal_value=0 0.0124447 0.00114701 0.0141921 0.00918309 -0.0800094
internal_weight=0 32.1347 15.4618 11.5471 10.3658 4.99824
internal_count=210 118 92 60 38 92
shrinkage=0.1


Tree=75
num_leaves=7
num_cat=0
split_feature=0 0 0 0 0 0
split_gain=0.0440363 0.00716761 0.00548866 0.00592364 0.00137393 4.18032e-05
threshold=0.45000000000000007 0.35000000000000003 1.0000000180025095e-35 0.15000000000000005 0.25000000000000006 0.75000000000000011
decision_type=2 2 2 2 2 2
left_child=1 2 -1 -4 -5 -2
right_child=5 -3 3 4 -6 -7
leaf_value=0.0022958458346109575 -0.010967785236746186 0.0088264761311719515 -0.0036912991984958629 0.0014268203397834595 -0.0015487192587692652 -0.0086524769550448723
leaf_weight=16.668168254196644 0.079226543006369776 1.2372595407068718 3.9125448446720847 8.4166891481727344 1.902563348645345 4.9626736816717312
leaf_count=26 14 22 32 22 16 78
internal_value=0 0.0136317 0.0106433 -0.00378013 0.00878219 -0.0868886
internal_weight=0 32.1372 30.9 14.2318 10.3193 5.0419
internal_count=210 118 96 70 38 92
shrinkage=0.1


Tree=76
num_leaves=7
num_cat=0
split_feature=0 0 0 0 0 0
split_gain=0.0654827 0.0270581 0.00590851 0.0055228 0.00125788 3.76084e-06
threshold=0.45000000000000007 0.35000000000000003 1.0000000180025095e-35 0.15000000000000005 0.25000000000000006 0.75000000000000011
decision_type=2 2 2 2 2 2
left_child=1 2 -1 -4 -5 -2
right_child=5 -3 3 4 -6 -7
leaf_value=0.0023402918500265617 -0.011165502149915152 0.015406564392202726 -0.0036380287314984835 0.001308506515685456 -0.0015618101600855161 -0.010451840522688579
leaf_weight=16.65805802308023 0.074930474176652662 1.374239035649224 3.9066681163385519 8.3406967185437662 1.8688926592003561 5.080713220173493
leaf_count=26 14 22 32 22 16 78
internal_value=0 0.0167782 0.0106476 -0.00440455 0.00783087 -0.104622
internal_weight=0 32.1486 30.7743 14.1163 10.2096 5.15564
internal_count=210 118 96 70 38 92
shrinkage=0.1


Tree=77
num_leaves=7
num_cat=0
split_feature=0 0 0 0 0 0
split_gain=0.102495 0.441071 0.00860265 0.00634548 0.00425262 0.00162648
threshold=0.75000000000000011 0.35000000000000003 0.45000000000000007 1.0000000180025095e-35 0.15000000000000005 0.25000000000000006
decision_type=2 2 2 2 2 2
left_child=1 3 -3 -1 -5 -6
right_child=-2 2 -4 4 5 -7
leaf_value=0.0024072760965628986 0.013739898698992484 -0.046850863427323954 -0.0099667994798514278 -0.0032857676251812568 0.0011973776450378924 -0.0021161431813943969
leaf_weight=16.645088234916329 4.742705318145453 2.0881927940063174 0.065209248801693209 3.9019770235754558 8.2603676579892618 1.8051175745204098
leaf_count=26 78 22 14 32 22 16
internal_value=0 -0.0198878 -0.457339 0.0108842 -0.00483273 0.0060314
internal_weight=0 32.766 2.1534 30.6126 13.9675 10.0655
internal_count=210 132 36 96 70 38
shrinkage=0.1


Tree=78
num_leaves=7
num_cat=0
split_feature=0 0 0 0 0 0
split_gain=0.0347903 0.00331187 0.00689478 0.00232394 0.00133971 4.82612e-05
threshold=0.45000000000000007 1.0000000180025095e-35 0.15000000000000005 0.35000000000000003 0.25000000000000006 0.75000000000000011
decision_type=2 2 2 2 2 2
left_child=1 -1 -3 4 -4 -2
right_child=5 2 3 -5 -6 -7
leaf_value=0.0021840981946274172 -0.01019665533555507 -0.0034749523518582759 0.0014474056831362036 0.0056076897869615575 -0.0014810472774753154 -0.0077317096951809196
leaf_weight=16.669958362355828 0.080737060183308951 3.9139181196223936 8.4430969189852423 1.1697605771478272 1.9168604754377165 4.9052845096448436
leaf_count=26 14 32 22 22 16 78
internal_value=0 0.0120664 0.00151558 0.0138263 0.00905566 -0.0777162
internal_weight=0 32.1136 15.4436 11.5297 10.36 4.98602
internal_count=210 118 92 60 38 92
shrinkage=0.1


Tree=79
num_leaves=7
num_cat=0
split_feature=0 0 0 0 0 0
split_gain=0.0405409 0.00604495 0.00479746 0.00527929 0.00127066 2.60634e-05
threshold=0.45000000000000007 0.35000000000000003 1.0000000180025095e-35 0.15000000000000005 0.25000000000000006 0.75000000000000011
decision_type=2 2 2 2 2 2
left_child=1 2 -1 -4 -5 -2
right_child=5 -3 3 4 -6 -7
leaf_value=0.0021857592760168567 -0.010154576246851937 0.0082174219970167321 -0.0034423093572197184 0.0013995921289709089 -0.001460612509828534 -0.0083255563410769683
leaf_weight=16.665942206978798 0.079157528904032812 1.2177263172343362 3.9120653916616002 8.4152229540050012 1.9047976271249361 4.9437664832221344
leaf_count=26 14 22 32 22 16 78
internal_value=0 0.0130663 0.0103427 -0.00314137 0.00871675 -0.0835438
internal_weight=0 32.1158 30.898 14.2321 10.32 5.02292
internal_count=210 118 96 70 38 92
shrinkage=0.1


Tree=80
num_leaves=7
num_cat=0
split_feature=0 0 0 0 0 0
split_gain=0.0558613 0.0195932 0.00507937 0.00499493 0.00117569 2.38972e-06
threshold=0.45000000000000007 0.35000000000000003 1.0000000180025095e-35 0.15000000000000005 0.25000000000000006 0.75000000000000011
decision_type=2 2 2 2 2 2
left_child=1 2 -1 -4 -5 -2
right_child=5 -3 3 4 -6 -7
leaf_value=0.0022161672666410458 -0.010269679942817699 0.013461885618813233 -0.0034022300102942169 0.0013086141941211923 -0.0014598611347122095 -0.0097041722867666751
leaf_weight=16.65817459858954 0.075851892557692646 1.3228060086257745 3.907723614014686 8.3565198201686126 1.8788414997980005 5.0332420963095501
leaf_count=26 14 22 32 22 16 78
internal_value=0 0.0154471 0.0103291 -0.00360767 0.00800422 -0.0971257
internal_weight=0 32.1241 30.8013 14.1431 10.2354 5.10909
internal_count=210 118 96 70 38 92
shrinkage=0.1


Tree=81
num_leaves=7
num_cat=0
split_feature=0 0 0 0 0 0
split_gain=0.225955 0.713262 0.0108395 0.0064471 0.00337102 0.00145701
threshold=0.75000000000000011 0.35000000000000003 0.45000000000000007 1.0000000180025095e-35 0.15000000000000005 0.25000000000000006
decision_type=2 2 2 2 2 2
left_child=1 3 -3 -1 -5 -6
right_child=-2 2 -4 4 5 -7
leaf_value=0.0024273629766591656 0.019773479571856385 -0.056790311565510093 -0.011331119556703406 -0.0029928767142919626 0.0010389059554741546 -0.0021717276756720665
leaf_weight=16.630027346313 5.0124214700190342 2.3245280564296986 0.05366349167888973 3.8876661676913509 8.1680968850851041 1.7092189893592156
leaf_count=26 78 22 14 32 22 16
internal_value=0 -0.0302421 -0.557645 0.0110234 -0.00498466 0.00483322
internal_weight=0 32.7732 2.37819 30.395 13.765 9.87732
internal_count=210 132 36 96 70 38
shrinkage=0.1


Tree=82
num_leaves=7
num_cat=0
split_feature=0 0 0 0 0 0
split_gain=0.0285495 0.00329581 0.00546832 0.000527194 0.00128349 4.16356e-05
threshold=0.45000000000000007 1.0000000180025095e-35 0.15000000000000005 0.35000000000000003 0.25000000000000006 0.75000000000000011
decision_type=2 2 2 2 2 2
left_child=1 -1 -3 4 -4 -2
right_child=5 2 3 -5 -6 -7
leaf_value=0.0020645847599347444 -0.0093134470322451014 -0.0031925388283413126 0.0014432040988824222 0.0031992266619130108 -0.0014165720290515798 -0.0070359168333489755
leaf_weight=16.669837214052677 0.081614183625787443 3.9140992756001642 8.4595282617956347 1.1167562452610589 1.9268383753951646 4.8625241267727688
leaf_count=26 14 32 22 22 16 78
internal_value=0 0.0108992 0.000360741 0.0113466 0.0091267 -0.0707351
internal_weight=0 32.0871 15.4172 11.5031 10.3864 4.94414
internal_count=210 118 92 60 38 92
shrinkage=0.1


Tree=83
num_leaves=7
num_cat=0
split_feature=0 0 0 0 0 0
split_gain=0.0301563 0.00301437 0.00566009 0.00117896 0.00123489 3.15432e-05
threshold=0.45000000000000007 1.0000000180025095e-35 0.15000000000000005 0.35000000000000003 0.25000000000000006 0.75000000000000011
decision_type=2 2 2 2 2 2
left_child=1 -1 -3 4 -4 -2
right_child=5 2 3 -5 -6 -7
leaf_value=0.0020536396570672247 -0.0092173012116932764 -0.0031715432733825412 0.0014165875224795193 0.0042899157463192504 -0.0013918194946879231 -0.0072269295771036166
leaf_weight=16.667896742001176 0.080944543951772085 3.9133579842746249 8.4477220438420719 1.1356713746208704 1.9219054463319489 4.875691081630066
leaf_count=26 14 32 22 22 16 78
internal_value=0 0.0112142 0.00113664 0.0123108 0.00896078 -0.0725943
internal_weight=0 32.0866 15.4187 11.5053 10.3696 4.95664
internal_count=210 118 92 60 38 92
shrinkage=0.1


Tree=84
num_leaves=7
num_cat=0
split_feature=0 0 0 0 0 0
split_gain=0.0329032 0.00264826 0.00598503 0.00258257 0.00118249 2.02692e-05
threshold=0.45000000000000007 1.0000000180025095e-35 0.15000000000000005 0.35000000000000003 0.25000000000000006 0.75000000000000011
decision_type=2 2 2 2 2 2
left_child=1 -1 -3 4 -4 -2
right_child=5 2 3 -5 -6 -7
leaf_value=0.0020473010882553263 -0.0091445448764159165 -0.0031499275151977211 0.0013847589362054398 0.0058449526355132449 -0.0013680230246256855 -0.0075400053338240264
leaf_weight=16.665392175316811 0.080015586980151876 3.912318888353183 8.4312218055128998 1.1632391214370734 1.9148783958517022 4.8963533854112029
leaf_count=26 14 32 22 22 16 78
internal_value=0 0.0117338 0.00228975 0.0137755 0.00875268 -0.075658
internal_weight=0 32.0871 15.4217 11.5093 10.3461 4.97637
internal_count=210 118 92 60 38 92
shrinkage=0.1


Tree=85
num_leaves=7
num_cat=0
split_feature=0 0 0 0 0 0
split_gain=0.0382179 0.00625777 0.00405286 0.00447106 0.00112182 7.92239e-06
threshold=0.45000000000000007 0.35000000000000003 1.0000000180025095e-35 0.15000000000000005 0.25000000000000006 0.75000000000000011
decision_type=2 2 2 2 2 2
left_child=1 2 -1 -4 -5 -2
right_child=5 -3 3 4 -6 -7
leaf_value=0.0020503675053313666 -0.0091180776428068499 0.0083265402822138897 -0.0031270787551128327 0.0013405757847557449 -0.001347976263438015 -0.0081057843696300588
leaf_weight=16.661719754338264 0.078542392235248282 1.2088068407028902 3.9105959516018638 8.4049352984875423 1.9034609575755899 4.9328364274697378
leaf_count=26 14 22 32 22 16 78
internal_value=0 0.0126835 0.00992061 -0.00248056 0.00844131 -0.0812165
internal_weight=0 32.0895 30.8807 14.219 10.3084 5.01138
internal_count=210 118 96 70 38 92
shrinkage=0.1


Tree=86
num_leaves=7
num_cat=0
split_feature=0 0 0 0 0 0
split_gain=0.0518541 0.018649 0.00429315 0.00425318 0.00103964 1.7863e-07
threshold=0.45000000000000007 0.35000000000000003 1.0000000180025095e-35 0.15000000000000005 0.25000000000000006 0.75000000000000011
decision_type=2 2 2 2 2 2
left_child=1 2 -1 -4 -5 -2
right_child=5 -3 3 4 -6 -7
leaf_value=0.0020786478314012212 -0.0092240109206579001 0.013193624087841666 -0.0030977035510909839 0.001259239448234117 -0.0013438591174650258 -0.0093789506306710159
leaf_weight=16.654777456074953 0.075530369053011692 1.3054623324424017 3.9066773594822743 8.3510067556053382 1.8795989479403949 5.0149236918659881
leaf_count=26 14 22 32 22 16 78
internal_value=0 0.0148708 0.00990765 -0.00290843 0.0078099 -0.0937665
internal_weight=0 32.0975 30.7921 14.1373 10.2306 5.09045
internal_count=210 118 96 70 38 92
shrinkage=0.1


Tree=87
num_leaves=7
num_cat=0
split_feature=0 0 0 0 0 0
split_gain=0.144718 0.133639 0.00573691 0.00338106 0.000837268 0.000137126
threshold=0.45000000000000007 0.35000000000000003 1.0000000180025095e-35 0.15000000000000005 0.25000000000000006 0.75000000000000011
decision_type=2 2 2 2 2 2
left_child=1 2 -1 -4 -5 -2
right_child=5 -3 3 4 -6 -7
leaf_value=0.002263156128433131 -0.010377822407585703 0.029436618787138505 -0.0029966159667229142 0.00091565178515691883 -0.001481453793525365 -0.015081889490627234
leaf_weight=16.62699675373733 0.062686342658706873 1.7492981133982528 3.8837337477598348 8.1160490419715625 1.7759447295684374 5.4127706460421905
leaf_count=26 14 22 32 22 16 78
internal_value=0 0.0255926 0.010128 -0.00496349 0.00485291 -0.15028
internal_weight=0 32.152 30.4027 13.7757 9.89199 5.47546
internal_count=210 118 96 70 38 92
shrinkage=0.1


Tree=88
num_leaves=7
num_cat=0
split_feature=0 0 0 0 0 0
split_gain=0.0164296 0.0687983 0.0578259 0.00342135 0.00303407 0.00437843
threshold=0.25000000000000006 0.75000000000000011 0.35000000000000003 0.45000000000000007 1.0000000180025095e-35 0.15000000000000005
decision_type=2 2 2 2 2 2
left_child=4 2 -2 -4 -1 -6
right_child=1 -3 3 -5 5 -7
leaf_value=0.0020015710106508567 -0.0016605250055970742 0.0045701946789779612 -0.027173687917760543 -0.0061073369274804211 -0.0028317241924620969 0.0012251964563431139
leaf_weight=16.651135621592402 1.94123481097631 4.4081867445493117 1.7983092924114314 0.080546835350105442 3.9121475506108263 8.313407126814127
leaf_count=26 16 78 22 14 32 22
internal_value=0 -0.0394199 -0.137646 -0.262706 0.0112325 -0.000730082
internal_weight=0 8.22828 3.82009 1.87886 28.8767 12.2256
internal_count=210 130 52 36 80 54
shrinkage=0.1


Tree=89
num_leaves=7
num_cat=0
split_feature=0 0 0 0 0 0
split_gain=0.0849317 0.37244 0.00836153 0.00453219 0.00302064 0.00129378
threshold=0.75000000000000011 0.35000000000000003 0.45000000000000007 1.0000000180025095e-35 0.15000000000000005 0.25000000000000006
decision_type=2 2 2 2 2 2
left_child=1 3 -3 -1 -5 -6
right_child=-2 2 -4 4 5 -7
leaf_value=0.0021101480349339057 0.012611093010090358 -0.043652602991831053 -0.0076449366444528892 -0.0026950918734062928 0.0011153601548810708 -0.0018290770052379669
leaf_weight=16.639658441767097 4.6727936392417169 2.0361395105719562 0.066599956684512907 3.9012897100765267 8.2464195415377599 1.8220135027077056
leaf_count=26 78 22 14 32 22 16
internal_value=0 -0.0180144 -0.425121 0.00995216 -0.00332806 0.00582526
internal_weight=0 32.7121 2.10274 30.6094 13.9697 10.0684
internal_count=210 132 36 96 70 38
shrinkage=0.1


Tree=90
num_leaves=7
num_cat=0
split_feature=0 0 0 0 0 0
split_gain=0.0349707 0.00536813 0.00348209 0.00395831 0.00103025 2.99448e-06
threshold=0.45000000000000007 0.35000000000000003 1.0000000180025095e-35 0.15000000000000005 0.25000000000000006 0.75000000000000011
decision_type=2 2 2 2 2 2
left_child=1 2 -1 -4 -5 -2
right_child=5 -3 3 4 -6 -7
leaf_value=0.0019391616365600731 -0.0083974689249230513 0.0078023317273002366 -0.0029005366260657041 0.0013123369167550416 -0.0012632219111853049 -0.0077749933954246071
leaf_weight=16.659286821261048 0.078516355861210196 1.1901485545095045 3.9100292506627747 8.4022921249270421 1.9052728051319723 4.9145146704977378
leaf_count=26 14 22 32 22 16 78
internal_value=0 0.0121214 0.00958119 -0.00191406 0.00836265 -0.0778478
internal_weight=0 32.067 30.8769 14.2176 10.3076 4.99303
internal_count=210 118 96 70 38 92
shrinkage=0.1


Tree=91
num_leaves=7
num_cat=0
split_feature=0 0 0 0 0 0
split_gain=0.0448264 0.0140137 0.00364552 0.00380687 0.000962572 6.80369e-07
threshold=0.45000000000000007 0.35000000000000003 1.0000000180025095e-35 0.15000000000000005 0.25000000000000006 0.75000000000000011
decision_type=2 2 2 2 2 2
left_child=1 2 -1 -4 -5 -2
right_child=5 -3 3 4 -6 -7
leaf_value=0.0019585168161783653 -0.0084571678538967812 0.011693951110088349 -0.0028801943196714096 0.0012488337712506211 -0.0012518197729822044 -0.0087583036014170172
leaf_weight=16.653909087181091 0.0761756462889015 1.2652089663315553 3.9070865474641332 8.3602208327501994 1.8866947754286236 4.9773999660974368
leaf_count=26 14 22 32 22 16 78
internal_value=0 0.0137928 0.0095568 -0.00224279 0.00788405 -0.0875376
internal_weight=0 32.0731 30.8079 14.154 10.2469 5.05358
internal_count=210 118 96 70 38 92
shrinkage=0.1


Tree=92
num_leaves=7
num_cat=0
split_feature=0 0 0 0 0 0
split_gain=0.0873352 0.0640775 0.0043333 0.00336871 0.000835031 6.19758e-05
threshold=0.45000000000000007 0.35000000000000003 1.0000000180025095e-35 0.15000000000000005 0.25000000000000006 0.75000000000000011
decision_type=2 2 2 2 2 2
left_child=1 2 -1 -4 -5 -2
right_child=5 -3 3 4 -6 -7
leaf_value=0.0020553380161436314 -0.0089643112590786205 0.022082353547478509 -0.0028307242089964878 0.0010623453493335802 -0.0013002981006554868 -0.01198257079033343
leaf_weight=16.638407280668616 0.068934616618206657 1.5077840520534653 3.8958954878617087 8.2289755884557945 1.8282658441457904 5.1918311389163136
leaf_count=26 14 22 32 22 16 78
internal_value=0 0.0195735 0.00965432 -0.00334225 0.0063285 -0.11943
internal_weight=0 32.0993 30.5915 13.9531 10.0572 5.26077
internal_count=210 118 96 70 38 92
shrinkage=0.1


Tree=93
num_leaves=7
num_cat=0
split_feature=0 0 0 0 0 0
split_gain=0.0319022 0.21014 0.00554026 0.00375296 0.00289595 0.00121354
threshold=0.75000000000000011 0.35000000000000003 0.45000000000000007 1.0000000180025095e-35 0.15000000000000005 0.25000000000000006
decision_type=2 2 2 2 2 2
left_child=1 3 -3 -1 -5 -6
right_child=-2 2 -4 4 5 -7
leaf_value=0.0019549407694104477 0.0078919583512298882 -0.03388736715195733 -0.0061157923124372619 -0.0025773770430381634 0.001147687726123789 -0.0016591749461252168
leaf_weight=16.644127599895 4.5020210802322245 1.8858055167365808 0.074678502714959794 3.9070748547092089 8.2805054392665607 1.8923382447101182
leaf_count=26 78 22 14 32 22 16
internal_value=0 -0.0108705 -0.328295 0.00938418 -0.00263232 0.00625559
internal_weight=0 32.6845 1.96048 30.724 14.0799 10.1728
internal_count=210 132 36 96 70 38
shrinkage=0.1


Tree=94
num_leaves=7
num_cat=0
split_feature=0 0 0 0 0 0
split_gain=0.0625227 0.0346591 0.00373241 0.00340162 0.00085389 2.50368e-05
threshold=0.45000000000000007 0.35000000000000003 1.0000000180025095e-35 0.15000000000000005 0.25000000000000006 0.75000000000000011
decision_type=2 2 2 2 2 2
left_child=1 2 -1 -4 -5 -2
right_child=5 -3 3 4 -6 -7
leaf_value=0.0019582950022082666 -0.008384253725615274 0.017149496029292232 -0.0027644998280585888 0.0011437867134969596 -0.0012281462935495469 -0.010255887319029239
leaf_weight=16.64497890509665 0.07249288508319196 1.3792469352483738 3.9016064540483066 8.2924777641892415 1.8577554258517928 5.0759747584816068
leaf_count=26 14 22 32 22 16 78
internal_value=0 0.0164192 0.00945147 -0.00254967 0.00709662 -0.102295
internal_weight=0 32.0761 30.6968 14.0518 10.1502 5.14847
internal_count=210 118 96 70 38 92
shrinkage=0.1


Tree=95
num_leaves=7
num_cat=0
split_feature=0 0 0 0 0 0
split_gain=0.0911135 0.379288 0.00871756 0.00395106 0.00254464 0.00116276
threshold=0.75000000000000011 0.35000000000000003 0.45000000000000007 1.0000000180025095e-35 0.15000000000000005 0.25000000000000006
decision_type=2 2 2 2 2 2
left_child=1 3 -3 -1 -5 -6
right_child=-2 2 -4 4 5 -7
leaf_value=0.0020027285298082069 0.013052693717052859 -0.04401559024085408 -0.006983450261004609 -0.0024475904359019442 0.0010673750222133639 -0.0017287710978496119
leaf_weight=16.635791916400194 4.6783952721161759 2.0453589917160566 0.065606821575784013 3.8994506429880866 8.2309781797230226 1.8151822057552642
leaf_count=26 78 22 14 32 22 16
internal_value=0 -0.0186789 -0.428647 0.0096203 -0.00279425 0.00562156
internal_weight=0 32.6924 2.11097 30.5814 13.9456 10.0462
internal_count=210 132 36 96 70 38
shrinkage=0.1


Tree=96
num_leaves=7
num_cat=0
split_feature=0 0 0 0 0 0
split_gain=0.0333165 0.00565144 0.00297475 0.00342163 0.000922554 2.56467e-08
threshold=0.45000000000000007 0.35000000000000003 1.0000000180025095e-35 0.15000000000000005 0.25000000000000006 0.75000000000000011
decision_type=2 2 2 2 2 2
left_child=1 2 -1 -4 -5 -2
right_child=5 -3 3 4 -6 -7
leaf_value=0.0018295872563551009 -0.0076622884215795245 0.0079628459793328749 -0.002659143796073328 0.0012668466442692103 -0.0011713856946143264 -0.007604520568859888
leaf_weight=16.655666183680296 0.078075617784633233 1.1840486819855858 3.9087939560413369 8.3927670754492265 1.9038397502154121 4.9064609315246344
leaf_count=26 14 22 32 22 16 78
internal_value=0 0.0118301 0.00922883 -0.00140216 0.00816018 -0.0760543
internal_weight=0 32.0451 30.8611 14.2054 10.2966 4.98454
internal_count=210 118 96 70 38 92
shrinkage=0.1


Tree=97
num_leaves=7
num_cat=0
split_feature=0 0 0 0 0 0
split_gain=0.0424601 0.0139534 0.00312229 0.00330175 0.000861974 5.02358e-06
threshold=0.45000000000000007 0.35000000000000003 1.0000000180025095e-35 0.15000000000000005 0.25000000000000006 0.75000000000000011
decision_type=2 2 2 2 2 2
left_child=1 2 -1 -4 -5 -2
right_child=5 -3 3 4 -6 -7
leaf_value=0.0018487029290539963 -0.007722710936020347 0.011676088517961557 -0.0026454228435750689 0.0012078302825134556 -0.0011589854087764486 -0.0085426193268390363
leaf_weight=16.650704998522997 0.075869508465983823 1.255377965979277 3.9060363618191341 8.3528938386589271 1.8862108460161842 4.9661414222791791
leaf_count=26 14 22 32 22 16 78
internal_value=0 0.0134191 0.0092064 -0.00171814 0.00771824 -0.0853028
internal_weight=0 32.0512 30.7958 14.1451 10.2391 5.04201
internal_count=210 118 96 70 38 92
shrinkage=0.1


Tree=98
num_leaves=7
num_cat=0
split_feature=0 0 0 0 0 0
split_gain=0.0793587 0.0579418 0.00368648 0.00295484 0.000751339 7.51186e-05
threshold=0.45000000000000007 0.35000000000000003 1.0000000180025095e-35 0.15000000000000005 0.25000000000000006 0.75000000000000011
decision_type=2 2 2 2 2 2
left_child=1 2 -1 -4 -5 -2
right_child=5 -3 3 4 -6 -7
leaf_value=0.0019349763303746451 -0.0081552492742681774 0.021229327177977927 -0.00260697899751163 0.0010439349273876017 -0.0011944564767343785 -0.011468313370456194
leaf_weight=16.637043489143252 0.069356581094324521 1.4737773342058051 3.8961577999871233 8.234451035037635 1.8334439231548465 5.1588334261905402
leaf_count=26 14 22 32 22 16 78
internal_value=0 0.0186216 0.00929422 -0.00268614 0.00636306 -0.114244
internal_weight=0 32.0749 30.6011 13.9641 10.0679 5.22819
internal_count=210 118 96 70 38 92
shrinkage=0.1


Tree=99
num_leaves=7
num_cat=0
split_feature=0 0 0 0 0 0
split_gain=0.0401226 0.230082 0.00619329 0.00331107 0.00244253 0.0010984
threshold=0.75000000000000011 0.35000000000000003 0.45000000000000007 1.0000000180025095e-35 0.15000000000000005 0.25000000000000006
decision_type=2 2 2 2 2 2
left_child=1 3 -3 -1 -5 -6
right_child=-2 2 -4 4 5 -7
leaf_value=0.0018647215768083768 0.0088277239988589062 -0.035343161311555918 -0.0056388427680860624 -0.0023454370095098188 0.0010941949916763848 -0.0015847888148477934
leaf_weight=16.639754042029381 4.5225216370308763 1.9083553662057957 0.072871413940447258 3.9047264175023892 8.2629798967391235 1.8783681574277586
leaf_count=26 78 22 14 32 22 16
internal_value=0 -0.0122213 -0.342506 0.00910346 -0.00220261 0.00597997
internal_weight=0 32.6671 1.98123 30.6858 14.0461 10.1413
internal_count=210 132 36 96 70 38
shrinkage=0.1


end of trees

feature importances:
geographical=600

parameters:
[boosting: gbdt]
[objective: lambdarank]
[metric: ndcg]
[tree_learner: serial]
[device_type: cpu]
[data: ]
[valid: ]
[num_iterations: 100]
[learning_rate: 0.1]
[num_leaves: 16]
[num_threads: -1]
[max_depth: -1]
[min_data_in_leaf: 5]
[min_sum_hessian_in_leaf: 0.001]
[bagging_fraction: 1]
[pos_bagging_fraction: 1]
[neg_bagging_fraction: 1]
[bagging_freq: 0]
[bagging_seed: 3]
[feature_fraction: 1]
[feature_fraction_bynode: 1]
[feature_fraction_seed: 2]
[early_stopping_round: 0]
[first_metric_only: 0]
[max_delta_step: 0]
[lambda_l1: 0]
[lambda_l2: 0]
[min_gain_to_split: 0]
[drop_rate: 0.1]
[max_drop: 50]
[skip_drop: 0.5]
[xgboost_dart_mode: 0]
[uniform_drop: 0]
[drop_seed: 4]
[top_rate: 0.2]
[other_rate: 0.1]
[min_data_per_group: 100]
[max_cat_threshold: 32]
[cat_l2: 10]
[cat_smooth: 10]
[max_cat_to_onehot: 4]
[top_k: 20]
[monotone_constraints: ]
[feature_contri: ]
[forcedsplits_filename: ]
[forcedbins_filename: ]
[refit_decay_rate: 0.9]
[cegb_tradeoff: 1]
[cegb_penalty_split: 0]
[cegb_penalty_feature_lazy: ]
[cegb_penalty_feature_coupled: ]
[verbosity: -1]
[max_bin: 255]
[max_bin_by_feature: ]
[min_data_in_bin: 3]
[bin_construct_sample_cnt: 200000]
[histogram_pool_size: -1]
[data_random_seed: 1]
[output_model: LightGBM_model.txt]
[snapshot_freq: -1]
[input_model: ]
[output_result: LightGBM_predict_result.txt]
[initscore_filename: ]
[valid_data_initscores: ]
[pre_partition: 0]
[enable_bundle: 1]
[max_conflict_rate: 0]
[is_enable_sparse: 1]
[sparse_threshold: 0.8]
[use_missing: 1]
[zero_as_missing: 0]
[two_round: 0]
[save_binary: 0]
[header: 0]
[label_column: ]
[weight_column: ]
[group_column: ]
[ignore_column: ]
[categorical_feature: ]
[predict_raw_score: 0]
[predict_leaf_index: 0]
[predict_contrib: 0]
[num_iteration_predict: -1]
[pred_early_stop: 0]
[pred_early_stop_freq: 10]
[pred_early_stop_margin: 10]
[convert_model_language: ]
[convert_model: gbdt_prediction.cpp]
[num_class: 1]
[is_unbalance: 0]
[scale_pos_weight: 1]
[sigmoid: 1]
[boost_from_average: 1]
[reg_sqrt: 0]
[alpha: 0.9]
[fair_c: 1]
[poisson_max_delta_step: 0.7]
[tweedie_variance_power: 1.5]
[max_position: 20]
[lambdamart_norm: 1]
[label_gain: ]
[metric_freq: 1]
[is_provide_training_metric: 0]
[eval_at: 1]
[multi_error_top_k: 1]
[num_machines: 1]
[local_listen_port: 12400]
[time_out: 120]
[machine_list_filename: ]
[machines: ]
[gpu_platform_id: -1]
[gpu_device_id: -1]
[gpu_use_dp: 0]

end of parameters

pandas_categorical:null
