tree
version=v3
num_class=1
num_tree_per_iteration=1
label_index=0
max_feature_idx=0
objective=lambdarank
feature_names=geographical
feature_infos=[0:1]
tree_sizes=837 845 846 847 848 850 851 847 846 853 854 857 857 858 858 860 859 858 864 864 865 866 864 865 863 864 864 858 861 864 865 863 863 864 864 862 865 866 866 866 865 861 866 866 868 869 871 872 869 871 873 871 870 868 869 873 868 875 874 875 874 874 873 865 873 875 871 874 873 872 874 872 875 876 876 874 871 870 873 876 877 875 874 876 872 874 876 873 875 875 874 872 874 877 875 879 878 875 877 878

Tree=0
num_leaves=7
num_cat=0
split_feature=0 0 0 0 0 0
split_gain=10.8023 1.1774 0.636464 0.304747 0.0675513 0.050832
threshold=0.35000000000000003 1.0000000180025095e-35 0.75000000000000011 0.15000000000000005 0.45000000000000007 0.25000000000000006
decision_type=2 2 2 2 2 2
left_child=1 -1 4 -3 -2 -5
right_child=2 3 -4 5 -6 -7
leaf_value=0.15268360245972712 -0.13168751738938714 0.031830650885701951 -0.068796820580590098 0.09633895692265193 -0.18433318291006473 0.068921313310990537
leaf_weight=2.152175803668797 1.0971108106896279 1.8597126221284268 6.0580020612105727 1.5355079006403685 0.31333991885185231 1.2083192681893706
leaf_count=16 32 30 78 22 12 20
internal_value=0 0.91627 -0.828828 0.630828 -1.43383 0.842648
internal_weight=0 6.75572 7.46845 4.60354 1.41045 2.74383
internal_count=210 88 122 72 44 42
shrinkage=0.1


Tree=1
num_leaves=7
num_cat=0
split_feature=0 0 0 0 0 0
split_gain=4.93532 1.69035 1.36952 0.835214 0.0644266 0.0561249
threshold=0.35000000000000003 1.0000000180025095e-35 0.75000000000000011 0.15000000000000005 0.45000000000000007 0.25000000000000006
decision_type=2 2 2 2 2 2
left_child=1 -1 4 -3 -2 -5
right_child=2 3 -4 5 -6 -7
leaf_value=0.0480639685188336 -0.12642890734996678 -0.032555881938610483 -0.044042045241851777 0.0085381207769657345 -0.16618021226180282 0.021921792332759434
leaf_weight=11.710916936397554 1.7211215775459989 5.6139397174119976 5.8135054148733616 9.0444482639431936 0.5342892464250325 4.7942019812762728
leaf_count=16 32 30 78 22 12 20
internal_value=0 0.180476 -0.697029 -0.000229618 -1.35846 0.131747
internal_weight=0 31.1635 8.06892 19.4526 2.25541 13.8387
internal_count=210 88 122 72 44 42
shrinkage=0.1


Tree=2
num_leaves=7
num_cat=0
split_feature=0 0 0 0 0 0
split_gain=2.95627 0.89418 0.812256 0.457013 0.182238 0.0517645
threshold=0.35000000000000003 1.0000000180025095e-35 0.75000000000000011 0.15000000000000005 0.25000000000000006 0.45000000000000007
decision_type=2 2 2 2 2 2
left_child=1 -1 5 -3 -5 -2
right_child=2 3 -4 4 -6 -7
leaf_value=0.035594246194039253 -0.10918564849457368 -0.025614336939581647 -0.039100534797285091 0.0010748992305138223 0.024647474931838262 -0.15168190153174027
leaf_weight=11.494797393679621 1.3121198173612345 5.0127550754696157 5.5585895637050271 9.2021895535290223 5.0957237780094138 0.3667541248723864
leaf_count=16 32 30 78 22 20 12
internal_value=0 0.135118 -0.575116 0.00367142 0.0947608 -1.18469
internal_weight=0 30.8055 7.23746 19.3107 14.2979 1.67887
internal_count=210 88 122 72 42 44
shrinkage=0.1


Tree=3
num_leaves=7
num_cat=0
split_feature=0 0 0 0 0 0
split_gain=2.07302 0.567246 0.54773 0.496581 0.0412249 0.016253
threshold=0.35000000000000003 0.75000000000000011 1.0000000180025095e-35 0.15000000000000005 0.45000000000000007 0.25000000000000006
decision_type=2 2 2 2 2 2
left_child=2 4 -1 -4 -2 -5
right_child=1 -3 3 5 -6 -7
leaf_value=0.028451906793358562 -0.097863121652518648 -0.035154608153197084 -0.026865706969852882 0.0062373794352180096 -0.14055624272538469 0.013127882437713307
leaf_weight=11.440617352724077 1.1234675836749364 5.3942038873210549 4.8483478240668783 5.8854019381105891 0.28318506106734265 8.1824352778494358
leaf_count=16 32 78 30 22 12 20
internal_value=0 -0.499026 0.111797 0.00733406 -1.06458 0.102452
internal_weight=0 6.80086 30.3568 18.9162 1.40665 14.0678
internal_count=210 122 88 72 44 42
shrinkage=0.1


Tree=4
num_leaves=7
num_cat=0
split_feature=0 0 0 0 0 0
split_gain=1.62632 0.393033 0.371374 0.392382 0.0390229 0.019812
threshold=0.35000000000000003 0.75000000000000011 1.0000000180025095e-35 0.15000000000000005 0.45000000000000007 0.25000000000000006
decision_type=2 2 2 2 2 2
left_child=2 4 -1 -4 -2 -5
right_child=1 -3 3 5 -6 -7
leaf_value=0.024133445867418099 -0.086582618019366786 -0.03301627202308078 -0.023348639041772652 0.0053510106918049421 -0.13181285823518932 0.013081967078346586
leaf_weight=11.385064378380777 1.0389060364104796 5.3151084873825312 4.8224025927484062 5.7031370960175973 0.23364765476435409 7.9156419858336449
leaf_count=16 32 78 30 22 12 20
internal_value=0 -0.44968 0.0993199 0.0116441 -0.948871 0.0984447
internal_weight=0 6.58766 29.8262 18.4412 1.27255 13.6188
internal_count=210 122 88 72 44 42
shrinkage=0.1


Tree=5
num_leaves=7
num_cat=0
split_feature=0 0 0 0 0 0
split_gain=1.31749 0.285415 0.273478 0.329998 0.0360962 0.0195952
threshold=0.35000000000000003 0.75000000000000011 1.0000000180025095e-35 0.15000000000000005 0.45000000000000007 0.25000000000000006
decision_type=2 2 2 2 2 2
left_child=2 4 -1 -4 -2 -5
right_child=1 -3 3 5 -6 -7
leaf_value=0.02112761201461821 -0.077635153482746716 -0.031040153767037445 -0.021097310318015709 0.0049342103719688989 -0.1244489474546662 0.012715753451576751
leaf_weight=11.340939261019232 0.98078292980790016 5.2450726162642241 4.8176989555358913 5.5734712257981283 0.19795023696497083 7.7163024786859751
leaf_count=16 32 78 30 22 12 20
internal_value=0 -0.410327 0.0895076 0.0132425 -0.854968 0.0945233
internal_weight=0 6.42381 29.4484 18.1075 1.17873 13.2898
internal_count=210 122 88 72 44 42
shrinkage=0.1


Tree=6
num_leaves=7
num_cat=0
split_feature=0 0 0 0 0 0
split_gain=1.09117 0.214459 0.212782 0.284395 0.0328302 0.0182969
threshold=0.35000000000000003 0.75000000000000011 1.0000000180025095e-35 0.15000000000000005 0.45000000000000007 0.25000000000000006
decision_type=2 2 2 2 2 2
left_child=2 4 -1 -4 -2 -5
right_child=1 -3 3 5 -6 -7
leaf_value=0.018883583745141593 -0.070379484309356879 -0.029243751360485265 -0.019415965168730513 0.0046165644916293398 -0.11806997750738735 0.012200799116851338
leaf_weight=11.302312679588796 0.93637890974059601 5.1827584244310856 4.8163713235408094 5.4855990111827833 0.17065487708896401 7.5713131539523602
leaf_count=16 32 78 30 22 12 20
internal_value=0 -0.377778 0.0814428 0.013532 -0.777312 0.0901444
internal_weight=0 6.28979 29.1756 17.8733 1.10703 13.0569
internal_count=210 122 88 72 44 42
shrinkage=0.1


Tree=7
num_leaves=7
num_cat=0
split_feature=0 0 0 0 0 0
split_gain=0.919866 0.172 0.248634 0.165261 0.0295429 0.0167242
threshold=0.35000000000000003 1.0000000180025095e-35 0.15000000000000005 0.75000000000000011 0.45000000000000007 0.25000000000000006
decision_type=2 2 2 2 2 2
left_child=1 -1 -3 4 -2 -4
right_child=3 2 5 -5 -6 -7
leaf_value=0.017128413567507016 -0.064357211131808076 -0.018063751702411198 0.0043425169402028837 -0.027632622474069276 -0.11241994712562686 0.011639696330843989
leaf_weight=11.26794243603945 0.90077608404680964 4.8156606685370233 5.4236624874174577 5.1276465025730431 0.14905177894979715 7.4617709498852491
leaf_count=16 32 30 22 78 12 20
internal_value=0 0.0747067 0.0132287 -0.350334 -0.71181 0.0856821
internal_weight=0 28.969 17.7011 6.17747 1.04983 12.8854
internal_count=210 88 72 122 44 42
shrinkage=0.1


Tree=8
num_leaves=7
num_cat=0
split_feature=0 0 0 0 0 0
split_gain=0.786896 0.142977 0.219625 0.129849 0.0264037 0.0151619
threshold=0.35000000000000003 1.0000000180025095e-35 0.15000000000000005 0.75000000000000011 0.45000000000000007 0.25000000000000006
decision_type=2 2 2 2 2 2
left_child=1 -1 -3 4 -2 -4
right_child=3 2 5 -5 -6 -7
leaf_value=0.015709926879482049 -0.059261645507652644 -0.016930324368951002 0.0040983736386747535 -0.026191728164099422 -0.10732412877494978 0.011080393705300598
leaf_weight=11.237175032496454 0.87138229142874368 4.814995861612263 5.3780772369354946 5.0788595764897764 0.131558753317222 7.37572549469769
leaf_count=16 32 30 22 78 12 20
internal_value=0 0.0690076 0.0126633 -0.326849 -0.655661 0.0813619
internal_weight=0 28.806 17.5688 6.0818 1.00294 12.7538
internal_count=210 88 72 122 44 42
shrinkage=0.1


Tree=9
num_leaves=7
num_cat=0
split_feature=0 0 0 0 0 0
split_gain=0.681524 0.121409 0.195637 0.103614 0.0234862 0.0137076
threshold=0.35000000000000003 1.0000000180025095e-35 0.15000000000000005 0.75000000000000011 0.45000000000000007 0.25000000000000006
decision_type=2 2 2 2 2 2
left_child=1 -1 -3 4 -2 -4
right_child=3 2 5 -5 -6 -7
leaf_value=0.014534987961919352 -0.054883238632611332 -0.015956806845917697 0.0038800530826121264 -0.024901051335169313 -0.10265525148938884 0.010544608863704015
leaf_weight=11.209499187767507 0.8466127661522469 4.8142484528943923 5.3432434871792776 5.0354838049970567 0.11715293093584478 7.3059185780584812
leaf_count=16 32 30 22 78 12 20
internal_value=0 0.0641302 0.0119966 -0.306505 -0.606903 0.0772938
internal_weight=0 28.6729 17.4634 5.99925 0.963766 12.6492
internal_count=210 88 72 122 44 42
shrinkage=0.1


Tree=10
num_leaves=7
num_cat=0
split_feature=0 0 0 0 0 0
split_gain=0.596528 0.104822 0.175474 0.0837361 0.0208236 0.012394
threshold=0.35000000000000003 1.0000000180025095e-35 0.15000000000000005 0.75000000000000011 0.45000000000000007 0.25000000000000006
decision_type=2 2 2 2 2 2
left_child=1 -1 -3 4 -2 -4
right_child=3 2 5 -5 -6 -7
leaf_value=0.013542377812876167 -0.051072871421917403 -0.015104007955303726 0.0036834535952947182 -0.023740290136202529 -0.098324948957035058 0.010040787114097994
leaf_weight=11.184486567974092 0.8254083211068054 4.8133867392316487 5.3158025536686164 4.9966908739879727 0.10514425439760088 7.2477901596575975
leaf_count=16 32 30 22 78 12 20
internal_value=0 0.0599119 0.0113096 -0.288696 -0.564119 0.0735093
internal_weight=0 28.5615 17.377 5.92724 0.930553 12.5636
internal_count=210 88 72 122 44 42
shrinkage=0.1


Tree=11
num_leaves=7
num_cat=0
split_feature=0 0 0 0 0 0
split_gain=0.526916 0.0917405 0.158348 0.0683963 0.0184174 0.0112256
threshold=0.35000000000000003 1.0000000180025095e-35 0.15000000000000005 0.75000000000000011 0.45000000000000007 0.25000000000000006
decision_type=2 2 2 2 2 2
left_child=1 -1 -3 4 -2 -4
right_child=3 2 5 -5 -6 -7
leaf_value=0.01269140656737431 -0.047722612388794779 -0.014348601062341388 0.0035052293830224097 -0.022691525532932091 -0.094265324821580176 0.0095715715357457699
leaf_weight=11.161773040890695 0.80703420448116869 4.8124076193198588 5.2936335783451778 4.9617874445393682 0.095032243989408002 7.1983816046267748
leaf_count=16 32 30 22 78 12 20
internal_value=0 0.056229 0.0106354 -0.272965 -0.526259 0.0700089
internal_weight=0 28.4662 17.3044 5.86385 0.902066 12.492
internal_count=210 88 72 122 44 42
shrinkage=0.1


Tree=12
num_leaves=7
num_cat=0
split_feature=0 0 0 0 0 0
split_gain=0.469122 0.0811843 0.143652 0.0563855 0.0162595 0.0101848
threshold=0.35000000000000003 1.0000000180025095e-35 0.15000000000000005 0.75000000000000011 0.45000000000000007 0.25000000000000006
decision_type=2 2 2 2 2 2
left_child=1 -1 -3 4 -2 -4
right_child=3 2 5 -5 -6 -7
leaf_value=0.011951827346925514 -0.044751842541060238 -0.013672100542933935 0.0033443711984040558 -0.021738575805102835 -0.090428687389994294 0.009135700006841203
leaf_weight=11.141048640012743 0.79095422546379168 4.8113442342728403 5.2753428462892753 4.930181217379868 0.086449921363964677 7.1556562781333923
leaf_count=16 32 30 22 78 12 20
internal_value=0 0.052985 0.00999484 -0.258953 -0.492523 0.0667803
internal_weight=0 28.3834 17.2423 5.80759 0.877404 12.431
internal_count=210 88 72 122 44 42
shrinkage=0.1


Tree=13
num_leaves=7
num_cat=0
split_feature=0 0 0 0 0 0
split_gain=0.420609 0.0725177 0.130937 0.0468551 0.0143362 0.0092601
threshold=0.35000000000000003 1.0000000180025095e-35 0.15000000000000005 0.75000000000000011 0.45000000000000007 0.25000000000000006
decision_type=2 2 2 2 2 2
left_child=1 -1 -3 4 -2 -4
right_child=3 2 5 -5 -6 -7
leaf_value=0.011302544120999068 -0.042097543645695214 -0.013061534688863955 0.0031986101394409897 -0.020869730383821158 -0.086780597485105471 0.0087315865977829893
leaf_weight=11.12206292897463 0.77675959980115183 4.8101950939744738 5.2599836327135545 4.9014241662807763 0.079117871588096023 7.1182070225477219
leaf_count=16 32 30 22 78 12 20
internal_value=0 0.0501076 0.0093955 -0.246395 -0.462281 0.0638041
internal_weight=0 28.3104 17.1884 5.7573 0.855877 12.3782
internal_count=210 88 72 122 44 42
shrinkage=0.1


Tree=14
num_leaves=7
num_cat=0
split_feature=0 0 0 0 0 0
split_gain=0.379437 0.065291 0.119846 0.0392121 0.0126297 0.00844155
threshold=0.35000000000000003 1.0000000180025095e-35 0.15000000000000005 0.75000000000000011 0.45000000000000007 0.25000000000000006
decision_type=2 2 2 2 2 2
left_child=1 -1 -3 4 -2 -4
right_child=3 2 5 -5 -6 -7
leaf_value=0.010726957678267434 -0.039710493707418484 -0.012506239744662188 0.0030651708466238096 -0.020073060304863957 -0.0832960657589491 0.0083569861167488262
leaf_weight=11.104595974087717 0.7641380347777148 4.8089835094288018 5.2469045314937812 4.8751094751060009 0.072817728272639215 7.0849984306842089
leaf_count=16 32 30 22 78 12 20
internal_value=0 0.0475361 0.00883828 -0.235061 -0.435026 0.0610546
internal_weight=0 28.2455 17.1409 5.71207 0.836956 12.3319
internal_count=210 88 72 122 44 42
shrinkage=0.1


Tree=15
num_leaves=7
num_cat=0
split_feature=0 0 0 0 0 0
split_gain=0.34419 0.0591892 0.110106 0.0330223 0.0111205 0.00771413
threshold=0.35000000000000003 1.0000000180025095e-35 0.15000000000000005 0.75000000000000011 0.45000000000000007 0.25000000000000006
decision_type=2 2 2 2 2 2
left_child=1 -1 -3 4 -2 -4
right_child=3 2 5 -5 -6 -7
leaf_value=0.010212867684673837 -0.037551897521972327 -0.011998321673788597 0.0029429089616592095 -0.019340173622728721 -0.079957174447679136 0.008009248957533693
leaf_weight=11.088465817272665 0.75284549361094733 4.8077169172465828 5.2356235198676568 4.8509290586225688 0.067376649472862482 7.0552609693259001
leaf_count=16 32 30 22 78 12 20
internal_value=0 0.0452249 0.00832277 -0.224779 -0.410353 0.0585111
internal_weight=0 28.1871 17.0986 5.67115 0.820222 12.2909
internal_count=210 88 72 122 44 42
shrinkage=0.1


Tree=16
num_leaves=7
num_cat=0
split_feature=0 0 0 0 0 0
split_gain=0.31377 0.0539772 0.101508 0.027969 0.00978972 0.00706549
threshold=0.35000000000000003 1.0000000180025095e-35 0.15000000000000005 0.75000000000000011 0.45000000000000007 0.25000000000000006
decision_type=2 2 2 2 2 2
left_child=1 -1 -3 4 -2 -4
right_child=3 2 5 -5 -6 -7
leaf_value=0.0097504254327476399 -0.035590897653463086 -0.011531677364107942 0.002830872692489066 -0.018663326637175594 -0.076752172118617734 0.0076860981072797074
leaf_weight=11.073514357209207 0.74268907587975164 4.8064094483852413 5.225780430249868 4.8286164687015116 0.062656803522258997 7.0284146200865507
leaf_count=16 32 30 22 78 12 20
internal_value=0 0.0431363 0.00784769 -0.215408 -0.387933 0.056156
internal_weight=0 28.1341 17.0606 5.63396 0.805346 12.2542
internal_count=210 88 72 122 44 42
shrinkage=0.1


Tree=17
num_leaves=7
num_cat=0
split_feature=0 0 0 0 0 0
split_gain=0.287315 0.0494797 0.0938725 0.0238109 0.00861897 0.0064863
threshold=0.35000000000000003 1.0000000180025095e-35 0.15000000000000005 0.75000000000000011 0.45000000000000007 0.25000000000000006
decision_type=2 2 2 2 2 2
left_child=1 -1 -3 4 -2 -4
right_child=3 2 5 -5 -6 -7
leaf_value=0.009331736268616421 -0.033801113351738903 -0.011100704280852618 0.0027276326039233339 -0.018035974656278975 -0.073672201512778895 0.0073852716752500673
leaf_weight=11.059609808027746 0.73350741830654331 4.8050766261294511 5.2171140331774932 4.8079438330605626 0.05854479328263551 7.0039985049515963
leaf_count=16 32 30 22 78 12 20
internal_value=0 0.0412388 0.00741039 -0.206826 -0.367482 0.0539696
internal_weight=0 28.0858 17.0262 5.6 0.792052 12.2211
internal_count=210 88 72 122 44 42
shrinkage=0.1


Tree=18
num_leaves=7
num_cat=0
split_feature=0 0 0 0 0 0
split_gain=0.264147 0.0455699 0.0870518 0.0203651 0.00759092 0.00596875
threshold=0.35000000000000003 1.0000000180025095e-35 0.15000000000000005 0.75000000000000011 0.45000000000000007 0.25000000000000006
decision_type=2 2 2 2 2 2
left_child=1 -1 -3 4 -2 -4
right_child=3 2 5 -5 -6 -7
leaf_value=0.0089507912283658744 -0.032160556391319962 -0.010700970728885949 0.0026316032572022779 -0.017452386476237629 -0.070711154029210438 0.0071044979898832131
leaf_weight=11.046633109450342 0.72516886377707024 4.8037217427045134 5.2094252929091436 4.788725461345166 0.054948124918155365 6.9816585294902325
leaf_count=16 32 30 22 78 12 20
internal_value=0 0.0395065 0.00700557 -0.198932 -0.348759 0.0519317
internal_weight=0 28.0414 16.9948 5.56884 0.780117 12.1911
internal_count=210 88 72 122 44 42
shrinkage=0.1


Tree=19
num_leaves=7
num_cat=0
split_feature=0 0 0 0 0 0
split_gain=0.243745 0.0421392 0.0809448 0.0174929 0.00668946 0.00550235
threshold=0.35000000000000003 1.0000000180025095e-35 0.15000000000000005 0.75000000000000011 0.45000000000000007 0.25000000000000006
decision_type=2 2 2 2 2 2
left_child=1 -1 -3 4 -2 -4
right_child=3 2 5 -5 -6 -7
leaf_value=0.0086022535468173855 -0.030652336451548093 -0.010329465455196659 0.0025432434762606149 -0.016908256827730044 -0.067865895291757544 0.0068421618458406538
leaf_weight=11.034493565559389 0.71757006552070279 4.8023600936867323 5.2025411454960686 4.7708030729554594 0.051791049249004566 6.9611030276864767
leaf_count=16 32 30 22 78 12 20
internal_value=0 0.0379193 0.00663357 -0.191648 -0.331574 0.0500346
internal_weight=0 28.0005 16.966 5.54016 0.769361 12.1636
internal_count=210 88 72 122 44 42
shrinkage=0.1


Tree=20
num_leaves=7
num_cat=0
split_feature=0 0 0 0 0 0
split_gain=0.225674 0.0391126 0.0754425 0.0150838 0.00590004 0.00508273
threshold=0.35000000000000003 1.0000000180025095e-35 0.15000000000000005 0.75000000000000011 0.45000000000000007 0.25000000000000006
decision_type=2 2 2 2 2 2
left_child=1 -1 -3 4 -2 -4
right_child=3 2 5 -5 -6 -7
leaf_value=0.0082821527717853536 -0.029260457797657943 -0.0099825314301608247 0.0024607767675870109 -0.016399389697752134 -0.065133385305802913 0.0065963483012293645
leaf_weight=11.023105002939703 0.71061690873466332 4.8009885302744832 5.1963502122089249 4.7540434757247567 0.049010155547875911 6.9420923870056868
leaf_count=16 32 30 22 78 12 20
internal_value=0 0.036459 0.00628917 -0.184901 -0.315749 0.0482595
internal_weight=0 27.9625 16.9394 5.51367 0.759627 12.1384
internal_count=210 88 72 122 44 42
shrinkage=0.1


Tree=21
num_leaves=7
num_cat=0
split_feature=0 0 0 0 0 0
split_gain=0.209582 0.0364248 0.0704774 0.0130538 0.00520897 0.00470336
threshold=0.35000000000000003 1.0000000180025095e-35 0.15000000000000005 0.75000000000000011 0.45000000000000007 0.25000000000000006
decision_type=2 2 2 2 2 2
left_child=1 -1 -3 4 -2 -4
right_child=3 2 5 -5 -6 -7
leaf_value=0.0079869035751752287 -0.027972673072184279 -0.0096583895025338599 0.0023841497654869879 -0.015922077437929203 -0.062511410587199029 0.0063657890209187695
leaf_weight=11.012388274073603 0.70423546456731756 4.7996258125640479 5.1907405620440823 4.7383232559077442 0.046551999635994434 6.9244472216814756
leaf_count=16 32 30 22 78 12 20
internal_value=0 0.0351103 0.00597016 -0.178632 -0.301142 0.0465986
internal_weight=0 27.9272 16.9148 5.48911 0.750787 12.1152
internal_count=210 88 72 122 44 42
shrinkage=0.1


Tree=22
num_leaves=7
num_cat=0
split_feature=0 0 0 0 0 0
split_gain=0.195198 0.0340244 0.0659737 0.0113336 0.00460433 0.00436014
threshold=0.35000000000000003 1.0000000180025095e-35 0.15000000000000005 0.75000000000000011 0.45000000000000007 0.25000000000000006
decision_type=2 2 2 2 2 2
left_child=1 -1 -3 4 -2 -4
right_child=3 2 5 -5 -6 -7
leaf_value=0.0077136778634784801 -0.026777889091876325 -0.0093540789483377573 0.0023125118022842735 -0.01547396329320196 -0.059998192782441145 0.0061491574777661007
leaf_weight=11.00228811055422 0.69836209481581946 4.7982609733007875 5.1856341734528524 4.7235540603287518 0.044372281467076391 6.9079966880381107
leaf_count=16 32 30 22 78 12 20
internal_value=0 0.0338619 0.00567544 -0.172796 -0.287625 0.0450404
internal_weight=0 27.8942 16.8919 5.46629 0.742734 12.0936
internal_count=210 88 72 122 44 42
shrinkage=0.1


Tree=23
num_leaves=7
num_cat=0
split_feature=0 0 0 0 0 0
split_gain=0.182273 0.0318676 0.0618774 0.00987078 0.00407513 0.00405022
threshold=0.35000000000000003 1.0000000180025095e-35 0.15000000000000005 0.75000000000000011 0.45000000000000007 0.25000000000000006
decision_type=2 2 2 2 2 2
left_child=1 -1 -3 4 -2 -4
right_child=3 2 5 -5 -6 -7
leaf_value=0.0074597388471424556 -0.025666922987407054 -0.0090678953513515601 0.0022450772105922965 -0.015051663838755015 -0.057591484093068725 0.005945574292247735
leaf_weight=10.992743924260141 0.69294182246085156 4.7969074430875507 5.1809608722105605 4.7096348498016596 0.04243302287068218 6.8926090802997351
leaf_count=16 32 30 22 78 12 20
internal_value=0 0.0327016 0.00540253 -0.167341 -0.275091 0.0435763
internal_weight=0 27.8632 16.8705 5.44501 0.735375 12.0736
internal_count=210 88 72 122 44 42
shrinkage=0.1


Tree=24
num_leaves=7
num_cat=0
split_feature=0 0 0 0 0 0
split_gain=0.170619 0.0299224 0.0581383 0.00861913 0.00376749 0.00361223
threshold=0.35000000000000003 1.0000000180025095e-35 0.15000000000000005 0.75000000000000011 0.25000000000000006 0.45000000000000007
decision_type=2 2 2 2 2 2
left_child=1 -1 -3 5 -4 -2
right_child=3 2 4 -5 -6 -7
leaf_value=0.0072231509201910668 -0.024630259180400602 -0.008798007984880991 0.002181956410790054 -0.014653396253848315 0.005753410889488139 -0.055289395234706717
leaf_weight=10.983704827725889 0.68792225373908777 4.7955643073655692 5.1766688562929613 4.6964967725798488 6.8781670182943344 0.040702391183003776
leaf_count=16 32 30 22 78 20 12
internal_value=0 0.0316208 0.0051493 -0.162234 0.0421973 -0.263429
internal_weight=0 27.8341 16.8504 5.42512 12.0548 0.728625
internal_count=210 88 72 122 42 44
shrinkage=0.1


Tree=25
num_leaves=7
num_cat=0
split_feature=0 0 0 0 0 0
split_gain=0.160065 0.0281608 0.0547201 0.00754572 0.00351008 0.00320698
threshold=0.35000000000000003 1.0000000180025095e-35 0.15000000000000005 0.75000000000000011 0.25000000000000006 0.45000000000000007
decision_type=2 2 2 2 2 2
left_child=1 -1 -3 5 -4 -2
right_child=3 2 4 -5 -6 -7
leaf_value=0.0070020827085045326 -0.023661718995176693 -0.0085434087647969278 0.0021225512085272439 -0.014276675830367697 0.0055720556643867577 -0.053089848449238468
leaf_weight=10.975128680467607 0.68326572037767519 4.7942391587421325 5.1727080224081856 4.684065866516903 6.8645760044455528 0.03915354871423915
leaf_count=16 32 30 22 78 20 12
internal_value=0 0.0306109 0.0049134 -0.157438 0.0408972 -0.252567
internal_weight=0 27.8067 16.8315 5.40649 12.0373 0.722419
internal_count=210 88 72 122 42 44
shrinkage=0.1


Tree=26
num_leaves=7
num_cat=0
split_feature=0 0 0 0 0 0
split_gain=0.150482 0.0265601 0.0515826 0.00662116 0.0032762 0.00285181
threshold=0.35000000000000003 1.0000000180025095e-35 0.15000000000000005 0.75000000000000011 0.25000000000000006 0.45000000000000007
decision_type=2 2 2 2 2 2
left_child=1 -1 -3 5 -4 -2
right_child=3 2 4 -5 -6 -7
leaf_value=0.0067950892576559077 -0.022754949181915687 -0.0083023897366740953 0.0020661210848180083 -0.013920072060464125 0.0054007364403177039 -0.050989526560589242
leaf_weight=10.966979220509531 0.67893715167883684 4.7929244874976602 5.1690411604940874 4.6722893810365349 6.8517535645514727 0.037762899068184197
leaf_count=16 32 30 22 78 20 12
internal_value=0 0.0296657 0.00469358 -0.152929 0.0396682 -0.242426
internal_weight=0 27.7807 16.8137 5.38899 12.0208 0.7167
internal_count=210 88 72 122 42 44
shrinkage=0.1


Tree=27
num_leaves=7
num_cat=0
split_feature=0 0 0 0 0 0
split_gain=0.141746 0.0251 0.0486976 0.00582239 0.00306138 0.00254053
threshold=0.35000000000000003 1.0000000180025095e-35 0.15000000000000005 0.75000000000000011 0.25000000000000006 0.45000000000000007
decision_type=2 2 2 2 2 2
left_child=1 -1 -3 5 -4 -2
right_child=3 2 4 -5 -6 -7
leaf_value=0.0066007318236412111 -0.021904228221591982 -0.0080740330962928639 0.0020129876623191144 -0.01358160177621893 0.005238257873750863 -0.048986787219955419
leaf_weight=10.95921788364649 0.67490420280955632 4.7916306764818755 5.16563508287072 4.6611068621277809 6.8396217115223408 0.036511258484097198
leaf_count=16 32 30 22 78 20 12
internal_value=0 0.0287782 0.0044879 -0.148677 0.0385049 -0.232942
internal_weight=0 27.7561 16.7969 5.37252 12.0053 0.711415
internal_count=210 88 72 122 42 44
shrinkage=0.1


Tree=28
num_leaves=7
num_cat=0
split_feature=0 0 0 0 0 0
split_gain=0.133763 0.0237607 0.0460412 0.00513032 0.00286528 0.0022673
threshold=0.35000000000000003 1.0000000180025095e-35 0.15000000000000005 0.75000000000000011 0.25000000000000006 0.45000000000000007
decision_type=2 2 2 2 2 2
left_child=1 -1 -3 5 -4 -2
right_child=3 2 4 -5 -6 -7
leaf_value=0.0064176301784239567 -0.021105164891306219 -0.007857360678202403 0.0019626767924376307 -0.013260065395636365 0.0050846204285466276 -0.047078168853443611
leaf_weight=10.951819017529489 0.67114139022305508 4.79035640601069 5.1624572360888106 4.6504764601122588 6.8281226251274347 0.035381510999286547
leaf_count=16 32 30 22 78 20 12
internal_value=0 0.0279438 0.00429719 -0.144663 0.0374049 -0.224059
internal_weight=0 27.7328 16.7809 5.357 11.9906 0.706523
internal_count=210 88 72 122 42 44
shrinkage=0.1


Tree=29
num_leaves=7
num_cat=0
split_feature=0 0 0 0 0 0
split_gain=0.126443 0.0225342 0.0435869 0.00452733 0.00268383 0.00202729
threshold=0.35000000000000003 1.0000000180025095e-35 0.15000000000000005 0.75000000000000011 0.25000000000000006 0.45000000000000007
decision_type=2 2 2 2 2 2
left_child=1 -1 -3 5 -4 -2
right_child=3 2 4 -5 -6 -7
leaf_value=0.0062451773141954381 -0.020351869366525163 -0.0076515189044263649 0.0019151881302760518 -0.012954128365483498 0.0049381969572372241 -0.045259769971240926
leaf_weight=10.944747716188433 0.66761760064400633 4.7891032514162388 5.1594886267557722 4.6403543087653816 6.8172019366174936 0.03435864977655001
leaf_count=16 32 30 22 78 20 12
internal_value=0 0.0271572 0.00411681 -0.140864 0.036359 -0.21571
internal_weight=0 27.7105 16.7658 5.34233 11.9767 0.701976
internal_count=210 88 72 122 42 44
shrinkage=0.1


Tree=30
num_leaves=7
num_cat=0
split_feature=0 0 0 0 0 0
split_gain=0.119721 0.0214009 0.0413137 0.00400223 0.00251859 0.00181591
threshold=0.35000000000000003 1.0000000180025095e-35 0.15000000000000005 0.75000000000000011 0.25000000000000006 0.45000000000000007
decision_type=2 2 2 2 2 2
left_child=1 -1 -3 5 -4 -2
right_child=3 2 4 -5 -6 -7
leaf_value=0.0060819829366444275 -0.019642608124041394 -0.0074551484345561957 0.0018697381822203791 -0.012662858993978919 0.0047996225842634188 -0.043528367197020919
leaf_weight=10.937991142272951 0.66432112187612702 4.7878658073022988 5.1567045468837005 4.6307081708218902 6.806806668639183 0.033430269919335842
leaf_count=16 32 30 22 78 20 12
internal_value=0 0.0264153 0.00395045 -0.137267 0.0353674 -0.20787
internal_weight=0 27.6894 16.7514 5.32846 11.9635 0.697751
internal_count=210 88 72 122 42 44
shrinkage=0.1


Tree=31
num_leaves=7
num_cat=0
split_feature=0 0 0 0 0 0
split_gain=0.113521 0.0203552 0.0392074 0.00354245 0.00236505 0.00162976
threshold=0.35000000000000003 1.0000000180025095e-35 0.15000000000000005 0.75000000000000011 0.25000000000000006 0.45000000000000007
decision_type=2 2 2 2 2 2
left_child=1 -1 -3 5 -4 -2
right_child=3 2 4 -5 -6 -7
leaf_value=0.0059274729832039094 -0.018971911520346132 -0.0072682314725507034 0.0018268898238673469 -0.012384728790489526 0.0046673647538757086 -0.041880362126719535
leaf_weight=10.93151578307152 0.66122381552122433 4.7866560039110508 5.1540897516533715 4.6214915253221989 6.7968947179615498 0.032585410750471056
leaf_count=16 32 30 22 78 20 12
internal_value=0 0.0257128 0.00379326 -0.13385 0.0344236 -0.200478
internal_weight=0 27.6692 16.7376 5.3153 11.951 0.693809
internal_count=210 88 72 122 42 44
shrinkage=0.1


Tree=32
num_leaves=7
num_cat=0
split_feature=0 0 0 0 0 0
split_gain=0.107798 0.019388 0.0372478 0.00314015 0.00222435 0.00146555
threshold=0.35000000000000003 1.0000000180025095e-35 0.15000000000000005 0.75000000000000011 0.25000000000000006 0.45000000000000007
decision_type=2 2 2 2 2 2
left_child=1 -1 -3 5 -4 -2
right_child=3 2 4 -5 -6 -7
leaf_value=0.0057810455466928146 -0.018338449486195219 -0.0070895846665008939 0.0017855883089787873 -0.012119059568928331 0.004541478447507085 -0.040313528075660798
leaf_weight=10.925308696925642 0.65831678756512602 4.7854604092426625 5.1516296342015249 4.612684125546366 6.7874295171350241 0.03181531306472607
leaf_count=16 32 30 22 78 20 12
internal_value=0 0.0250477 0.00364538 -0.130603 0.0335233 -0.193515
internal_weight=0 27.6498 16.7245 5.30282 11.9391 0.690132
internal_count=210 88 72 122 42 44
shrinkage=0.1


Tree=33
num_leaves=7
num_cat=0
split_feature=0 0 0 0 0 0
split_gain=0.102504 0.0184911 0.0354284 0.00278596 0.00209375 0.00132035
threshold=0.35000000000000003 1.0000000180025095e-35 0.15000000000000005 0.75000000000000011 0.25000000000000006 0.45000000000000007
decision_type=2 2 2 2 2 2
left_child=1 -1 -3 5 -4 -2
right_child=3 2 4 -5 -6 -7
leaf_value=0.005642030053030162 -0.017738044693016396 -0.0069193111842498897 0.0017465743830452421 -0.011865257835648797 0.0044214476486518833 -0.038822227841155771
leaf_weight=10.919353500008585 0.65557787660509248 4.7842893968336311 5.149303410202263 4.6042593764141202 6.7783782761543989 0.031110860087210312
leaf_count=16 32 30 22 78 20 12
internal_value=0 0.0244169 0.00350641 -0.127514 0.0326668 -0.186933
internal_weight=0 27.6313 16.712 5.29095 11.9277 0.686689
internal_count=210 88 72 122 42 44
shrinkage=0.1


Tree=34
num_leaves=7
num_cat=0
split_feature=0 0 0 0 0 0
split_gain=0.0975913 0.0176547 0.0337301 0.00247417 0.00197322 0.00119182
threshold=0.35000000000000003 1.0000000180025095e-35 0.15000000000000005 0.75000000000000011 0.25000000000000006 0.45000000000000007
decision_type=2 2 2 2 2 2
left_child=1 -1 -3 5 -4 -2
right_child=3 2 4 -5 -6 -7
leaf_value=0.0055095533189475467 -0.017168720503234727 -0.006756062945195063 0.0017091845131467613 -0.011622156018839522 0.0043069574959873286 -0.037403805814443324
leaf_weight=10.913628712296488 0.65299667709041287 4.7831394649110761 5.1471042111515981 4.5961850034072995 6.7697075847536325 0.030465281306533143
leaf_count=16 32 30 22 78 20 12
internal_value=0 0.0238173 0.00337666 -0.124569 0.0318493 -0.180707
internal_weight=0 27.6136 16.7 5.27965 11.9168 0.683462
internal_count=210 88 72 122 42 44
shrinkage=0.1


Tree=35
num_leaves=7
num_cat=0
split_feature=0 0 0 0 0 0
split_gain=0.093027 0.0168776 0.0321462 0.00219914 0.00186106 0.00107784
threshold=0.35000000000000003 1.0000000180025095e-35 0.15000000000000005 0.75000000000000011 0.25000000000000006 0.45000000000000007
decision_type=2 2 2 2 2 2
left_child=1 -1 -3 5 -4 -2
right_child=3 2 4 -5 -6 -7
leaf_value=0.0053835610538936875 -0.016628373627698319 -0.0066000344758359482 0.001673547476669467 -0.011389225389489235 0.0041973728706366327 -0.036054679299255411
leaf_weight=10.908121667802336 0.65056169696617772 4.7820113766938475 5.145021425560115 4.588442622218281 6.7613950930535793 0.029872390470700335
leaf_count=16 32 30 22 78 20 12
internal_value=0 0.023247 0.00325321 -0.12176 0.0310677 -0.174812
internal_weight=0 27.5965 16.6884 5.26888 11.9064 0.680434
internal_count=210 88 72 122 42 44
shrinkage=0.1


Tree=36
num_leaves=7
num_cat=0
split_feature=0 0 0 0 0 0
split_gain=0.0887772 0.0161507 0.0306658 0.00195612 0.00175751 0.000976598
threshold=0.35000000000000003 1.0000000180025095e-35 0.15000000000000005 0.75000000000000011 0.25000000000000006 0.45000000000000007
decision_type=2 2 2 2 2 2
left_child=1 -1 -3 5 -4 -2
right_child=3 2 4 -5 -6 -7
leaf_value=0.0052632492495491151 -0.016114901593863525 -0.0064504661895103737 0.0016393183657952299 -0.011165746337592769 0.0040928182621910872 -0.03477155681766142
leaf_weight=10.90281902253628 0.64826121460646291 4.7809057775884893 5.1430410565808398 4.5810072494205087 6.7534146476536989 0.02932675278862007
leaf_count=16 32 30 22 78 20 12
internal_value=0 0.0227035 0.00313749 -0.119075 0.0303213 -0.169224
internal_weight=0 27.5802 16.6774 5.2586 11.8965 0.677588
internal_count=210 88 72 122 42 44
shrinkage=0.1


Tree=37
num_leaves=7
num_cat=0
split_feature=0 0 0 0 0 0
split_gain=0.0848122 0.0154708 0.0292782 0.00174063 0.00166148 0.000886577
threshold=0.35000000000000003 1.0000000180025095e-35 0.15000000000000005 0.75000000000000011 0.25000000000000006 0.45000000000000007
decision_type=2 2 2 2 2 2
left_child=1 -1 -3 5 -4 -2
right_child=3 2 4 -5 -6 -7
leaf_value=0.005148304372802324 -0.015625849653972592 -0.006306792337166512 0.0016063438250348431 -0.010951139292991803 0.0039927058745949009 -0.033550971748544225
leaf_weight=10.897703446447851 0.64608257624786247 4.7798184528946903 5.1411602571606618 4.5738626946695149 6.7457442916929722 0.028823557368014008
leaf_count=16 32 30 22 78 20 12
internal_value=0 0.022185 0.00302814 -0.116507 0.0296059 -0.163914
internal_weight=0 27.5644 16.6667 5.24877 11.8869 0.674906
internal_count=210 88 72 122 42 44
shrinkage=0.1


Tree=38
num_leaves=7
num_cat=0
split_feature=0 0 0 0 0 0
split_gain=0.0811109 0.0148336 0.0279802 0.00157207 0.0015497 0.000806235
threshold=0.35000000000000003 1.0000000180025095e-35 0.15000000000000005 0.25000000000000006 0.75000000000000011 0.45000000000000007
decision_type=2 2 2 2 2 2
left_child=1 -1 -3 -4 5 -2
right_child=4 2 3 -5 -6 -7
leaf_value=0.0050384104715887291 -0.015160517849930692 -0.0061691240488035383 0.0015749151768942881 0.0038969614301809633 -0.010745049174037498 -0.032389039318816246
leaf_weight=10.89277706295252 0.64402205578517069 4.7787526319734779 5.1393682071939093 6.7383593562990427 4.5669960603117943 0.028358292998746041
leaf_count=16 32 30 22 20 78 12
internal_value=0 0.0216902 0.00292527 0.0289224 -0.114049 -0.158871
internal_weight=0 27.5493 16.6565 11.8777 5.23938 0.67238
internal_count=210 88 72 42 122 44
shrinkage=0.1


Tree=39
num_leaves=7
num_cat=0
split_feature=0 0 0 0 0 0
split_gain=0.0776465 0.014235 0.0267592 0.00148843 0.00137996 0.000734539
threshold=0.35000000000000003 1.0000000180025095e-35 0.15000000000000005 0.25000000000000006 0.75000000000000011 0.45000000000000007
decision_type=2 2 2 2 2 2
left_child=1 -1 -3 -4 5 -2
right_child=4 2 3 -5 -6 -7
leaf_value=0.0049331249442828148 -0.014716538425213711 -0.0060364742307908968 0.0015447846749200231 0.0038049451715345879 -0.010546788505925888 -0.03128325503732448
leaf_weight=10.888015396893026 0.64206670853309233 4.7777077509090331 5.1376561699435097 6.7312456127256155 4.5603832190390676 0.027927546645514667
leaf_count=16 32 30 22 20 78 12
internal_value=0 0.0212169 0.00282825 0.028266 -0.111694 -0.154071
internal_weight=0 27.5346 16.6466 11.8689 5.23038 0.669994
internal_count=210 88 72 42 122 44
shrinkage=0.1


Tree=40
num_leaves=7
num_cat=0
split_feature=0 0 0 0 0 0
split_gain=0.0743987 0.0136736 0.0256109 0.00141066 0.00122912 0.000670431
threshold=0.35000000000000003 1.0000000180025095e-35 0.15000000000000005 0.25000000000000006 0.75000000000000011 0.45000000000000007
decision_type=2 2 2 2 2 2
left_child=1 -1 -3 -4 5 -2
right_child=4 2 3 -5 -6 -7
leaf_value=0.0048323204570998521 -0.014292906072746145 -0.0059088989330812105 0.0015155927646170607 0.0037166009660976394 -0.010355818185429664 -0.03023079984818269
leaf_weight=10.883412621915342 0.64021211944054712 4.7766792871989336 5.1360251642763597 6.7243855968117714 4.5540110603906214 0.027528094928129576
leaf_count=16 32 30 22 20 78 12
internal_value=0 0.0207639 0.00273549 0.0276348 -0.109433 -0.1495
internal_weight=0 27.5205 16.6371 11.8604 5.22175 0.66774
internal_count=210 88 72 42 122 44
shrinkage=0.1


Tree=41
num_leaves=7
num_cat=0
split_feature=0 0 0 0 0 0
split_gain=0.071352 0.0131427 0.0245326 0.00133842 0.00109458 0.00061295
threshold=0.35000000000000003 1.0000000180025095e-35 0.15000000000000005 0.25000000000000006 0.75000000000000011 0.45000000000000007
decision_type=2 2 2 2 2 2
left_child=1 -1 -3 -4 5 -2
right_child=4 2 3 -5 -6 -7
leaf_value=0.0047353858052708621 -0.013887982166653427 -0.005786179834840444 0.0014876267729845543 0.0036321763470394544 -0.01017200069495979 -0.0292277929346644
leaf_weight=10.878964655101301 0.63844862056430329 4.7756742890924242 5.1344583891332132 6.7177685014903545 4.5478710473980755 0.027156607713550329
leaf_count=16 32 30 22 20 78 12
internal_value=0 0.02033 0.00264938 0.0270314 -0.107263 -0.145138
internal_weight=0 27.5069 16.6279 11.8522 5.21348 0.665605
internal_count=210 88 72 42 122 44
shrinkage=0.1


Tree=42
num_leaves=7
num_cat=0
split_feature=0 0 0 0 0 0
split_gain=0.068486 0.0126446 0.0235161 0.00127035 0.00097479 0.00056136
threshold=0.35000000000000003 1.0000000180025095e-35 0.15000000000000005 0.25000000000000006 0.75000000000000011 0.45000000000000007
decision_type=2 2 2 2 2 2
left_child=1 -1 -3 -4 5 -2
right_child=4 2 3 -5 -6 -7
leaf_value=0.0046424836973078766 -0.013500897733222859 -0.0056680700365372184 0.0014607176763431345 0.0035506265623754252 -0.0099945390197656719 -0.028272279241288147
leaf_weight=10.874659761786463 0.63677291269414027 4.7746886578388539 5.1329635223373753 6.7113698832690716 4.5419407146982849 0.026810822615516369
leaf_count=16 32 30 22 20 78 12
internal_value=0 0.0199135 0.0025658 0.0264493 -0.105176 -0.140977
internal_weight=0 27.4937 16.619 11.8443 5.20552 0.663584
internal_count=210 88 72 42 122 44
shrinkage=0.1


Tree=43
num_leaves=7
num_cat=0
split_feature=0 0 0 0 0 0
split_gain=0.0657906 0.0121734 0.0225567 0.00120698 0.000867826 0.00051496
threshold=0.35000000000000003 1.0000000180025095e-35 0.15000000000000005 0.25000000000000006 0.75000000000000011 0.45000000000000007
decision_type=2 2 2 2 2 2
left_child=1 -1 -3 -4 5 -2
right_child=4 2 3 -5 -6 -7
leaf_value=0.0045530942109516179 -0.013130467750661193 -0.0055539948287541517 0.0014347007874868441 0.0034723839237677887 -0.009823460933774647 -0.027361337493660307
leaf_weight=10.870490930974485 0.6351784277940159 4.7737203137949136 5.1315285973250848 6.7051880676299334 4.5362185167614371 0.02648832522390876
leaf_count=16 32 30 22 20 78 12
internal_value=0 0.019514 0.00248758 0.0258899 -0.103169 -0.137002
internal_weight=0 27.4809 16.6104 11.8367 5.19789 0.661667
internal_count=210 88 72 42 122 44
shrinkage=0.1


Tree=44
num_leaves=7
num_cat=0
split_feature=0 0 0 0 0 0
split_gain=0.0632493 0.0117293 0.0216521 0.00114689 0.000772291 0.000473212
threshold=0.35000000000000003 1.0000000180025095e-35 0.15000000000000005 0.25000000000000006 0.75000000000000011 0.45000000000000007
decision_type=2 2 2 2 2 2
left_child=1 -1 -3 -4 5 -2
right_child=4 2 3 -5 -6 -7
leaf_value=0.0044671960827601621 -0.012775538481149562 -0.0054442144008765266 0.0014099117645117907 0.00339676112470709 -0.0096581587124576901 -0.026493091372443218
leaf_weight=10.866449832916262 0.63365868269465764 4.7727719857357469 5.1301507493481022 6.6992027256637812 4.5306872364599258 0.026187247189227488
leaf_count=16 32 30 22 20 78 12
internal_value=0 0.0191299 0.00241214 0.025351 -0.101237 -0.133199
internal_weight=0 27.4686 16.6021 11.8294 5.19053 0.659846
internal_count=210 88 72 42 122 44
shrinkage=0.1


Tree=45
num_leaves=7
num_cat=0
split_feature=0 0 0 0 0 0
split_gain=0.060855 0.0113071 0.0207977 0.00109124 0.000686778 0.000435474
threshold=0.35000000000000003 1.0000000180025095e-35 0.15000000000000005 0.25000000000000006 0.75000000000000011 0.45000000000000007
decision_type=2 2 2 2 2 2
left_child=1 -1 -3 -4 5 -2
right_child=4 2 3 -5 -6 -7
leaf_value=0.0043843158935006647 -0.012435372237516654 -0.0053381092562848438 0.0013858598400050999 0.0033244132018906344 -0.0094987453137796926 -0.025663769380686464
leaf_weight=10.86253394931555 0.63220981671474763 4.7718413290567723 5.1288241706788522 6.6934120710939169 4.5253453101031482 0.025905271773808639
leaf_count=16 32 30 22 20 78 12
internal_value=0 0.0187611 0.00234233 0.0248341 -0.099377 -0.129561
internal_weight=0 27.4566 16.5941 11.8222 5.18346 0.658115
internal_count=210 88 72 42 122 44
shrinkage=0.1


Tree=46
num_leaves=7
num_cat=0
split_feature=0 0 0 0 0 0
split_gain=0.0585919 0.0109082 0.0199877 0.00103934 0.000610361 0.000401407
threshold=0.35000000000000003 1.0000000180025095e-35 0.15000000000000005 0.25000000000000006 0.75000000000000011 0.45000000000000007
decision_type=2 2 2 2 2 2
left_child=1 -1 -3 -4 5 -2
right_child=4 2 3 -5 -6 -7
leaf_value=0.0043045277367940813 -0.012109057167458137 -0.0052354673908779634 0.0013622645789409388 0.0032546283967721172 -0.0093444797735059669 -0.024872698666413319
leaf_weight=10.858733847737314 0.63082809757906844 4.7709240112453726 5.1275506066158396 6.6877981871366501 4.5201735273003578 0.025641271975473501
leaf_count=16 32 30 22 20 78 12
internal_value=0 0.0184059 0.00227499 0.0243339 -0.0975829 -0.126076
internal_weight=0 27.445 16.5863 11.8153 5.17664 0.656469
internal_count=210 88 72 42 122 44
shrinkage=0.1


Tree=47
num_leaves=7
num_cat=0
split_feature=0 0 0 0 0 0
split_gain=0.0564519 0.0105295 0.0192222 0.000989892 0.000541887 0.000370547
threshold=0.35000000000000003 1.0000000180025095e-35 0.15000000000000005 0.25000000000000006 0.75000000000000011 0.45000000000000007
decision_type=2 2 2 2 2 2
left_child=1 -1 -3 -4 5 -2
right_child=4 2 3 -5 -6 -7
leaf_value=0.0042275340696293377 -0.011795581344184895 -0.005136430240244824 0.0013399321788761776 0.0031871867905548311 -0.0091952583266989296 -0.024116648236511416
leaf_weight=10.855043806135656 0.62950748729053785 4.7700290912762311 5.1263229018077237 6.6823538951575756 4.5151672214269638 0.025393405856448226
leaf_count=16 32 30 22 20 78 12
internal_value=0 0.0180639 0.00221122 0.0238527 -0.0958516 -0.122733
internal_weight=0 27.4337 16.5787 11.8087 5.17007 0.654901
internal_count=210 88 72 42 122 44
shrinkage=0.1


Tree=48
num_leaves=7
num_cat=0
split_feature=0 0 0 0 0 0
split_gain=0.054427 0.0101695 0.0184965 0.000943862 0.000480752 0.00034256
threshold=0.35000000000000003 1.0000000180025095e-35 0.15000000000000005 0.25000000000000006 0.75000000000000011 0.45000000000000007
decision_type=2 2 2 2 2 2
left_child=1 -1 -3 -4 5 -2
right_child=4 2 3 -5 -6 -7
leaf_value=0.0041531607719997796 -0.011494939771881332 -0.0050405478107180095 0.0013181209457026081 0.0031223435966304183 -0.0090508313873954565 -0.023394598336906318
leaf_weight=10.851459093391897 0.62824820110108603 4.76915085455403 5.1251386674121004 6.6770768072456121 4.5103183339815587 0.025160622186376717
leaf_count=16 32 30 22 20 78 12
internal_value=0 0.0177343 0.00215103 0.0233886 -0.0941809 -0.119532
internal_weight=0 27.4228 16.5714 11.8022 5.16373 0.653409
internal_count=210 88 72 42 122 44
shrinkage=0.1


Tree=49
num_leaves=7
num_cat=0
split_feature=0 0 0 0 0 0
split_gain=0.0525056 0.00982808 0.0178103 0.000900328 0.000425864 0.000317166
threshold=0.35000000000000003 1.0000000180025095e-35 0.15000000000000005 0.25000000000000006 0.75000000000000011 0.45000000000000007
decision_type=2 2 2 2 2 2
left_child=1 -1 -3 -4 5 -2
right_child=4 2 3 -5 -6 -7
leaf_value=0.004081364816723553 -0.011205298817904405 -0.0049481784428780729 0.0012971591025476392 0.0030596873393772036 -0.0089107699930262765 -0.022704083204072575
leaf_weight=10.847979679703714 0.6270414749160399 4.7682921476662186 5.1239952882751805 6.6719487495720387 4.5056150590535253 0.024941545125329867
leaf_count=16 32 30 22 20 78 12
internal_value=0 0.0174159 0.00209267 0.0229407 -0.0925643 -0.116452
internal_weight=0 27.4122 16.5642 11.7959 5.1576 0.651983
internal_count=210 88 72 42 122 44
shrinkage=0.1


Tree=50
num_leaves=7
num_cat=0
split_feature=0 0 0 0 0 0
split_gain=0.0506867 0.0095034 0.0171556 0.000860017 0.000376784 0.000294057
threshold=0.35000000000000003 1.0000000180025095e-35 0.15000000000000005 0.25000000000000006 0.75000000000000011 0.45000000000000007
decision_type=2 2 2 2 2 2
left_child=1 -1 -3 -4 5 -2
right_child=4 2 3 -5 -6 -7
leaf_value=0.0040120387484014561 -0.010927218074347473 -0.0048582097662587323 0.0012763307125848251 0.0029993329522017445 -0.0087753152039232833 -0.022043869252059225
leaf_weight=10.844593420624735 0.62588955392129619 4.7674392806366113 5.1228945814073068 6.6669708527624607 4.5010610471945256 0.024735248429351486
leaf_count=16 32 30 22 20 78 12
internal_value=0 0.0171093 0.00203762 0.0225066 -0.0910046 -0.113498
internal_weight=0 27.4019 16.5573 11.7899 5.15169 0.650625
internal_count=210 88 72 42 122 44
shrinkage=0.1


Tree=51
num_leaves=7
num_cat=0
split_feature=0 0 0 0 0 0
split_gain=0.0489595 0.00919429 0.0165343 0.000820979 0.000332714 0.000273023
threshold=0.35000000000000003 1.0000000180025095e-35 0.15000000000000005 0.25000000000000006 0.75000000000000011 0.45000000000000007
decision_type=2 2 2 2 2 2
left_child=1 -1 -3 -4 5 -2
right_child=4 2 3 -5 -6 -7
leaf_value=0.003944980987063247 -0.010659153566781395 -0.0047711666632100297 0.0012567876550962601 0.0029405958002287898 -0.0086439956691493607 -0.021411980473696253
leaf_weight=10.841298967599871 0.62478493165690352 4.7666072896681753 5.1218297043815237 6.6621281001716852 4.4966428256593645 0.02454065004712902
leaf_count=16 32 30 22 20 78 12
internal_value=0 0.0168131 0.00198507 0.0220874 -0.0894955 -0.110655
internal_weight=0 27.3919 16.5506 11.784 5.14597 0.649326
internal_count=210 88 72 42 122 44
shrinkage=0.1


Tree=52
num_leaves=7
num_cat=0
split_feature=0 0 0 0 0 0
split_gain=0.0473184 0.00889886 0.0159441 0.000784749 0.000293261 0.000253807
threshold=0.35000000000000003 1.0000000180025095e-35 0.15000000000000005 0.25000000000000006 0.75000000000000011 0.45000000000000007
decision_type=2 2 2 2 2 2
left_child=1 -1 -3 -4 5 -2
right_child=4 2 3 -5 -6 -7
leaf_value=0.0038799814915897578 -0.010401056936201065 -0.004686798222173944 0.0012375988646020225 0.0028841808767547839 -0.0085166315767752528 -0.020806503571105962
leaf_weight=10.838092148303987 0.62372701778076489 4.7657887730747488 5.120796971023081 6.6574221253395081 4.4923545485362411 0.024356752895982936
leaf_count=16 32 30 22 20 78 12
internal_value=0 0.0165269 0.00193569 0.021683 -0.0880352 -0.107921
internal_weight=0 27.3821 16.544 11.7782 5.14044 0.648084
internal_count=210 88 72 42 122 44
shrinkage=0.1


Tree=53
num_leaves=7
num_cat=0
split_feature=0 0 0 0 0 0
split_gain=0.045756 0.0086183 0.0153824 0.000750851 0.000257972 0.000236274
threshold=0.35000000000000003 1.0000000180025095e-35 0.15000000000000005 0.25000000000000006 0.75000000000000011 0.45000000000000007
decision_type=2 2 2 2 2 2
left_child=1 -1 -3 -4 5 -2
right_child=4 2 3 -5 -6 -7
leaf_value=0.0038171507466491041 -0.010152266557468551 -0.0046050895907627787 0.0012186573922824875 0.002829613457060242 -0.0083928573746517871 -0.02022681959575974
leaf_weight=10.834974288940431 0.62271330447401751 4.7649858552031246 5.11980108078569 6.6528391800820827 4.4881848092190921 0.024183005036320537
leaf_count=16 32 30 22 20 78 12
internal_value=0 0.0162497 0.00188725 0.0212903 -0.0866195 -0.105289
internal_weight=0 27.3726 16.5376 11.7726 5.13508 0.646896
internal_count=210 88 72 42 122 44
shrinkage=0.1


Tree=54
num_leaves=7
num_cat=0
split_feature=0 0 0 0 0 0
split_gain=0.0442701 0.00834899 0.0148481 0.000718299 0.000226403 0.000220215
threshold=0.35000000000000003 1.0000000180025095e-35 0.15000000000000005 0.25000000000000006 0.75000000000000011 0.45000000000000007
decision_type=2 2 2 2 2 2
left_child=1 -1 -3 -4 5 -2
right_child=4 2 3 -5 -6 -7
leaf_value=0.0037561060898086023 -0.0099125565584804246 -0.0045257619781341445 0.001200793710401663 0.0027767572636803188 -0.0082727916938034798 -0.019671021284778618
leaf_weight=10.831932898610832 0.62174144189339031 4.764199749100956 5.1188328657299262 6.6483796453103423 4.4841380764264613 0.024018486816203225
leaf_count=16 32 30 22 20 78 12
internal_value=0 0.0159819 0.00184253 0.020912 -0.085249 -0.102755
internal_weight=0 27.3633 16.5314 11.7672 5.1299 0.64576
internal_count=210 88 72 42 122 44
shrinkage=0.1


Tree=55
num_leaves=7
num_cat=0
split_feature=0 0 0 0 0 0
split_gain=0.0428533 0.00809284 0.0143381 0.00068772 0.000198143 0.000205518
threshold=0.35000000000000003 1.0000000180025095e-35 0.15000000000000005 0.25000000000000006 0.75000000000000011 0.45000000000000007
decision_type=2 2 2 2 2 2
left_child=1 -1 -3 -4 5 -2
right_child=4 2 3 -5 -6 -7
leaf_value=0.0036970435255101151 -0.0096810437393448565 -0.0044487429428583239 0.0011831489361012024 0.0027255006221258266 -0.0081560491906302098 -0.019138098620359052
leaf_weight=10.82896674051881 0.62080838775727798 4.7634265800006714 5.1178970634937269 6.6440385589376092 4.4802001249045134 0.023862642847234383
leaf_count=16 32 30 22 20 78 12
internal_value=0 0.0157224 0.00179863 0.0205439 -0.0839192 -0.100311
internal_weight=0 27.3543 16.5254 11.7619 5.12487 0.644671
internal_count=210 88 72 42 122 44
shrinkage=0.1


Tree=56
num_leaves=7
num_cat=0
split_feature=0 0 0 0 0 0
split_gain=0.0415036 0.0078476 0.0138546 0.000658583 0.00017283 0.000192022
threshold=0.35000000000000003 1.0000000180025095e-35 0.15000000000000005 0.25000000000000006 0.75000000000000011 0.45000000000000007
decision_type=2 2 2 2 2 2
left_child=1 -1 -3 -4 5 -2
right_child=4 2 3 -5 -6 -7
leaf_value=0.0036397220953214358 -0.0094574292579722198 -0.0043743411707082179 0.0011663771669879195 0.0026759877473899693 -0.0080427362135779955 -0.018626364118236156
leaf_weight=10.826082941144707 0.61991155304713075 4.76267206296325 5.1169846504926664 6.639808108098805 4.4763759225606918 0.023714712297078226
leaf_count=16 32 30 22 20 78 12
internal_value=0 0.0154712 0.00175722 0.0201895 -0.0826304 -0.0979526
internal_weight=0 27.3455 16.5195 11.7568 5.12 0.643626
internal_count=210 88 72 42 122 44
shrinkage=0.1


Tree=57
num_leaves=7
num_cat=0
split_feature=0 0 0 0 0 0
split_gain=0.0402157 0.00761256 0.0133902 0.000631418 0.000150294 0.000179628
threshold=0.35000000000000003 1.0000000180025095e-35 0.15000000000000005 0.25000000000000006 0.75000000000000011 0.45000000000000007
decision_type=2 2 2 2 2 2
left_child=1 -1 -3 -4 5 -2
right_child=4 2 3 -5 -6 -7
leaf_value=0.0035840358938231081 -0.0092417138818375079 -0.0043015383953983874 0.0011496374668031519 0.0026280583693474822 -0.0079325006806818584 -0.018135417149762457
leaf_weight=10.823263142257931 0.61905151058453967 4.7619233829900649 5.1161031201481801 6.6356830960139632 4.4726532222703099 0.023574360937345773
leaf_count=16 32 30 22 20 78 12
internal_value=0 0.0152277 0.00171798 0.0198443 -0.0813796 -0.0956797
internal_weight=0 27.337 16.5137 11.7518 5.11528 0.642626
internal_count=210 88 72 42 122 44
shrinkage=0.1


Tree=58
num_leaves=7
num_cat=0
split_feature=0 0 0 0 0 0
split_gain=0.0389858 0.00738808 0.0129484 0.000605554 0.000130151 0.000168234
threshold=0.35000000000000003 1.0000000180025095e-35 0.15000000000000005 0.25000000000000006 0.75000000000000011 0.45000000000000007
decision_type=2 2 2 2 2 2
left_child=1 -1 -3 -4 5 -2
right_child=4 2 3 -5 -6 -7
leaf_value=0.003530031441334831 -0.0090330269326935313 -0.0042310989730183759 0.0011335065886393632 0.0025815904381031526 -0.0078253101439559759 -0.017663820764230481
leaf_weight=10.820514794439079 0.61822396639035915 4.7611919729970422 5.1152446158230287 6.6316632339730859 4.4690307506825775 0.023440956370905042
leaf_count=16 32 30 22 20 78 12
internal_value=0 0.0149916 0.00167998 0.0195102 -0.0801653 -0.0934832
internal_weight=0 27.3286 16.5081 11.7469 5.1107 0.641665
internal_count=210 88 72 42 122 44
shrinkage=0.1


Tree=59
num_leaves=7
num_cat=0
split_feature=0 0 0 0 0 0
split_gain=0.0378105 0.0071728 0.0125261 0.000580686 0.000112225 0.000157724
threshold=0.35000000000000003 1.0000000180025095e-35 0.15000000000000005 0.25000000000000006 0.75000000000000011 0.45000000000000007
decision_type=2 2 2 2 2 2
left_child=1 -1 -3 -4 5 -2
right_child=4 2 3 -5 -6 -7
leaf_value=0.0034775293589623018 -0.0088313010996058407 -0.0041625586222986564 0.0011180510510708055 0.0025363369107404953 -0.0077209769668958915 -0.017210258433513308
leaf_weight=10.817832034081222 0.61742871417663892 4.7604733384214368 5.1144118569791299 6.6277385130524635 4.4655043154489249 0.023313958823564462
leaf_count=16 32 30 22 20 78 12
internal_value=0 0.0147625 0.00164374 0.0191859 -0.0789856 -0.0913618
internal_weight=0 27.3205 16.5026 11.7422 5.10625 0.640743
internal_count=210 88 72 42 122 44
shrinkage=0.1


Tree=60
num_leaves=7
num_cat=0
split_feature=0 0 0 0 0 0
split_gain=0.0366871 0.00696608 0.0121215 0.000557675 9.62891e-05 0.000148036
threshold=0.35000000000000003 1.0000000180025095e-35 0.15000000000000005 0.25000000000000006 0.75000000000000011 0.45000000000000007
decision_type=2 2 2 2 2 2
left_child=1 -1 -3 -4 5 -2
right_child=4 2 3 -5 -6 -7
leaf_value=0.003426465083873155 -0.0086362116714582167 -0.0040956964365406598 0.0011025938779522487 0.0024927316371937906 -0.0076194594772464588 -0.016774278387654065
leaf_weight=10.815213400870563 0.61666351032908906 4.7597645171918002 5.1136014526709896 6.6239055413752794 4.4620681859087199 0.023193055123556405
leaf_count=16 32 30 22 20 78 12
internal_value=0 0.0145403 0.00160954 0.018871 -0.0778397 -0.0893119
internal_weight=0 27.3125 16.4973 11.7375 5.10192 0.639857
internal_count=210 88 72 42 122 44
shrinkage=0.1


Tree=61
num_leaves=7
num_cat=0
split_feature=0 0 0 0 0 0
split_gain=0.0356122 0.00676901 0.0117351 0.000535106 8.21423e-05 0.000139103
threshold=0.35000000000000003 1.0000000180025095e-35 0.15000000000000005 0.25000000000000006 0.75000000000000011 0.45000000000000007
decision_type=2 2 2 2 2 2
left_child=1 -1 -3 -4 5 -2
right_child=4 2 3 -5 -6 -7
leaf_value=0.0033769844479704055 -0.0084473186702587553 -0.0040308474375883706 0.0010879845550608401 0.0024499295209554311 -0.0075206016208297088 -0.016355150740469435
leaf_weight=10.812655355781319 0.61592772102448989 4.7590685826726284 5.1128154927864653 6.6201659450307488 4.4587225194554776 0.02307792950887233
leaf_count=16 32 30 22 20 78 12
internal_value=0 0.0143245 0.00157562 0.0185644 -0.0767257 -0.0873291
internal_weight=0 27.3047 16.4921 11.733 5.09773 0.639006
internal_count=210 88 72 42 122 44
shrinkage=0.1


Tree=62
num_leaves=7
num_cat=0
split_feature=0 0 0 0 0 0
split_gain=0.0345824 0.00657875 0.0113658 0.000514409 6.96498e-05 0.000130838
threshold=0.35000000000000003 1.0000000180025095e-35 0.15000000000000005 0.25000000000000006 0.75000000000000011 0.45000000000000007
decision_type=2 2 2 2 2 2
left_child=1 -1 -3 -4 5 -2
right_child=4 2 3 -5 -6 -7
leaf_value=0.0033286735408951753 -0.0082645635448447691 -0.0039677296214832977 0.0010733524603579764 0.0024089165247220099 -0.007424217042253327 -0.015951687923728707
leaf_weight=10.81015742197633 0.61521892063319583 4.7583869332447675 5.1120488485321385 6.6165119307115674 4.455457890406251 0.022968078177655119
leaf_count=16 32 30 22 20 78 12
internal_value=0 0.0141147 0.00154405 0.0182679 -0.0756417 -0.0854122
internal_weight=0 27.2971 16.4869 11.7286 5.09364 0.638187
internal_count=210 88 72 42 122 44
shrinkage=0.1


Tree=63
num_leaves=7
num_cat=0
split_feature=0 0 0 0 0 0
split_gain=0.0335968 0.00639626 0.0110118 0.000494327 5.8622e-05 0.00012319
threshold=0.35000000000000003 1.0000000180025095e-35 0.15000000000000005 0.25000000000000006 0.75000000000000011 0.45000000000000007
decision_type=2 2 2 2 2 2
left_child=1 -1 -3 -4 5 -2
right_child=4 2 3 -5 -6 -7
leaf_value=0.0032817132291007717 -0.0080876048386177377 -0.003906203221023002 0.0010593707483200043 0.0023688135781148268 -0.007330389664651606 -0.015563281092891155
leaf_weight=10.807714566588404 0.61453700927086075 4.757713989820334 5.1112999906763417 6.6129437685012817 4.452279012883082 0.02286325377644971
leaf_count=16 32 30 22 20 78 12
internal_value=0 0.0139111 0.00151377 0.0179795 -0.074588 -0.0835575
internal_weight=0 27.2897 16.482 11.7242 5.08968 0.6374
internal_count=210 88 72 42 122 44
shrinkage=0.1


Tree=64
num_leaves=7
num_cat=0
split_feature=0 0 0 0 0 0
split_gain=0.0326511 0.00622115 0.0106732 0.000475236 4.89029e-05 0.000116106
threshold=0.35000000000000003 1.0000000180025095e-35 0.15000000000000005 0.25000000000000006 0.75000000000000011 0.45000000000000007
decision_type=2 2 2 2 2 2
left_child=1 -1 -3 -4 5 -2
right_child=4 2 3 -5 -6 -7
leaf_value=0.0032360123348354262 -0.0079158414487398351 -0.0038464242598678713 0.0010457492339879533 0.0023298563113001761 -0.0072388454834064649 -0.015188926213998519
leaf_weight=10.805325873196127 0.61387901130365108 4.7570560234598842 5.1105714039877039 6.609458627179265 4.4491755669005215 0.022763055014365815
leaf_count=16 32 30 22 20 78 12
internal_value=0 0.0137129 0.00148437 0.0176992 -0.0735614 -0.0817589
internal_weight=0 27.2824 16.4771 11.72 5.08582 0.636642
internal_count=210 88 72 42 122 44
shrinkage=0.1


Tree=65
num_leaves=7
num_cat=0
split_feature=0 0 0 0 0 0
split_gain=0.0317439 0.00605276 0.0103478 0.000457138 4.04093e-05 0.000109539
threshold=0.35000000000000003 1.0000000180025095e-35 0.15000000000000005 0.25000000000000006 0.75000000000000011 0.45000000000000007
decision_type=2 2 2 2 2 2
left_child=1 -1 -3 -4 5 -2
right_child=4 2 3 -5 -6 -7
leaf_value=0.0031914950794226364 -0.0077494688375184312 -0.0037880241271369174 0.0010323589084704728 0.0022919698625293284 -0.0071495427139382983 -0.014828357715242563
leaf_weight=10.802991069853308 0.61324521439382707 4.7564069502986994 5.1098624700680357 6.6060453280806541 4.4461461226455867 0.022667321281915065
leaf_count=16 32 30 22 20 78 12
internal_value=0 0.0135201 0.00145619 0.0174259 -0.0725618 -0.080018
internal_weight=0 27.2753 16.4723 11.7159 5.08206 0.635913
internal_count=210 88 72 42 122 44
shrinkage=0.1


Tree=66
num_leaves=7
num_cat=0
split_feature=0 0 0 0 0 0
split_gain=0.0308746 0.00589036 0.0100362 0.000440193 3.29664e-05 0.00010343
threshold=0.35000000000000003 1.0000000180025095e-35 0.15000000000000005 0.25000000000000006 0.75000000000000011 0.45000000000000007
decision_type=2 2 2 2 2 2
left_child=1 -1 -3 -4 5 -2
right_child=4 2 3 -5 -6 -7
leaf_value=0.0031480827715403485 -0.0075878777132679228 -0.0037311202770253858 0.0010191813887843702 0.002255409149021499 -0.0070626497379907005 -0.014480131916598082
leaf_weight=10.80070720613003 0.6126329735852768 4.7557663675397661 5.1091701034456474 6.6027132365852594 4.4431952955201268 0.022575588533072729
leaf_count=16 32 30 22 20 78 12
internal_value=0 0.0133327 0.00142987 0.0171612 -0.0715898 -0.0783283
internal_weight=0 27.2684 16.4676 11.7119 5.0784 0.635209
internal_count=210 88 72 42 122 44
shrinkage=0.1


Tree=67
num_leaves=7
num_cat=0
split_feature=0 0 0 0 0 0
split_gain=0.0300385 0.00573388 0.00973723 0.000423743 2.6571e-05 9.77553e-05
threshold=0.35000000000000003 1.0000000180025095e-35 0.15000000000000005 0.25000000000000006 0.75000000000000011 0.45000000000000007
decision_type=2 2 2 2 2 2
left_child=1 -1 -3 -4 5 -2
right_child=4 2 3 -5 -6 -7
leaf_value=0.0031057118092273073 -0.0074314929995798265 -0.003675656291292892 0.0010065683470518367 0.0022196533251411846 -0.0069776086099702095 -0.014144719602301091
leaf_weight=10.79847113415599 0.61204405367607151 4.7551409006118801 5.1084945211186987 6.5994467306882143 4.4403076809830964 0.022487870934128296
leaf_count=16 32 30 22 20 78 12
internal_value=0 0.0131501 0.00140452 0.0169035 -0.0706411 -0.0766941
internal_weight=0 27.2616 16.4631 11.7079 5.07484 0.634532
internal_count=210 88 72 42 122 44
shrinkage=0.1


Tree=68
num_leaves=7
num_cat=0
split_feature=0 0 0 0 0 0
split_gain=0.0292361 0.00558413 0.00945035 0.000408329 2.10468e-05 9.24757e-05
threshold=0.35000000000000003 1.0000000180025095e-35 0.15000000000000005 0.25000000000000006 0.75000000000000011 0.45000000000000007
decision_type=2 2 2 2 2 2
left_child=1 -1 -3 -4 5 -2
right_child=4 2 3 -5 -6 -7
leaf_value=0.0030645639964016029 -0.007279556263903828 -0.0036216660272817671 0.00099397816016759291 0.0021849644781376286 -0.006894748476333464 -0.013820893629845628
leaf_weight=10.796283606439831 0.61147546430583932 4.7545220595784512 5.107833934016524 6.5962587455287576 4.4374925356823951 0.02240381373121636
leaf_count=16 32 30 22 20 78 12
internal_value=0 0.0129724 0.00137945 0.016652 -0.0697174 -0.0751075
internal_weight=0 27.2549 16.4586 11.7041 5.07137 0.633879
internal_count=210 88 72 42 122 44
shrinkage=0.1


Tree=69
num_leaves=7
num_cat=0
split_feature=0 0 0 0 0 0
split_gain=0.0284632 0.00543894 0.00917514 0.000393403 1.6332e-05 8.7562e-05
threshold=0.35000000000000003 1.0000000180025095e-35 0.15000000000000005 0.25000000000000006 0.75000000000000011 0.45000000000000007
decision_type=2 2 2 2 2 2
left_child=1 -1 -3 -4 5 -2
right_child=4 2 3 -5 -6 -7
leaf_value=0.0030242477782390746 -0.0071317813739767109 -0.003568994223781612 0.00098196840293503207 0.0021511465798176844 -0.0068136638813627477 -0.013508140551932842
leaf_weight=10.794143028557302 0.61092535516945545 4.7539173387922373 5.1071890080347639 6.5931287948042154 4.434737246716395 0.022323175726342011
leaf_count=16 32 30 22 20 78 12
internal_value=0 0.0127991 0.00135599 0.016408 -0.068815 -0.0735656
internal_weight=0 27.2484 16.4542 11.7003 5.06799 0.633249
internal_count=210 88 72 42 122 44
shrinkage=0.1


Tree=70
num_leaves=7
num_cat=0
split_feature=0 0 0 0 0 0
split_gain=0.0277214 0.0052996 0.00890934 0.000379105 1.23589e-05 8.29816e-05
threshold=0.35000000000000003 1.0000000180025095e-35 0.15000000000000005 0.25000000000000006 0.75000000000000011 0.45000000000000007
decision_type=2 2 2 2 2 2
left_child=1 -1 -3 -4 5 -2
right_child=4 2 3 -5 -6 -7
leaf_value=0.0029850424635357096 -0.0069884896944075727 -0.0035173460529247629 0.0009701542106190878 0.002118045588786306 -0.0067346485339146254 -0.013206321774879848
leaf_weight=10.792044669389727 0.61039610474835981 4.7533164154738214 5.1065615899860841 6.5900679165497422 4.4320497356820852 0.022245894782827239
leaf_count=16 32 30 22 20 78 12
internal_value=0 0.0126305 0.00133323 0.0161689 -0.0679367 -0.0720713
internal_weight=0 27.242 16.4499 11.6966 5.06469 0.632642
internal_count=210 88 72 42 122 44
shrinkage=0.1


Tree=71
num_leaves=7
num_cat=0
split_feature=0 0 0 0 0 0
split_gain=0.027007 0.00516494 0.00865528 0.000365558 9.06565e-06 7.87009e-05
threshold=0.35000000000000003 1.0000000180025095e-35 0.15000000000000005 0.25000000000000006 0.75000000000000011 0.45000000000000007
decision_type=2 2 2 2 2 2
left_child=1 -1 -3 -4 5 -2
right_child=4 2 3 -5 -6 -7
leaf_value=0.0029467114025725424 -0.0068494333164005744 -0.0034672144782055881 0.00095866699402255865 0.002086013238962459 -0.0066573489342119253 -0.012914626783194612
leaf_weight=10.789989851415159 0.60988493560580437 4.7527306266129044 5.1059437431395036 6.587072397582233 4.4294210014631972 0.02217168000061065
leaf_count=16 32 30 22 20 78 12
internal_value=0 0.0124659 0.00131151 0.0159374 -0.067079 -0.0706219
internal_weight=0 27.2357 16.4457 11.693 5.06148 0.632057
internal_count=210 88 72 42 122 44
shrinkage=0.1


Tree=72
num_leaves=7
num_cat=0
split_feature=0 0 0 0 0 0
split_gain=0.0263196 0.00503524 0.00840905 0.000352537 6.35965e-06 7.47048e-05
threshold=0.35000000000000003 1.0000000180025095e-35 0.15000000000000005 0.25000000000000006 0.75000000000000011 0.45000000000000007
decision_type=2 2 2 2 2 2
left_child=1 -1 -3 -4 5 -2
right_child=4 2 3 -5 -6 -7
leaf_value=0.0029093319164216879 -0.0067139903363363368 -0.0034178852323649249 0.00094734799549056744 0.002054578874049571 -0.0065818936318850288 -0.012632469480898648
leaf_weight=10.787977650761606 0.60939063352998246 4.7521480047144022 5.1053455043584091 6.5841302890330553 4.4268512958660722 0.022100361587945368
leaf_count=16 32 30 22 20 78 12
internal_value=0 0.0123056 0.00129054 0.01571 -0.0662424 -0.0692112
internal_weight=0 27.2296 16.4416 11.6895 5.05834 0.631491
internal_count=210 88 72 42 122 44
shrinkage=0.1


Tree=73
num_leaves=7
num_cat=0
split_feature=0 0 0 0 0 0
split_gain=0.0256571 0.00491023 0.00817398 0.000340274 4.21444e-06 7.09685e-05
threshold=0.35000000000000003 1.0000000180025095e-35 0.15000000000000005 0.25000000000000006 0.75000000000000011 0.45000000000000007
decision_type=2 2 2 2 2 2
left_child=1 -1 -3 -4 5 -2
right_child=4 2 3 -5 -6 -7
leaf_value=0.0028728449872634956 -0.0065825587433324577 -0.0033701196493594065 0.00093625918783626395 0.0020242009065768837 -0.0065080322557846057 -0.012359865942277441
leaf_weight=10.786007162183525 0.60891384771093626 4.7515791570767787 5.1047587702050787 6.5812518410384655 4.4243371149059385 0.022031854627130087
leaf_count=16 32 30 22 20 78 12
internal_value=0 0.0121491 0.00127012 0.0154896 -0.0654251 -0.067843
internal_weight=0 27.2236 16.4376 11.686 5.05528 0.630946
internal_count=210 88 72 42 122 44
shrinkage=0.1


Tree=74
num_leaves=7
num_cat=0
split_feature=0 0 0 0 0 0
split_gain=0.0250183 0.00478891 0.00794726 0.000328458 2.55185e-06 6.74786e-05
threshold=0.35000000000000003 1.0000000180025095e-35 0.15000000000000005 0.25000000000000006 0.75000000000000011 0.45000000000000007
decision_type=2 2 2 2 2 2
left_child=1 -1 -3 -4 5 -2
right_child=4 2 3 -5 -6 -7
leaf_value=0.0028370834962715046 -0.0064543009852346539 -0.0033233005282716508 0.0009255252943386425 0.0019945450151870473 -0.0064358195670224817 -0.012095990699193426
leaf_weight=10.784073162823917 0.60845113493269209 4.751019386341798 5.1041815439239127 6.5784299178048968 4.4218769378494471 0.021965942847600672
leaf_count=16 32 30 22 20 78 12
internal_value=0 0.0119963 0.00125107 0.0152749 -0.0646265 -0.0665088
internal_weight=0 27.2177 16.4336 11.6826 5.05229 0.630417
internal_count=210 88 72 42 122 44
shrinkage=0.1


Tree=75
num_leaves=7
num_cat=0
split_feature=0 0 0 0 0 0
split_gain=0.0244033 0.00467174 0.00772942 0.000317418 1.346e-06 6.41995e-05
threshold=0.35000000000000003 1.0000000180025095e-35 0.15000000000000005 0.25000000000000006 0.75000000000000011 0.45000000000000007
decision_type=2 2 2 2 2 2
left_child=1 -1 -3 -4 5 -2
right_child=4 2 3 -5 -6 -7
leaf_value=0.0028021528795386021 -0.0063298998140124164 -0.0032776392788891207 0.00091484653578420149 0.001965876268237255 -0.0063652615939620008 -0.011840563835341494
leaf_weight=10.782177533954384 0.60800505249062453 4.7504691327922073 5.1036172285675985 6.5756672816351056 4.4194712981116027 0.021902500207943376
leaf_count=16 32 30 22 20 78 12
internal_value=0 0.0118474 0.00123292 0.015066 -0.0638475 -0.0652151
internal_weight=0 27.2119 16.4298 11.6793 5.04938 0.629908
internal_count=210 88 72 42 122 44
shrinkage=0.1


Tree=76
num_leaves=7
num_cat=0
split_feature=0 0 0 0 0 0
split_gain=0.0238095 0.00455882 0.00751861 0.000306564 6.90144e-07 6.09835e-05
threshold=0.35000000000000003 1.0000000180025095e-35 0.15000000000000005 0.25000000000000006 0.45000000000000007 0.75000000000000011
decision_type=2 2 2 2 2 2
left_child=1 -1 -3 -4 -2 -6
right_child=4 2 3 -5 5 -7
leaf_value=0.0027680514736433135 -0.00620858840905177 -0.003232840870152253 0.00090454783774305582 0.0019375757003235136 -0.01159324511820993 -0.006296163433450944
leaf_weight=10.780315916985275 0.60757301578996603 4.7499244145583388 5.1030650315806252 6.5729547571390867 0.021841433430381477 4.4171162649290636
leaf_count=16 32 30 22 20 12 78
internal_value=0 0.0117018 0.00121504 0.0148609 -0.0630855 -0.0632223
internal_weight=0 27.2063 16.4259 11.676 5.04653 4.43896
internal_count=210 88 72 42 122 90
shrinkage=0.1


Tree=77
num_leaves=7
num_cat=0
split_feature=0 0 0 0 0 0
split_gain=0.0232367 0.0044493 0.00731569 0.00029613 1.4251e-06 5.69396e-05
threshold=0.35000000000000003 1.0000000180025095e-35 0.15000000000000005 0.25000000000000006 0.45000000000000007 0.75000000000000011
decision_type=2 2 2 2 2 2
left_child=1 -1 -3 -4 -2 -6
right_child=4 2 3 -5 5 -7
leaf_value=0.0027346426660247018 -0.0060904079999226941 -0.0031890519408008505 0.00089458162325256434 0.0019099978099712464 -0.011353914398501114 -0.0062285958125753316
leaf_weight=10.778493545949461 0.60715514677576621 4.7493886756710735 5.1025266628712398 6.5702881850302219 0.021782635260024 4.4148102968465537
leaf_count=16 32 30 22 20 12 78
internal_value=0 0.0115597 0.00119827 0.0146613 -0.062341 -0.0625376
internal_weight=0 27.2007 16.4222 11.6728 5.04375 4.43659
internal_count=210 88 72 42 122 90
shrinkage=0.1


Tree=78
num_leaves=7
num_cat=0
split_feature=0 0 0 0 0 0
split_gain=0.0226836 0.0043442 0.00712084 0.000286417 2.38104e-06 5.31789e-05
threshold=0.35000000000000003 1.0000000180025095e-35 0.15000000000000005 0.25000000000000006 0.45000000000000007 0.75000000000000011
decision_type=2 2 2 2 2 2
left_child=1 -1 -3 -4 -2 -6
right_child=4 2 3 -5 5 -7
leaf_value=0.0027021090171170186 -0.005975486408134255 -0.0031465044111832147 0.00088453392468067693 0.0018832749575360007 -0.011122004652032821 -0.0061624020853541898
leaf_weight=10.776705391705038 0.6067515246104439 4.7488633231259909 5.1019980758428556 6.5676824441179633 0.021725963517383096 4.4125521606765687
leaf_count=16 32 30 22 20 12 78
internal_value=0 0.0114208 0.00118118 0.0144662 -0.0616128 -0.061867
internal_weight=0 27.1952 16.4185 11.6697 5.04103 4.43428
internal_count=210 88 72 42 122 90
shrinkage=0.1


Tree=79
num_leaves=7
num_cat=0
split_feature=0 0 0 0 0 0
split_gain=0.0221502 0.00424194 0.00693148 0.000276946 3.53939e-06 4.96712e-05
threshold=0.35000000000000003 1.0000000180025095e-35 0.15000000000000005 0.25000000000000006 0.45000000000000007 0.75000000000000011
decision_type=2 2 2 2 2 2
left_child=1 -1 -3 -4 -2 -6
right_child=4 2 3 -5 5 -7
leaf_value=0.0026701927974419931 -0.0058635620774988122 -0.0031044681896740403 0.00087481494758059148 0.0018570158362912184 -0.010896959041189371 -0.0060976935390243299
leaf_weight=10.774948675185444 0.60636098252143611 4.7483408560510751 5.1014798097312433 6.5651191975921392 0.02167125906998979 4.4103427742375061
leaf_count=16 32 30 22 20 12 78
internal_value=0 0.0112853 0.00116559 0.0142753 -0.0609016 -0.0612116
internal_weight=0 27.1899 16.4149 11.6666 5.03838 4.43201
internal_count=210 88 72 42 122 90
shrinkage=0.1


Tree=80
num_leaves=7
num_cat=0
split_feature=0 0 0 0 0 0
split_gain=0.0216343 0.00414301 0.00674999 0.000267718 4.87095e-06 4.64122e-05
threshold=0.35000000000000003 1.0000000180025095e-35 0.15000000000000005 0.25000000000000006 0.45000000000000007 0.75000000000000011
decision_type=2 2 2 2 2 2
left_child=1 -1 -3 -4 -2 -6
right_child=4 2 3 -5 5 -7
leaf_value=0.0026389517764610661 -0.0057546191651558828 -0.0030636373330260765 0.00086555252525963669 0.0018313582173028746 -0.010679019174709018 -0.0060342373331418418
leaf_weight=10.773225396871569 0.60598364612087507 4.7478312668390599 5.1009706407785398 6.5626038433983922 0.021618540515191745 4.4081759636756033
leaf_count=16 32 30 22 20 12 78
internal_value=0 0.0111526 0.00115042 0.0140897 -0.0602053 -0.0605691
internal_weight=0 27.1846 16.4114 11.6636 5.03578 4.42979
internal_count=210 88 72 42 122 90
shrinkage=0.1


Tree=81
num_leaves=7
num_cat=0
split_feature=0 0 0 0 0 0
split_gain=0.0211358 0.00404755 0.00657443 0.000259094 6.36907e-06 4.33794e-05
threshold=0.35000000000000003 1.0000000180025095e-35 0.15000000000000005 0.25000000000000006 0.45000000000000007 0.75000000000000011
decision_type=2 2 2 2 2 2
left_child=1 -1 -3 -4 -2 -6
right_child=4 2 3 -5 5 -7
leaf_value=0.0026084287070271528 -0.0056482442582973958 -0.003023626818484333 0.00085617607516361648 0.0018064038536166245 -0.010467834759909596 -0.0059721069648853405
leaf_weight=10.771535214036705 0.60561723861610417 4.7473273954819915 5.1004740130156261 6.5601325118914247 0.021567695504927431 4.4060530477436259
leaf_count=16 32 30 22 20 12 78
internal_value=0 0.0110229 0.00113543 0.0139076 -0.059524 -0.0599401
internal_weight=0 27.1795 16.4079 11.6606 5.03324 4.42762
internal_count=210 88 72 42 122 90
shrinkage=0.1


Tree=82
num_leaves=7
num_cat=0
split_feature=0 0 0 0 0 0
split_gain=0.0206539 0.00395469 0.00640518 0.0002508 8.00603e-06 4.05452e-05
threshold=0.35000000000000003 1.0000000180025095e-35 0.15000000000000005 0.25000000000000006 0.45000000000000007 0.75000000000000011
decision_type=2 2 2 2 2 2
left_child=1 -1 -3 -4 -2 -6
right_child=4 2 3 -5 5 -7
leaf_value=0.0025784742136630949 -0.0055446311514318362 -0.0029844673960019818 0.00084709627850270168 0.0017820928440519452 -0.010262574144969863 -0.0059112415736243271
leaf_weight=10.769875291734936 0.60526301007484917 4.7468320941552546 5.0999833038076741 6.5577092366293073 0.021518510977330041 4.4039730370277539
leaf_count=16 32 30 22 20 12 78
internal_value=0 0.0108962 0.00112156 0.0137305 -0.0588575 -0.059324
internal_weight=0 27.1744 16.4045 11.6577 5.03075 4.42549
internal_count=210 88 72 42 122 90
shrinkage=0.1


Tree=83
num_leaves=7
num_cat=0
split_feature=0 0 0 0 0 0
split_gain=0.0201874 0.00386475 0.00624129 0.000242997 9.77824e-06 3.79104e-05
threshold=0.35000000000000003 1.0000000180025095e-35 0.15000000000000005 0.25000000000000006 0.45000000000000007 0.75000000000000011
decision_type=2 2 2 2 2 2
left_child=1 -1 -3 -4 -2 -6
right_child=4 2 3 -5 5 -7
leaf_value=0.0025491306258504185 -0.0054433524549105817 -0.0029460358922014131 0.00083798112097830573 0.0017584152225861849 -0.010063765202412527 -0.0058515686165013349
leaf_weight=10.768244363367559 0.60491891048150037 4.7463420489802983 5.0995054328814131 6.5553263556212187 0.021471080224728101 4.4019325776025653
leaf_count=16 32 30 22 20 12 78
internal_value=0 0.0107721 0.00110808 0.0135568 -0.0582045 -0.0587201
internal_weight=0 27.1694 16.4012 11.6548 5.02832 4.4234
internal_count=210 88 72 42 122 90
shrinkage=0.1


Tree=84
num_leaves=7
num_cat=0
split_feature=0 0 0 0 0 0
split_gain=0.019737 0.00377806 0.00608309 0.000235057 1.16472e-05 3.5443e-05
threshold=0.35000000000000003 1.0000000180025095e-35 0.15000000000000005 0.25000000000000006 0.45000000000000007 0.75000000000000011
decision_type=2 2 2 2 2 2
left_child=1 -1 -3 -4 -2 -6
right_child=4 2 3 -5 5 -7
leaf_value=0.0025205044162857375 -0.0053449748535035506 -0.0029084671952279801 0.0008295181497034661 0.001734883600149791 -0.0098703460705801202 -0.0057931807204187682
leaf_weight=10.766642082482578 0.60458802385255594 4.7458591798786101 5.0990349445492011 6.5529862930998206 0.021425157945486609 4.3999356558779255
leaf_count=16 32 30 22 20 12 78
internal_value=0 0.0106509 0.0010948 0.0133869 -0.0575665 -0.0581294
internal_weight=0 27.1645 16.3979 11.652 5.02595 4.42136
internal_count=210 88 72 42 122 90
shrinkage=0.1


Tree=85
num_leaves=7
num_cat=0
split_feature=0 0 0 0 0 0
split_gain=0.0193003 0.00369331 0.00593073 0.00022776 1.36306e-05 3.3149e-05
threshold=0.35000000000000003 1.0000000180025095e-35 0.15000000000000005 0.25000000000000006 0.45000000000000007 0.75000000000000011
decision_type=2 2 2 2 2 2
left_child=1 -1 -3 -4 -2 -6
right_child=4 2 3 -5 5 -7
leaf_value=0.0024922908046186316 -0.0052485786122442625 -0.0028717369631258466 0.00082098683769341128 0.0017122788959245312 -0.0096829362615761996 -0.0057358584251824283
leaf_weight=10.765069521963598 0.60426526423543592 4.7453853951301452 5.0985699109733087 6.550689460709691 0.021380846286774505 4.3979749041609466
leaf_count=16 32 30 22 20 12 78
internal_value=0 0.010532 0.00108265 0.0132218 -0.0569405 -0.0575495
internal_weight=0 27.1597 16.3946 11.6493 5.02362 4.41936
internal_count=210 88 72 42 122 90
shrinkage=0.1


Tree=86
num_leaves=7
num_cat=0
split_feature=0 0 0 0 0 0
split_gain=0.0188779 0.00361145 0.00578278 0.000220832 1.56699e-05 3.10044e-05
threshold=0.35000000000000003 1.0000000180025095e-35 0.15000000000000005 0.25000000000000006 0.45000000000000007 0.75000000000000011
decision_type=2 2 2 2 2 2
left_child=1 -1 -3 -4 -2 -6
right_child=4 2 3 -5 5 -7
leaf_value=0.0024647244566191589 -0.005155036801937702 -0.0028356123615156715 0.00081243974596558258 0.0016901597520075284 -0.0095007409446731736 -0.0056796519343867164
leaf_weight=10.763520598411562 0.60395481210434709 4.7449158781673786 5.0981173971667868 6.5484329592436552 0.021337946127459761 4.3960516731021926
leaf_count=16 32 30 22 20 12 78
internal_value=0 0.0104158 0.00107072 0.0130595 -0.0563279 -0.0569811
internal_weight=0 27.155 16.3915 11.6466 5.02134 4.41739
internal_count=210 88 72 42 122 90
shrinkage=0.1


Tree=87
num_leaves=7
num_cat=0
split_feature=0 0 0 0 0 0
split_gain=0.0184683 0.0035325 0.00563951 0.000213927 1.7811e-05 2.89987e-05
threshold=0.35000000000000003 1.0000000180025095e-35 0.15000000000000005 0.25000000000000006 0.45000000000000007 0.75000000000000011
decision_type=2 2 2 2 2 2
left_child=1 -1 -3 -4 -2 -6
right_child=4 2 3 -5 5 -7
leaf_value=0.0024377742650077195 -0.0050632207641698934 -0.0028002419837395757 0.00080424591734712793 0.0016682200197165866 -0.0093235224833229467 -0.0056245094159889904
leaf_weight=10.762001421302559 0.60365250508766521 4.7444538550917086 5.0976730985566956 6.546211265027523 0.02129639966005914 4.3941632715286687
leaf_count=16 32 30 22 20 12 78
internal_value=0 0.0103019 0.00105849 0.0128997 -0.055727 -0.0564235
internal_weight=0 27.1503 16.3883 11.6439 5.01911 4.41546
internal_count=210 88 72 42 122 90
shrinkage=0.1


Tree=88
num_leaves=7
num_cat=0
split_feature=0 0 0 0 0 0
split_gain=0.018072 0.00345525 0.00550123 0.000207327 2.00137e-05 2.71315e-05
threshold=0.35000000000000003 1.0000000180025095e-35 0.15000000000000005 0.25000000000000006 0.45000000000000007 0.75000000000000011
decision_type=2 2 2 2 2 2
left_child=1 -1 -3 -4 -2 -6
right_child=4 2 3 -5 5 -7
leaf_value=0.0024112394478423027 -0.0049737102786736329 -0.0027655547018362245 0.00079629973020665804 0.0016469246216844636 -0.0091518131071759764 -0.0055705060007055036
leaf_weight=10.760505437850954 0.60335935500916005 4.743998545920479 5.097235248424111 6.5440272744745016 0.021256299980450311 4.3923130539478734
leaf_count=16 32 30 22 20 12 78
internal_value=0 0.0101905 0.00104768 0.0127447 -0.0551391 -0.0558775
internal_weight=0 27.1458 16.3853 11.6413 5.01693 4.41357
internal_count=210 88 72 42 122 90
shrinkage=0.1


Tree=89
num_leaves=7
num_cat=0
split_feature=0 0 0 0 0 0
split_gain=0.0176878 0.0033808 0.00536816 0.000201066 2.22641e-05 2.53777e-05
threshold=0.35000000000000003 1.0000000180025095e-35 0.15000000000000005 0.25000000000000006 0.45000000000000007 0.75000000000000011
decision_type=2 2 2 2 2 2
left_child=1 -1 -3 -4 -2 -6
right_child=4 2 3 -5 5 -7
leaf_value=0.0023853233026065882 -0.0048863588699674405 -0.0027318199122432236 0.00078841761135773453 0.0016261811040585946 -0.008984271612873811 -0.005517482714424201
leaf_weight=10.759039912372829 0.60307604057015751 4.7435511322692063 5.0968030747026187 6.5418847342953086 0.021217331319348776 4.3904973937897012
leaf_count=16 32 30 22 20 12 78
internal_value=0 0.0100813 0.00103659 0.0125931 -0.0545625 -0.0553416
internal_weight=0 27.1413 16.3822 11.6387 5.01479 4.41171
internal_count=210 88 72 42 122 90
shrinkage=0.1


Tree=90
num_leaves=7
num_cat=0
split_feature=0 0 0 0 0 0
split_gain=0.0173149 0.00330847 0.00523845 0.00019519 2.45543e-05 2.37445e-05
threshold=0.35000000000000003 1.0000000180025095e-35 0.15000000000000005 0.25000000000000006 0.45000000000000007 0.75000000000000011
decision_type=2 2 2 2 2 2
left_child=1 -1 -3 -4 -2 -6
right_child=4 2 3 -5 5 -7
leaf_value=0.002359880426227489 -0.0048010366382543607 -0.0026985103196762667 0.00078040463988371693 0.0016059134072691876 -0.0088217212064961928 -0.0054653706446782515
leaf_weight=10.757597345858814 0.60280140221584488 4.7431066571734872 5.0963834580034 6.5397727834060788 0.021179660725465399 4.3887124249013141
leaf_count=16 32 30 22 20 12 78
internal_value=0 0.00997421 0.00102583 0.0124436 -0.0539966 -0.0548149
internal_weight=0 27.1369 16.3793 11.6362 5.01269 4.40989
internal_count=210 88 72 42 122 90
shrinkage=0.1


Tree=91
num_leaves=7
num_cat=0
split_feature=0 0 0 0 0 0
split_gain=0.0169537 0.00323771 0.005113 0.000189267 2.68932e-05 2.22122e-05
threshold=0.35000000000000003 1.0000000180025095e-35 0.15000000000000005 0.25000000000000006 0.45000000000000007 0.75000000000000011
decision_type=2 2 2 2 2 2
left_child=1 -1 -3 -4 -2 -6
right_child=4 2 3 -5 5 -7
leaf_value=0.0023348232530237601 -0.004717623174642787 -0.002665798407308192 0.00077296642422280948 0.0015859281542136264 -0.0086633632703059203 -0.0054143190249533934
leaf_weight=10.756176225841047 0.60253498941892658 4.742670789826664 5.0959670757874829 6.5376970013603568 0.021143099176697319 4.3869625327643007
leaf_count=16 32 30 22 20 12 78
internal_value=0 0.00986938 0.0010163 0.0122982 -0.0534425 -0.054299
internal_weight=0 27.1325 16.3763 11.6337 5.01064 4.40811
internal_count=210 88 72 42 122 90
shrinkage=0.1


Tree=92
num_leaves=7
num_cat=0
split_feature=0 0 0 0 0 0
split_gain=0.0166035 0.00316938 0.00499209 0.000183717 2.92663e-05 2.07804e-05
threshold=0.35000000000000003 1.0000000180025095e-35 0.15000000000000005 0.25000000000000006 0.45000000000000007 0.75000000000000011
decision_type=2 2 2 2 2 2
left_child=1 -1 -3 -4 -2 -6
right_child=4 2 3 -5 5 -7
leaf_value=0.00231032812805471 -0.0046360965632002912 -0.0026339269341805575 0.00076549679414229961 0.001566522076288686 -0.0085094405041207365 -0.0053642299675197075
leaf_weight=10.754783280193807 0.60227644606493314 4.7422420338261899 5.0955571895465237 6.5356552908197045 0.021107697197294217 4.3852443274809048
leaf_count=16 32 30 22 20 12 78
internal_value=0 0.00976666 0.00100661 0.012156 -0.0528993 -0.053793
internal_weight=0 27.1282 16.3735 11.6312 5.00863 4.40635
internal_count=210 88 72 42 122 90
shrinkage=0.1


Tree=93
num_leaves=7
num_cat=0
split_feature=0 0 0 0 0 0
split_gain=0.0162633 0.00310324 0.00487445 0.000178493 3.16566e-05 1.9443e-05
threshold=0.35000000000000003 1.0000000180025095e-35 0.15000000000000005 0.25000000000000006 0.45000000000000007 0.75000000000000011
decision_type=2 2 2 2 2 2
left_child=1 -1 -3 -4 -2 -6
right_child=4 2 3 -5 5 -7
leaf_value=0.0022863324010075118 -0.004556426702936143 -0.0026025666698837862 0.00075791255187046167 0.0015475390051396215 -0.0083597552179789855 -0.0053149740432126211
leaf_weight=10.753408133983614 0.60202610347187047 4.7418154582846936 5.0951577220112068 6.5336501374840736 0.021073391515528672 4.3835563614265993
leaf_count=16 32 30 22 20 12 78
internal_value=0 0.00966587 0.000996829 0.0120156 -0.0523658 -0.0532954
internal_weight=0 27.124 16.3706 11.6288 5.00666 4.40463
internal_count=210 88 72 42 122 90
shrinkage=0.1


Tree=94
num_leaves=7
num_cat=0
split_feature=0 0 0 0 0 0
split_gain=0.0159328 0.00303828 0.0047604 0.000173279 3.40463e-05 1.81874e-05
threshold=0.35000000000000003 1.0000000180025095e-35 0.15000000000000005 0.25000000000000006 0.45000000000000007 0.75000000000000011
decision_type=2 2 2 2 2 2
left_child=1 -1 -3 -4 -2 -6
right_child=4 2 3 -5 5 -7
leaf_value=0.0022626236362117561 -0.0044787024870360046 -0.0025716934767826367 0.00075077958306489154 0.001528855474799683 -0.0082136979249525354 -0.0052665435936928434
leaf_weight=10.752056114375593 0.60178430867381294 4.7413977046962854 5.0947614302858693 6.531671597622335 0.021040027400886063 4.3818950356217101
leaf_count=16 32 30 22 20 12 78
internal_value=0 0.00956695 0.000988282 0.011879 -0.051842 -0.0528063
internal_weight=0 27.1199 16.3678 11.6264 5.00472 4.40294
internal_count=210 88 72 42 122 90
shrinkage=0.1


Tree=95
num_leaves=7
num_cat=0
split_feature=0 0 0 0 0 0
split_gain=0.0156122 0.00297569 0.0046501 0.000168283 3.64826e-05 1.70136e-05
threshold=0.35000000000000003 1.0000000180025095e-35 0.15000000000000005 0.25000000000000006 0.45000000000000007 0.75000000000000011
decision_type=2 2 2 2 2 2
left_child=1 -1 -3 -4 -2 -6
right_child=4 2 3 -5 5 -7
leaf_value=0.0022394750140065089 -0.0044023948489569954 -0.0025415428916467412 0.00074369553775609318 0.0015105394828179724 -0.0080717075587996897 -0.0052190613349140519
leaf_weight=10.750725872814657 0.60154822509502892 4.7409850412514087 5.0943730799481255 6.5297263078391552 0.021007713468861652 4.3802648058626801
leaf_count=16 32 30 22 20 12 78
internal_value=0 0.00946999 0.000979314 0.0117446 -0.0513284 -0.0523268
internal_weight=0 27.1158 16.3651 11.6241 5.00282 4.40127
internal_count=210 88 72 42 122 90
shrinkage=0.1


Tree=96
num_leaves=7
num_cat=0
split_feature=0 0 0 0 0 0
split_gain=0.0153013 0.00291451 0.00454323 0.000163577 3.89055e-05 1.5913e-05
threshold=0.35000000000000003 1.0000000180025095e-35 0.15000000000000005 0.25000000000000006 0.45000000000000007 0.75000000000000011
decision_type=2 2 2 2 2 2
left_child=1 -1 -3 -4 -2 -6
right_child=4 2 3 -5 5 -7
leaf_value=0.0022166916705968539 -0.0043280484326615222 -0.0025119061259398197 0.00073666875021240717 0.0014927786267282493 -0.0079333453531873661 -0.0051724574374046699
leaf_weight=10.749420922249557 0.60132058447925285 4.7405775615479824 5.0939909573644382 6.5278099998831749 0.02097631937067479 4.3786651194095612
leaf_count=16 32 30 22 20 12 78
internal_value=0 0.00937504 0.000971297 0.0116137 -0.0508251 -0.0518562
internal_weight=0 27.1118 16.3624 11.6218 5.00096 4.39964
internal_count=210 88 72 42 122 90
shrinkage=0.1


Tree=97
num_leaves=7
num_cat=0
split_feature=0 0 0 0 0 0
split_gain=0.0149988 0.00285506 0.00443959 0.000158836 4.13316e-05 1.48838e-05
threshold=0.35000000000000003 1.0000000180025095e-35 0.15000000000000005 0.25000000000000006 0.45000000000000007 0.75000000000000011
decision_type=2 2 2 2 2 2
left_child=1 -1 -3 -4 -2 -6
right_child=4 2 3 -5 5 -7
leaf_value=0.002194312428652753 -0.004255253257463165 -0.0024828411517383644 0.0007300134742554439 0.001475148220605364 -0.0077986467235497282 -0.0051265959505060067
leaf_weight=10.748131819069387 0.60109964368166302 4.7401767969131496 5.093612381257115 6.5259242681786418 0.020945865246176143 4.3770907442085445
leaf_count=16 32 30 22 20 12 78
internal_value=0 0.00928173 0.000963345 0.0114851 -0.0503302 -0.0513932
internal_weight=0 27.1078 16.3597 11.6195 4.99914 4.39804
internal_count=210 88 72 42 122 90
shrinkage=0.1


Tree=98
num_leaves=7
num_cat=0
split_feature=0 0 0 0 0 0
split_gain=0.0147055 0.00279731 0.00433829 0.000154361 4.37612e-05 1.39147e-05
threshold=0.35000000000000003 1.0000000180025095e-35 0.15000000000000005 0.25000000000000006 0.45000000000000007 0.75000000000000011
decision_type=2 2 2 2 2 2
left_child=1 -1 -3 -4 -2 -6
right_child=4 2 3 -5 5 -7
leaf_value=0.002172367762643259 -0.0041841036928905893 -0.0024540685215033988 0.00072326394419102791 0.0014578873432107722 -0.0076670657606842038 -0.005081646687368672
leaf_weight=10.746864035725595 0.60088597045978431 4.7397765368223217 5.0932423332706076 6.5240686926990747 0.020916215289616846 4.3755470948526636
leaf_count=16 32 30 22 20 12 78
internal_value=0 0.00919036 0.000955781 0.0113581 -0.0498455 -0.0509395
internal_weight=0 27.104 16.3571 11.6173 4.99735 4.39646
internal_count=210 88 72 42 122 90
shrinkage=0.1


Tree=99
num_leaves=7
num_cat=0
split_feature=0 0 0 0 0 0
split_gain=0.0144191 0.00274095 0.00424101 0.000150096 4.62046e-05 1.30138e-05
threshold=0.35000000000000003 1.0000000180025095e-35 0.15000000000000005 0.25000000000000006 0.45000000000000007 0.75000000000000011
decision_type=2 2 2 2 2 2
left_child=1 -1 -3 -4 -2 -6
right_child=4 2 3 -5 5 -7
leaf_value=0.0021507292090791465 -0.0041140887799462266 -0.002426133891725803 0.00071666580468927811 0.0014411291106612252 -0.0075392939831839759 -0.0050372596792287172
leaf_weight=10.745613716542723 0.6006767176440907 4.7393870211672064 5.0928762555122358 6.5222426569089293 0.020887504440906809 4.3740232939599082
leaf_count=16 32 30 22 20 12 78
internal_value=0 0.00910026 0.000948299 0.0112347 -0.0493672 -0.0504915
internal_weight=0 27.1001 16.3545 11.6151 4.99559 4.39491
internal_count=210 88 72 42 122 90
shrinkage=0.1


end of trees

feature importances:
geographical=600

parameters:
[boosting: gbdt]
[objective: lambdarank]
[metric: ndcg]
[tree_learner: serial]
[device_type: cpu]
[data: ]
[valid: ]
[num_iterations: 100]
[learning_rate: 0.1]
[num_leaves: 16]
[num_threads: -1]
[max_depth: -1]
[min_data_in_leaf: 5]
[min_sum_hessian_in_leaf: 0.001]
[bagging_fraction: 1]
[pos_bagging_fraction: 1]
[neg_bagging_fraction: 1]
[bagging_freq: 0]
[bagging_seed: 3]
[feature_fraction: 1]
[feature_fraction_bynode: 1]
[feature_fraction_seed: 2]
[early_stopping_round: 0]
[first_metric_only: 0]
[max_delta_step: 0]
[lambda_l1: 0]
[lambda_l2: 0]
[min_gain_to_split: 0]
[drop_rate: 0.1]
[max_drop: 50]
[skip_drop: 0.5]
[xgboost_dart_mode: 0]
[uniform_drop: 0]
[drop_seed: 4]
[top_rate: 0.2]
[other_rate: 0.1]
[min_data_per_group: 100]
[max_cat_threshold: 32]
[cat_l2: 10]
[cat_smooth: 10]
[max_cat_to_onehot: 4]
[top_k: 20]
[monotone_constraints: ]
[feature_contri: ]
[forcedsplits_filename: ]
[forcedbins_filename: ]
[refit_decay_rate: 0.9]
[cegb_tradeoff: 1]
[cegb_penalty_split: 0]
[cegb_penalty_feature_lazy: ]
[cegb_penalty_feature_coupled: ]
[verbosity: -1]
[max_bin: 255]
[max_bin_by_feature: ]
[min_data_in_bin: 3]
[bin_construct_sample_cnt: 200000]
[histogram_pool_size: -1]
[data_random_seed: 1]
[output_model: LightGBM_model.txt]
[snapshot_freq: -1]
[input_model: ]
[output_result: LightGBM_predict_result.txt]
[initscore_filename: ]
[valid_data_initscores: ]
[pre_partition: 0]
[enable_bundle: 1]
[max_conflict_rate: 0]
[is_enable_sparse: 1]
[sparse_threshold: 0.8]
[use_missing: 1]
[zero_as_missing: 0]
[two_round: 0]
[save_binary: 0]
[header: 0]
[label_column: ]
[weight_column: ]
[group_column: ]
[ignore_column: ]
[categorical_feature: ]
[predict_raw_score: 0]
[predict_leaf_index: 0]
[predict_contrib: 0]
[num_iteration_predict: -1]
[pred_early_stop: 0]
[pred_early_stop_freq: 10]
[pred_early_stop_margin: 10]
[convert_model_language: ]
[convert_model: gbdt_prediction.cpp]
[num_class: 1]
[is_unbalance: 0]
[scale_pos_weight: 1]
[sigmoid: 1]
[boost_from_average: 1]
[reg_sqrt: 0]
[alpha: 0.9]
[fair_c: 1]
[poisson_max_delta_step: 0.7]
[tweedie_variance_power: 1.5]
[max_position: 20]
[lambdamart_norm: 1]
[label_gain: ]
[metric_freq: 1]
[is_provide_training_metric: 0]
[eval_at: 1]
[multi_error_top_k: 1]
[num_machines: 1]
[local_listen_port: 12400]
[time_out: 120]
[machine_list_filename: ]
[machines: ]
[gpu_platform_id: -1]
[gpu_device_id: -1]
[gpu_use_dp: 0]

end of parameters

pandas_categorical:null
