tree
version=v3
num_class=1
num_tree_per_iteration=1
label_index=0
max_feature_idx=0
objective=lambdarank
feature_names=geographical
feature_infos=[0:1]
tree_sizes=837 843 848 851 849 852 853 852 858 857 861 859 864 861 861 861 861 859 863 858 860 863 865 863 862 862 865 864 865 867 867 862 868 862 870 868 869 868 868 868 865 871 872 872 873 874 868 874 870 871 874 873 869 875 874 876 877 874 876 871 876 879 876 875 872 879 875 877 873 874 878 873 879 877 876 879 874 878 876 877 877 876 871 874 880 876 878 878 876 879 880 876 880 878 880 880 875 880 878 881

Tree=0
num_leaves=7
num_cat=0
split_feature=0 0 0 0 0 0
split_gain=10.6763 1.10921 0.615759 0.44885 0.0603868 0.0379622
threshold=0.35000000000000003 1.0000000180025095e-35 0.75000000000000011 0.15000000000000005 0.45000000000000007 0.25000000000000006
decision_type=2 2 2 2 2 2
left_child=1 -1 4 -3 -2 -5
right_child=2 3 -4 5 -6 -7
leaf_value=0.14186667715629928 -0.13206826787628165 0.011747577542856434 -0.068893220979697009 0.091124553678133907 -0.18361879219665436 0.06749858339028858
leaf_weight=2.6064331643283367 1.1046391129493711 1.3669901443645356 6.061785951256752 1.6798518290743232 0.28608615789562453 1.1427491586655378
leaf_count=24 32 22 78 24 10 20
internal_value=0 0.906463 -0.826613 0.58781 -1.42673 0.815594
internal_weight=0 6.79602 7.45251 4.18959 1.39073 2.8226
internal_count=210 90 120 66 42 44
shrinkage=0.1


Tree=1
num_leaves=7
num_cat=0
split_feature=0 0 0 0 0 0
split_gain=3.60902 1.16965 0.349475 0.456626 0.0940341 0.0636167
threshold=0.35000000000000003 0.75000000000000011 1.0000000180025095e-35 0.15000000000000005 0.25000000000000006 0.45000000000000007
decision_type=2 2 2 2 2 2
left_child=2 5 -1 -4 -5 -2
right_child=1 -3 3 4 -6 -7
leaf_value=0.025164743760700038 -0.11838550922519507 -0.038358231919507726 -0.032464213715835154 0.0059252505504904691 0.023250612912044277 -0.16334314090234436
leaf_weight=15.798271238803862 1.6397409923374646 5.58010458573699 2.7946469001472023 9.2064953669905645 4.7484908923506728 0.38951720856130112
leaf_count=24 32 78 22 24 20 10
internal_value=0 -0.620012 0.144952 0.0443174 0.118206 -1.27015
internal_weight=0 7.60936 32.5479 16.7496 13.955 2.02926
internal_count=210 120 90 66 44 42
shrinkage=0.1


Tree=2
num_leaves=7
num_cat=0
split_feature=0 0 0 0 0 0
split_gain=1.95155 0.677764 0.245176 0.481004 0.198193 0.0450301
threshold=0.35000000000000003 0.75000000000000011 1.0000000180025095e-35 0.25000000000000006 0.15000000000000005 0.45000000000000007
decision_type=2 2 2 2 2 2
left_child=2 5 -1 4 -4 -2
right_child=1 -3 3 -5 -6 -7
leaf_value=0.018914622765653474 -0.10151498896637488 -0.032454304099515642 -0.037401588204165094 0.026264573811730248 -0.0036098849423385638 -0.14786518951465874
leaf_weight=15.941279470920561 1.1953725414350618 5.2855689618736506 2.1190935298800477 5.4382608011364928 9.5926659628748894 0.25417240057140578
leaf_count=24 32 78 22 20 24 10
internal_value=0 -0.490669 0.0998664 0.0168791 -0.0972406 -1.09642
internal_weight=0 6.73511 33.0913 17.15 11.7118 1.44954
internal_count=210 120 90 66 46 42
shrinkage=0.1


Tree=3
num_leaves=7
num_cat=0
split_feature=0 0 0 0 0 0
split_gain=1.61623 0.430692 0.0953561 0.546853 0.0375306 0.0141245
threshold=0.35000000000000003 0.75000000000000011 1.0000000180025095e-35 0.15000000000000005 0.45000000000000007 0.25000000000000006
decision_type=2 2 2 2 2 2
left_child=2 4 -1 -4 -2 -5
right_child=1 -3 3 5 -6 -7
leaf_value=0.014692744058714095 -0.088860851953501269 -0.032210217019025017 -0.044351135208905351 0.0074457505513772409 -0.13626704727039426 0.013878478125474734
leaf_weight=16.159808173775676 1.1403677817434061 5.2500098282471299 2.0547512704506508 6.2590635865926725 0.19565119128674255 7.5075982697308064
leaf_count=24 32 78 22 24 10 20
internal_value=0 -0.451105 0.0928979 0.0377128 -0.958032 0.109538
internal_weight=0 6.58603 31.9812 15.8214 1.33602 13.7667
internal_count=210 120 90 66 42 44
shrinkage=0.1


Tree=4
num_leaves=7
num_cat=0
split_feature=0 0 0 0 0 0
split_gain=1.28642 0.289741 0.0555113 0.344314 0.0323401 0.0189689
threshold=0.35000000000000003 0.75000000000000011 1.0000000180025095e-35 0.15000000000000005 0.45000000000000007 0.25000000000000006
decision_type=2 2 2 2 2 2
left_child=2 4 -1 -4 -2 -5
right_child=1 -3 3 5 -6 -7
leaf_value=0.012338158919411681 -0.078492300153229999 -0.030595910204852445 -0.035918432180977976 0.0054537731415340539 -0.12679269084933806 0.012951071189853103
leaf_weight=16.220459148287777 1.0569818359799672 5.1803716719150543 1.8989803055301298 6.1963419839739782 0.15954943187534798 7.4107499867677689
leaf_count=24 32 78 22 24 10 20
internal_value=0 -0.409093 0.0824839 0.039702 -0.84827 0.0953698
internal_weight=0 6.3969 31.7265 15.5061 1.21653 13.6071
internal_count=210 120 90 66 42 44
shrinkage=0.1


Tree=5
num_leaves=7
num_cat=0
split_feature=0 0 0 0 0 0
split_gain=1.06277 0.204703 0.0374398 0.240407 0.0278788 0.0182818
threshold=0.35000000000000003 0.75000000000000011 1.0000000180025095e-35 0.15000000000000005 0.45000000000000007 0.25000000000000006
decision_type=2 2 2 2 2 2
left_child=2 4 -1 -4 -2 -5
right_child=1 -3 3 5 -6 -7
leaf_value=0.010807523864286937 -0.070318099167291065 -0.029134125626838786 -0.030200801136124625 0.0044945044355665488 -0.11877609480804284 0.011894260746342146
leaf_weight=16.260509312152866 1.0006544231437136 5.1205483097583055 1.8197266701608885 6.1296999938786012 0.13470783876255144 7.3328000195324421
leaf_count=24 32 78 22 24 10 20
internal_value=0 -0.376519 0.0746755 0.0391376 -0.760675 0.0852503
internal_weight=0 6.25591 31.5427 15.2822 1.13536 13.4625
internal_count=210 120 90 66 42 44
shrinkage=0.1


Tree=6
num_leaves=7
num_cat=0
split_feature=0 0 0 0 0 0
split_gain=0.894828 0.150721 0.0283862 0.182242 0.0240109 0.0160805
threshold=0.35000000000000003 0.75000000000000011 1.0000000180025095e-35 0.15000000000000005 0.45000000000000007 0.25000000000000006
decision_type=2 2 2 2 2 2
left_child=2 4 -1 -4 -2 -5
right_child=1 -3 3 5 -6 -7
leaf_value=0.0097213371077896609 -0.063713128661364846 -0.027696402867333238 -0.026472314203833083 0.0039009521490106364 -0.11181120577564599 0.010869786887199388
leaf_weight=16.290250808000568 0.95884282980114111 5.0647164010442793 1.7673010695725668 6.0756680034100992 0.11638760799542068 7.2769999913871288
leaf_count=24 32 78 22 24 10 20
internal_value=0 -0.349154 0.0682513 0.0370475 -0.689195 0.0769886
internal_weight=0 6.13995 31.4102 15.12 1.07523 13.3527
internal_count=210 120 90 66 42 44
shrinkage=0.1


Tree=7
num_leaves=7
num_cat=0
split_feature=0 0 0 0 0 0
split_gain=0.763746 0.11467 0.0233934 0.146527 0.0206763 0.0137606
threshold=0.35000000000000003 0.75000000000000011 1.0000000180025095e-35 0.15000000000000005 0.45000000000000007 0.25000000000000006
decision_type=2 2 2 2 2 2
left_child=2 4 -1 -4 -2 -5
right_child=1 -3 3 5 -6 -7
leaf_value=0.0089019843166731217 -0.058258004935842413 -0.026312913239043351 -0.023971258231792011 0.0034692638896884165 -0.10563805641629043 0.0099363344870789967
leaf_weight=16.313659906387333 0.9261632659472514 5.0130286449566483 1.7267812434583891 6.0332369431853277 0.1022759941406548 7.2367059029638767
leaf_count=24 32 78 22 24 10 20
internal_value=0 -0.32553 0.0628124 0.0343036 -0.629698 0.0699605
internal_weight=0 6.04147 31.3104 14.9967 1.02844 13.2699
internal_count=210 120 90 66 42 44
shrinkage=0.1


Tree=8
num_leaves=7
num_cat=0
split_feature=0 0 0 0 0 0
split_gain=0.659711 0.0894611 0.0203388 0.122333 0.0178127 0.0117121
threshold=0.35000000000000003 0.75000000000000011 1.0000000180025095e-35 0.15000000000000005 0.45000000000000007 0.25000000000000006
decision_type=2 2 2 2 2 2
left_child=2 4 -1 -4 -2 -5
right_child=1 -3 3 5 -6 -7
leaf_value=0.0082542641251303374 -0.053666775097639265 -0.025023024967791879 -0.022160745087962758 0.0031258454809296207 -0.10007636251494784 0.0091070763318443337
leaf_weight=16.332534447312359 0.8997464794665565 4.9661925560794771 1.6932074427604664 5.9994416199624521 0.091072932817041888 7.2060754597187042
leaf_count=24 32 78 22 24 10 20
internal_value=0 -0.304968 0.0581693 0.0314503 -0.579326 0.0638972
internal_weight=0 5.95701 31.2313 14.8987 0.990819 13.2055
internal_count=210 120 90 66 42 44
shrinkage=0.1


Tree=9
num_leaves=7
num_cat=0
split_feature=0 0 0 0 0 0
split_gain=0.576137 0.0711639 0.0182905 0.104609 0.0153592 0.00999896
threshold=0.35000000000000003 0.75000000000000011 1.0000000180025095e-35 0.15000000000000005 0.45000000000000007 0.25000000000000006
decision_type=2 2 2 2 2 2
left_child=2 4 -1 -4 -2 -5
right_child=1 -3 3 5 -6 -7
leaf_value=0.0077248276798359775 -0.049742248928652588 -0.023843650436782694 -0.020745521597411457 0.0028393181013174735 -0.09500123835767102 0.0083770831485330492
leaf_weight=16.347880020737652 0.87787437904626031 4.9242687649093568 1.6644998192787159 5.9718969613313657 0.081985171651467681 7.1813696548342705
leaf_count=24 32 78 22 24 10 20
internal_value=0 -0.28699 0.0541842 0.0287386 -0.53608 0.0586281
internal_weight=0 5.88413 31.1656 14.8178 0.95986 13.1533
internal_count=210 120 90 66 42 44
shrinkage=0.1


Tree=10
num_leaves=7
num_cat=0
split_feature=0 0 0 0 0 0
split_gain=0.50808 0.0574926 0.0167996 0.0908982 0.0132598 0.00858994
threshold=0.35000000000000003 0.75000000000000011 1.0000000180025095e-35 0.15000000000000005 0.45000000000000007 0.25000000000000006
decision_type=2 2 2 2 2 2
left_child=2 4 -1 -4 -2 -5
right_child=1 -3 3 5 -6 -7
leaf_value=0.0072800620010193377 -0.046342185070056927 -0.022771644488192726 -0.019572715332955945 0.002594096489177643 -0.090323034953399217 0.0077356855575798182
leaf_weight=16.360494598746303 0.85943663469515652 4.8868435071781278 1.6395172225311387 5.9489570111036283 0.074491956504061818 7.1603511981666088
leaf_count=24 32 78 22 24 10 20
internal_value=0 -0.271163 0.0507366 0.0262615 -0.498502 0.0540245
internal_weight=0 5.82077 31.1093 14.7488 0.933929 13.1093
internal_count=210 120 90 66 42 44
shrinkage=0.1


Tree=11
num_leaves=7
num_cat=0
split_feature=0 0 0 0 0 0
split_gain=0.451937 0.0470416 0.015634 0.0799267 0.0114647 0.00744353
threshold=0.35000000000000003 0.75000000000000011 1.0000000180025095e-35 0.15000000000000005 0.45000000000000007 0.25000000000000006
decision_type=2 2 2 2 2 2
left_child=2 4 -1 -4 -2 -5
right_child=1 -3 3 5 -6 -7
leaf_value=0.006898030363211057 -0.043363477111847779 -0.021797739467953145 -0.018565250310935172 0.0023802926676298269 -0.08597857577319297 0.0071736319009077692
leaf_weight=16.370970413088802 0.84367055422626336 4.8533673207275569 1.6174998409114767 5.9294861890375596 0.068235675105825067 7.141665481030941
leaf_count=24 32 78 22 24 10 20
internal_value=0 -0.257132 0.0477288 0.0240433 -0.465523 0.0499922
internal_weight=0 5.76527 31.0596 14.6887 0.911906 13.0712
internal_count=210 120 90 66 42 44
shrinkage=0.1


Tree=12
num_leaves=7
num_cat=0
split_feature=0 0 0 0 0 0
split_gain=0.405049 0.0389048 0.0146778 0.0709355 0.00992713 0.00650393
threshold=0.35000000000000003 0.75000000000000011 1.0000000180025095e-35 0.15000000000000005 0.45000000000000007 0.25000000000000006
decision_type=2 2 2 2 2 2
left_child=2 4 -1 -4 -2 -5
right_child=1 -3 3 5 -6 -7
leaf_value=0.0065645808941348326 -0.040729721940748247 -0.020910655826040285 -0.017679298979200682 0.0021923909873110738 -0.081917702507261284 0.0066789145701612197
leaf_weight=16.379736214876178 0.83004398900084098 4.8233072413131595 1.5979090598411847 5.9126955047249776 0.062955335015431046 7.1245156712830067
leaf_count=24 32 78 22 24 10 20
internal_value=0 -0.244604 0.0450826 0.0220682 -0.436334 0.0464417
internal_weight=0 5.71631 31.0149 14.6351 0.892999 13.0372
internal_count=210 120 90 66 42 44
shrinkage=0.1


Tree=13
num_leaves=7
num_cat=0
split_feature=0 0 0 0 0 0
split_gain=0.36545 0.0324714 0.0138556 0.0634242 0.00861031 0.00573154
threshold=0.35000000000000003 0.75000000000000011 1.0000000180025095e-35 0.15000000000000005 0.45000000000000007 0.25000000000000006
decision_type=2 2 2 2 2 2
left_child=2 4 -1 -4 -2 -5
right_child=1 -3 3 5 -6 -7
leaf_value=0.0062690958131015901 -0.038381934964143605 -0.020099845124675938 -0.016885174188341383 0.0020258168840503322 -0.078106809443707126 0.0062425436384823041
leaf_weight=16.387131258845333 0.81815444701351125 4.7961866687983274 1.580327103845774 5.8980260863900167 0.058461151551455259 7.1083877123892307
leaf_count=24 32 78 22 24 10 20
internal_value=0 -0.233344 0.0427364 0.0203189 -0.410312 0.0433038
internal_weight=0 5.6728 30.9739 14.5867 0.876616 13.0064
internal_count=210 120 90 66 42 44
shrinkage=0.1


Tree=14
num_leaves=7
num_cat=0
split_feature=0 0 0 0 0 0
split_gain=0.331659 0.0273178 0.0131242 0.0570784 0.00748162 0.00509562
threshold=0.35000000000000003 0.75000000000000011 1.0000000180025095e-35 0.15000000000000005 0.45000000000000007 0.25000000000000006
decision_type=2 2 2 2 2 2
left_child=2 4 -1 -4 -2 -5
right_child=1 -3 3 5 -6 -7
leaf_value=0.0060039799465421576 -0.036273990534733562 -0.019355571719464549 -0.016167257377918045 0.0018769595325147431 -0.07451922119126772 0.0058572332538890269
leaf_weight=16.393444389104847 0.80769798276014526 4.7715935055166483 1.5644320975989092 5.8850637264549714 0.054607591009698808 7.0929890349507332
leaf_count=24 32 78 22 24 10 20
internal_value=0 -0.223157 0.0406403 0.0187717 -0.38696 0.0405233
internal_weight=0 5.6339 30.9359 14.5425 0.862306 12.9781
internal_count=210 120 90 66 42 44
shrinkage=0.1


Tree=15
num_leaves=7
num_cat=0
split_feature=0 0 0 0 0 0
split_gain=0.302561 0.0231438 0.0124637 0.0516528 0.0065129 0.00456432
threshold=0.35000000000000003 0.75000000000000011 1.0000000180025095e-35 0.15000000000000005 0.45000000000000007 0.25000000000000006
decision_type=2 2 2 2 2 2
left_child=2 4 -1 -4 -2 -5
right_child=1 -3 3 5 -6 -7
leaf_value=0.0057641538309133322 -0.034370210579979944 -0.018669653199113311 -0.015512106026129936 0.0017436590572025381 -0.07113435804849931 0.0055145356173664411
leaf_weight=16.398847997188572 0.79844223964027972 4.7491842918097973 1.5499783698469389 5.8735010027885419 0.051281392574310303 7.0781444720923901
leaf_count=24 32 78 22 24 10 20
internal_value=0 -0.213892 0.0387554 0.0173985 -0.36589 0.0380446
internal_weight=0 5.59891 30.9005 14.5016 0.849724 12.9516
internal_count=210 120 90 66 42 44
shrinkage=0.1


Tree=16
num_leaves=7
num_cat=0
split_feature=0 0 0 0 0 0
split_gain=0.277308 0.0197283 0.0118547 0.0469742 0.00568056 0.00411797
threshold=0.35000000000000003 0.75000000000000011 1.0000000180025095e-35 0.15000000000000005 0.45000000000000007 0.25000000000000006
decision_type=2 2 2 2 2 2
left_child=2 4 -1 -4 -2 -5
right_child=1 -3 3 5 -6 -7
leaf_value=0.0055452935435661875 -0.032641392471415051 -0.018035595787933272 -0.014910480885288211 0.0016239328293874075 -0.067936087209147122 0.0052090797999390093
leaf_weight=16.403503954410557 0.79019652167335053 4.7286782283335924 1.5367588913068164 5.8630964625626785 0.048393450095318258 7.0637396201491356
leaf_count=24 32 78 22 24 10 20
internal_value=0 -0.205424 0.0370509 0.0161807 -0.346782 0.03583
internal_weight=0 5.56727 30.8671 14.4636 0.83859 12.9268
internal_count=210 120 90 66 42 44
shrinkage=0.1


Tree=17
num_leaves=7
num_cat=0
split_feature=0 0 0 0 0 0
split_gain=0.25522 0.0169111 0.0112896 0.0429069 0.00496463 0.00374087
threshold=0.35000000000000003 0.75000000000000011 1.0000000180025095e-35 0.15000000000000005 0.45000000000000007 0.25000000000000006
decision_type=2 2 2 2 2 2
left_child=2 4 -1 -4 -2 -5
right_child=1 -3 3 5 -6 -7
leaf_value=0.0053443304872528878 -0.031064369350114879 -0.017446872770141408 -0.01435519760295636 0.001515503960929913 -0.064912143426535895 0.0049355993116776391
leaf_weight=16.407545492053035 0.78281657095067103 4.7098217783495784 1.5246081426739682 5.8536733370274288 0.045873188879340887 7.0497175194323063
leaf_count=24 32 78 22 24 10 20
internal_value=0 -0.197647 0.0355003 0.0150955 -0.329381 0.0338406
internal_weight=0 5.53851 30.8355 14.428 0.82869 12.9034
internal_count=210 120 90 66 42 44
shrinkage=0.1


Tree=18
num_leaves=7
num_cat=0
split_feature=0 0 0 0 0 0
split_gain=0.235778 0.0145671 0.0107603 0.0393508 0.00434803 0.00341936
threshold=0.35000000000000003 0.75000000000000011 1.0000000180025095e-35 0.15000000000000005 0.45000000000000007 0.25000000000000006
decision_type=2 2 2 2 2 2
left_child=2 4 -1 -4 -2 -5
right_child=1 -3 3 5 -6 -7
leaf_value=0.0051586923173456136 -0.029618997040065959 -0.016898896048939387 -0.013841082130866773 0.0014173454828831774 -0.062051066959923407 0.0046899200760209554
leaf_weight=16.411072865128521 0.77617476461455115 4.6924215331673622 1.5133933154866088 5.8450766429305059 0.043662808137014501 7.036050908267498
leaf_count=24 32 78 22 24 10 20
internal_value=0 -0.190477 0.0340833 0.0141276 -0.313463 0.0320492
internal_weight=0 5.51226 30.8056 14.3945 0.819838 12.8811
internal_count=210 120 90 66 42 44
shrinkage=0.1


Tree=19
num_leaves=7
num_cat=0
split_feature=0 0 0 0 0 0
split_gain=0.218567 0.0126052 0.0102635 0.0362137 0.00381596 0.0031412
threshold=0.35000000000000003 0.75000000000000011 1.0000000180025095e-35 0.15000000000000005 0.45000000000000007 0.25000000000000006
decision_type=2 2 2 2 2 2
left_child=2 4 -1 -4 -2 -5
right_child=1 -3 3 5 -6 -7
leaf_value=0.004986521857021229 -0.028290402360617146 -0.01638730933741879 -0.013361624856395724 0.001328456823509276 -0.059343673350841876 0.0044676061557097071
leaf_weight=16.414154767990116 0.77017679112031956 4.6763046933338046 1.5029998659156252 5.8371933419257385 0.041715427185408771 7.0227142088115215
leaf_count=24 32 78 22 24 10 20
internal_value=0 -0.183842 0.0327829 0.013261 -0.298859 0.0304273
internal_weight=0 5.4882 30.7771 14.3629 0.811892 12.8599
internal_count=210 120 90 66 42 44
shrinkage=0.1


Tree=20
num_leaves=7
num_cat=0
split_feature=0 0 0 0 0 0
split_gain=0.203238 0.0109508 0.0097963 0.0334357 0.0033565 0.00290153
threshold=0.35000000000000003 0.75000000000000011 1.0000000180025095e-35 0.15000000000000005 0.45000000000000007 0.25000000000000006
decision_type=2 2 2 2 2 2
left_child=2 4 -1 -4 -2 -5
right_child=1 -3 3 5 -6 -7
leaf_value=0.0048261623668666882 -0.027063544453570981 -0.015908200873964967 -0.012914213865538794 0.0012469693727247631 -0.05678170258632706 0.0042662830361629581
leaf_weight=16.416864693164829 0.76473270799033244 4.6613221517764032 1.4933271217159916 5.8299297392368299 0.039992658654227846 7.0097060464322567
leaf_count=24 32 78 22 24 10 20
internal_value=0 -0.17768 0.0315841 0.0124817 -0.285405 0.0289534
internal_weight=0 5.46605 30.7498 14.333 0.804725 12.8396
internal_count=210 120 90 66 42 44
shrinkage=0.1


Tree=21
num_leaves=7
num_cat=0
split_feature=0 0 0 0 0 0
split_gain=0.189519 0.0095488 0.00935842 0.0309624 0.00295883 0.00268971
threshold=0.35000000000000003 0.75000000000000011 1.0000000180025095e-35 0.15000000000000005 0.45000000000000007 0.25000000000000006
decision_type=2 2 2 2 2 2
left_child=2 4 -1 -4 -2 -5
right_child=1 -3 3 5 -6 -7
leaf_value=0.0046764965508934537 -0.025927803237350774 -0.015458302496374979 -0.012495427009399792 0.0011729521163346261 -0.054357058276732109 0.0040820832485475916
leaf_weight=16.419241726398472 0.75977823277935275 4.6473482439760119 1.4843073142692436 5.823204876855014 0.038462330354377627 6.9970235265791416
leaf_count=24 32 78 22 24 10 20
internal_value=0 -0.171938 0.0304748 0.0117765 -0.272976 0.027607
internal_weight=0 5.44559 30.7238 14.3045 0.798241 12.8202
internal_count=210 120 90 66 42 44
shrinkage=0.1


Tree=22
num_leaves=7
num_cat=0
split_feature=0 0 0 0 0 0
split_gain=0.177186 0.00894306 0.0287476 0.00835433 0.00261426 0.00250504
threshold=0.35000000000000003 1.0000000180025095e-35 0.15000000000000005 0.75000000000000011 0.45000000000000007 0.25000000000000006
decision_type=2 2 2 2 2 2
left_child=1 -1 -3 4 -2 -4
right_child=3 2 5 -5 -6 -7
leaf_value=0.0045359902984950656 -0.024873277401863257 -0.012101492772848292 0.0011047734023580161 -0.015034870066238597 -0.052063335181893357 0.0039142089256476971
leaf_weight=16.421358510851864 0.75525261741131444 1.4758615605533112 5.8169586751610023 4.6342735278885812 0.037098213215358562 6.9846485070884228
leaf_count=24 32 22 24 78 10 20
internal_value=0 0.029445 0.0111404 -0.166573 -0.261463 0.0263762
internal_weight=0 30.6988 14.2775 5.42662 0.792351 12.8016
internal_count=210 90 66 120 42 44
shrinkage=0.1


Tree=23
num_leaves=7
num_cat=0
split_feature=0 0 0 0 0 0
split_gain=0.166056 0.00855219 0.0267575 0.00733075 0.00234024 0.00231507
threshold=0.35000000000000003 1.0000000180025095e-35 0.15000000000000005 0.75000000000000011 0.25000000000000006 0.45000000000000007
decision_type=2 2 2 2 2 2
left_child=1 -1 -3 5 -4 -2
right_child=3 2 4 -5 -6 -7
leaf_value=0.0044040727975030438 -0.023891229417600662 -0.011730698765791029 0.0010424377500727359 -0.014635802443212954 0.0037597004407043002 -0.049892965463626239
leaf_weight=16.423226386308674 0.75110424403101106 1.4679357148706902 5.811130737885831 4.6220157169736922 6.9725908599793911 0.035877631511539221
leaf_count=24 32 22 24 78 20 10
internal_value=0 0.0284864 0.0105621 -0.161549 0.0252451 -0.250766
internal_weight=0 30.6749 14.2517 5.409 12.7837 0.786982
internal_count=210 90 66 120 44 42
shrinkage=0.1


Tree=24
num_leaves=7
num_cat=0
split_feature=0 0 0 0 0 0
split_gain=0.155973 0.00818332 0.024962 0.0064507 0.00219294 0.0020548
threshold=0.35000000000000003 1.0000000180025095e-35 0.15000000000000005 0.75000000000000011 0.25000000000000006 0.45000000000000007
decision_type=2 2 2 2 2 2
left_child=1 -1 -3 5 -4 -2
right_child=3 2 4 -5 -6 -7
leaf_value=0.0042798415413749132 -0.02297501034010923 -0.011380789002815177 0.00098517953981872844 -0.014258776052573658 0.0036172197830348727 -0.047839848905473152
leaf_weight=16.424882084131244 0.74729403154924412 1.4604759053327132 5.8056743498891574 4.6104924664832652 6.9608501717448235 0.034782059548888355
leaf_count=24 32 22 24 78 20 10
internal_value=0 0.0275915 0.0100353 -0.156833 0.0242028 -0.240808
internal_weight=0 30.6519 14.227 5.39257 12.7665 0.782076
internal_count=210 90 66 120 44 42
shrinkage=0.1


Tree=25
num_leaves=7
num_cat=0
split_feature=0 0 0 0 0 0
split_gain=0.146797 0.00783507 0.0233414 0.0056907 0.00206155 0.00182787
threshold=0.35000000000000003 1.0000000180025095e-35 0.15000000000000005 0.75000000000000011 0.25000000000000006 0.45000000000000007
decision_type=2 2 2 2 2 2
left_child=1 -1 -3 5 -4 -2
right_child=3 2 4 -5 -6 -7
leaf_value=0.0041625140475456306 -0.022117743323727589 -0.011051354691055866 0.0009322097534853771 -0.013901525297306254 0.0034857483543403313 -0.045896860510730025
leaf_weight=16.426361948251728 0.74378232669550814 1.453445479273795 5.8005555346608144 4.5996252361219376 6.9494173116981983 0.033795001392718405
leaf_count=24 32 22 24 78 20 10
internal_value=0 0.0267529 0.00955313 -0.152391 0.0232402 -0.231512
internal_weight=0 30.6298 14.2034 5.3772 12.75 0.777577
internal_count=210 90 66 120 44 42
shrinkage=0.1


Tree=26
num_leaves=7
num_cat=0
split_feature=0 0 0 0 0 0
split_gain=0.138428 0.00750516 0.0218646 0.00503167 0.00194385 0.00162975
threshold=0.35000000000000003 1.0000000180025095e-35 0.15000000000000005 0.75000000000000011 0.25000000000000006 0.45000000000000007
decision_type=2 2 2 2 2 2
left_child=1 -1 -3 5 -4 -2
right_child=3 2 4 -5 -6 -7
leaf_value=0.0040514877020970744 -0.021314225833254798 -0.010738034619173413 0.00088298252996625571 -0.013562918553976469 0.0033640206668234425 -0.044058924273405853
leaf_weight=16.427688732743267 0.74053934076800831 1.4467976242303837 5.7957397960126382 4.5893606659956276 6.9382813200354576 0.03290343564003706
leaf_count=24 32 22 24 78 20 10
internal_value=0 0.0259663 0.00911252 -0.148204 0.0223481 -0.222818
internal_weight=0 30.6085 14.1808 5.3628 12.734 0.773443
internal_count=210 90 66 120 44 42
shrinkage=0.1


Tree=27
num_leaves=7
num_cat=0
split_feature=0 0 0 0 0 0
split_gain=0.13077 0.0071949 0.0205199 0.00445854 0.00183518 0.00145632
threshold=0.35000000000000003 1.0000000180025095e-35 0.15000000000000005 0.75000000000000011 0.25000000000000006 0.45000000000000007
decision_type=2 2 2 2 2 2
left_child=1 -1 -3 5 -4 -2
right_child=3 2 4 -5 -6 -7
leaf_value=0.0039464383048581101 -0.020559760030413134 -0.010441226345304009 0.00083797461063188177 -0.013241255944272168 0.0032500368888256702 -0.042319623917717562
leaf_weight=16.42885991930962 0.73753889091312785 1.4405032200738777 5.7911924067884666 4.5796490679495037 6.9274528697133064 0.032095566508360207
leaf_count=24 32 22 24 78 20 10
internal_value=0 0.0252263 0.00870584 -0.144248 0.0215175 -0.214672
internal_weight=0 30.588 14.1591 5.34928 12.7186 0.769634
internal_count=210 90 66 120 44 42
shrinkage=0.1


Tree=28
num_leaves=7
num_cat=0
split_feature=0 0 0 0 0 0
split_gain=0.12374 0.00690032 0.0192898 0.00395785 0.00173662 0.00130436
threshold=0.35000000000000003 1.0000000180025095e-35 0.15000000000000005 0.75000000000000011 0.25000000000000006 0.45000000000000007
decision_type=2 2 2 2 2 2
left_child=1 -1 -3 5 -4 -2
right_child=3 2 4 -5 -6 -7
leaf_value=0.0038465988391634428 -0.019849415458112155 -0.010158771956211806 0.0007961992812764722 -0.012935231394769715 0.0031438848212769878 -0.040673946098506338
leaf_weight=16.429915234446529 0.7347530183615153 1.4345326018519688 5.7868943102657777 4.5704358825460076 6.9169103167951107 0.031361702305730432
leaf_count=24 32 22 24 78 20 10
internal_value=0 0.0245286 0.00833224 -0.140502 0.0207446 -0.207019
internal_weight=0 30.5683 14.1383 5.33655 12.7038 0.766115
internal_count=210 90 66 120 44 42
shrinkage=0.1


Tree=29
num_leaves=7
num_cat=0
split_feature=0 0 0 0 0 0
split_gain=0.117271 0.00662363 0.0181626 0.00351964 0.00164611 0.0011707
threshold=0.35000000000000003 1.0000000180025095e-35 0.15000000000000005 0.75000000000000011 0.25000000000000006 0.45000000000000007
decision_type=2 2 2 2 2 2
left_child=1 -1 -3 5 -4 -2
right_child=3 2 4 -5 -6 -7
leaf_value=0.0037519073060373141 -0.019180107132344495 -0.0098902149066789555 0.00075732843580219298 -0.012643706948802175 0.0030442279931579969 -0.039115380576153491
leaf_weight=16.430845454335216 0.7321653044782569 1.4288563639856864 5.7828227020800096 4.5616866603959352 6.9066592119634151 0.030692881031427529
leaf_count=24 32 22 24 78 20 10
internal_value=0 0.0238698 0.00798482 -0.136951 0.0200205 -0.199822
internal_weight=0 30.5492 14.1183 5.32454 12.6895 0.762858
internal_count=210 90 66 120 44 42
shrinkage=0.1


Tree=30
num_leaves=7
num_cat=0
split_feature=0 0 0 0 0 0
split_gain=0.111303 0.00636044 0.0171285 0.00313516 0.00156338 0.00105306
threshold=0.35000000000000003 1.0000000180025095e-35 0.15000000000000005 0.75000000000000011 0.25000000000000006 0.45000000000000007
decision_type=2 2 2 2 2 2
left_child=1 -1 -3 5 -4 -2
right_child=3 2 4 -5 -6 -7
leaf_value=0.0036616229021148301 -0.018548408444088681 -0.0096346207269256013 0.00072123439999540991 -0.012365505665636538 0.0029510666785881436 -0.037640086522785464
leaf_weight=16.431688189506534 0.72975650487933219 1.4234544746577729 5.7789560668170434 4.5533598400652409 6.8966827690601349 0.030082138837315146
leaf_count=24 32 22 24 78 20 10
internal_value=0 0.0232463 0.0076644 -0.133578 0.0193446 -0.193043
internal_weight=0 30.5308 14.0991 5.3132 12.6756 0.759839
internal_count=210 90 66 120 44 42
shrinkage=0.1


Tree=31
num_leaves=7
num_cat=0
split_feature=0 0 0 0 0 0
split_gain=0.105784 0.00611203 0.0161747 0.00279617 0.0014871 0.000949281
threshold=0.35000000000000003 1.0000000180025095e-35 0.15000000000000005 0.75000000000000011 0.25000000000000006 0.45000000000000007
decision_type=2 2 2 2 2 2
left_child=1 -1 -3 5 -4 -2
right_child=3 2 4 -5 -6 -7
leaf_value=0.0035756474376900551 -0.01795063469792443 -0.0093903828681813177 0.00068748610205992655 -0.012099861321858864 0.0028633174568578846 -0.036242427133406876
leaf_weight=16.432440489530567 0.72750743117648997 1.4183036973699916 5.7752819675952178 4.5454258141107857 6.886975422501564 0.02952284540515393
leaf_count=24 32 22 24 78 20 10
internal_value=0 0.0226553 0.00736591 -0.13037 0.0187092 -0.18664
internal_weight=0 30.513 14.0806 5.30246 12.6623 0.75703
internal_count=210 90 66 120 44 42
shrinkage=0.1


Tree=32
num_leaves=7
num_cat=0
split_feature=0 0 0 0 0 0
split_gain=0.10067 0.00587612 0.0152956 0.00249692 0.00141598 0.000857554
threshold=0.35000000000000003 1.0000000180025095e-35 0.15000000000000005 0.75000000000000011 0.25000000000000006 0.45000000000000007
decision_type=2 2 2 2 2 2
left_child=1 -1 -3 5 -4 -2
right_child=3 2 4 -5 -6 -7
leaf_value=0.0034935383943170239 -0.017384503322958929 -0.0091573517306151285 0.00065637058218337202 -0.011845846302595379 0.0027805467926910066 -0.034918247725072897
leaf_weight=16.433112993836406 0.72540509817190368 1.4133869418874372 5.7717793099582178 4.5378557685762644 6.8775303475558758 0.029009602556470785
leaf_count=24 32 22 24 78 20 10
internal_value=0 0.0220944 0.00708885 -0.127315 0.018113 -0.180587
internal_weight=0 30.4958 14.0627 5.29227 12.6493 0.754415
internal_count=210 90 66 120 44 42
shrinkage=0.1


Tree=33
num_leaves=7
num_cat=0
split_feature=0 0 0 0 0 0
split_gain=0.0959185 0.00565334 0.0144828 0.00223279 0.00135107 0.000776212
threshold=0.35000000000000003 1.0000000180025095e-35 0.15000000000000005 0.75000000000000011 0.25000000000000006 0.45000000000000007
decision_type=2 2 2 2 2 2
left_child=1 -1 -3 5 -4 -2
right_child=3 2 4 -5 -6 -7
leaf_value=0.00341514912700395 -0.01684821069974193 -0.0089347313583822505 0.00062676082879490236 -0.011602399604641033 0.0027026365052544672 -0.033662706622374403
leaf_weight=16.433715015649799 0.7234404602786515 1.40868680179119 5.7684415560215694 4.530616806121543 6.8683409839868546 0.028537427075207237
leaf_count=24 32 22 24 78 20 10
internal_value=0 0.0215608 0.00682912 -0.1244 0.0175504 -0.174863
internal_weight=0 30.4792 14.0455 5.28259 12.6368 0.751978
internal_count=210 90 66 120 44 42
shrinkage=0.1


Tree=34
num_leaves=7
num_cat=0
split_feature=0 0 0 0 0 0
split_gain=0.0914978 0.00544122 0.0137269 0.00199817 0.00128942 0.000704056
threshold=0.35000000000000003 1.0000000180025095e-35 0.15000000000000005 0.75000000000000011 0.25000000000000006 0.45000000000000007
decision_type=2 2 2 2 2 2
left_child=1 -1 -3 5 -4 -2
right_child=3 2 4 -5 -6 -7
leaf_value=0.0033400707869163495 -0.016338471846977145 -0.0087205888918551102 0.00059961603768698252 -0.011369179723735304 0.0026284888427378201 -0.032472007922863248
leaf_weight=16.434252798557285 0.7215964267961672 1.4041864066384722 5.7652507703751308 4.5236921508330852 6.8593907654285431 0.028102196345571429
leaf_count=24 32 22 24 78 20 10
internal_value=0 0.0210527 0.00658746 -0.121616 0.0170197 -0.169432
internal_weight=0 30.4631 14.0288 5.27339 12.6246 0.749699
internal_count=210 90 66 120 44 42
shrinkage=0.1


Tree=35
num_leaves=7
num_cat=0
split_feature=0 0 0 0 0 0
split_gain=0.0873794 0.00524052 0.0130256 0.00178959 0.00123322 0.000639872
threshold=0.35000000000000003 1.0000000180025095e-35 0.15000000000000005 0.75000000000000011 0.25000000000000006 0.45000000000000007
decision_type=2 2 2 2 2 2
left_child=1 -1 -3 5 -4 -2
right_child=3 2 4 -5 -6 -7
leaf_value=0.0032682719017878984 -0.01585382596935915 -0.0085155960542135055 0.00057362142174069365 -0.011145614008142946 0.0025586454339324187 -0.031342156916036833
leaf_weight=16.434731274843219 0.71986528718843956 1.3998717926442612 5.7621997855603677 4.5170617301482707 6.850684005767107 0.02770015058922581
leaf_count=24 32 22 24 78 20 10
internal_value=0 0.0205686 0.00636067 -0.118957 0.0165179 -0.164277
internal_weight=0 30.4475 14.0128 5.26463 12.6129 0.747565
internal_count=210 90 66 120 44 42
shrinkage=0.1


Tree=36
num_leaves=7
num_cat=0
split_feature=0 0 0 0 0 0
split_gain=0.0835295 0.00504934 0.0123754 0.00160421 0.00117955 0.000582621
threshold=0.35000000000000003 1.0000000180025095e-35 0.15000000000000005 0.75000000000000011 0.25000000000000006 0.45000000000000007
decision_type=2 2 2 2 2 2
left_child=1 -1 -3 5 -4 -2
right_child=3 2 4 -5 -6 -7
leaf_value=0.0031993285162162017 -0.015392612853155657 -0.0083196167955318576 0.00054986565423948135 -0.010930590883001395 0.0024920333237950188 -0.030269047349287998
leaf_weight=16.435159415006641 0.71823869633953918 1.3957377653568972 5.7592746559530479 4.5106950830668211 6.8422060012817383 0.027327889838488773
leaf_count=24 32 22 24 78 20 10
internal_value=0 0.020106 0.00614824 -0.116408 0.016044 -0.159379
internal_weight=0 30.4324 13.9972 5.25626 12.6015 0.745567
internal_count=210 90 66 120 44 42
shrinkage=0.1


Tree=37
num_leaves=7
num_cat=0
split_feature=0 0 0 0 0 0
split_gain=0.0799314 0.00486755 0.0117674 0.00143895 0.0011296 0.000531478
threshold=0.35000000000000003 1.0000000180025095e-35 0.15000000000000005 0.75000000000000011 0.25000000000000006 0.45000000000000007
decision_type=2 2 2 2 2 2
left_child=1 -1 -3 5 -4 -2
right_child=3 2 4 -5 -6 -7
leaf_value=0.003133197165168751 -0.014953360370835818 -0.0081305630407299528 0.00052739826134822431 -0.010724092684513778 0.0024287787001873104 -0.029249702850286937
leaf_weight=16.435541003942493 0.7167089021531855 1.3917630766518403 5.7564702164381725 4.5045887210872024 6.8339514508843422 0.026982700102962557
leaf_count=24 32 22 24 78 20 10
internal_value=0 0.0196642 0.00594921 -0.113969 0.0155945 -0.154721
internal_weight=0 30.4177 13.9822 5.24828 12.5904 0.743692
internal_count=210 90 66 120 44 42
shrinkage=0.1


Tree=38
num_leaves=7
num_cat=0
split_feature=0 0 0 0 0 0
split_gain=0.076558 0.00469699 0.0112013 0.00129132 0.00108324 0.000485738
threshold=0.35000000000000003 1.0000000180025095e-35 0.15000000000000005 0.75000000000000011 0.25000000000000006 0.45000000000000007
decision_type=2 2 2 2 2 2
left_child=1 -1 -3 5 -4 -2
right_child=3 2 4 -5 -6 -7
leaf_value=0.0030699294101229685 -0.01453406805591703 -0.0079497152568543446 0.00050575088142766806 -0.010525262210878308 0.0023684365065985416 -0.028280871589823516
leaf_weight=16.435867995023731 0.71526753308717061 1.3879437041468907 5.7537820469588024 4.4987157005816698 6.8259157724678516 0.026662031159503385
leaf_count=24 32 22 24 78 20 10
internal_value=0 0.0192412 0.00575829 -0.111627 0.0151647 -0.150281
internal_weight=0 30.4035 13.9676 5.24065 12.5797 0.74193
internal_count=210 90 66 120 44 42
shrinkage=0.1


Tree=39
num_leaves=7
num_cat=0
split_feature=0 0 0 0 0 0
split_gain=0.073395 0.00453252 0.0106731 0.00115929 0.00103943 0.000444733
threshold=0.35000000000000003 1.0000000180025095e-35 0.15000000000000005 0.75000000000000011 0.25000000000000006 0.45000000000000007
decision_type=2 2 2 2 2 2
left_child=1 -1 -3 5 -4 -2
right_child=3 2 4 -5 -6 -7
leaf_value=0.0030088695726988779 -0.014133840607727398 -0.0077757371141811823 0.00048585616077308729 -0.010333956508120743 0.0023111898492357997 -0.027359630897547529
leaf_weight=16.436167806386951 0.71390760818030585 1.3842696337960649 5.7511938996613008 4.49306910042651 6.8180839084088802 0.026363621582277119
leaf_count=24 32 22 24 78 20 10
internal_value=0 0.0188362 0.00558168 -0.109381 0.0147599 -0.146049
internal_weight=0 30.3897 13.9535 5.23334 12.5693 0.740271
internal_count=210 90 66 120 44 42
shrinkage=0.1


Tree=40
num_leaves=7
num_cat=0
split_feature=0 0 0 0 0 0
split_gain=0.0704202 0.00437635 0.0101774 0.0010411 0.000997663 0.000407875
threshold=0.35000000000000003 1.0000000180025095e-35 0.15000000000000005 0.75000000000000011 0.25000000000000006 0.45000000000000007
decision_type=2 2 2 2 2 2
left_child=1 -1 -3 5 -4 -2
right_child=3 2 4 -5 -6 -7
leaf_value=0.0029501410570314229 -0.013751159719047112 -0.0076077741382646951 0.00046720999933106934 -0.010149383239958475 0.0022561646445568915 -0.026482454154477447
leaf_weight=16.436434447765354 0.7126243319362392 1.3807304040528823 5.7487068567424995 4.4876275658607483 6.810446597635746 0.026085265883011743
leaf_count=24 32 22 24 78 20 10
internal_value=0 0.0184475 0.005414 -0.10722 0.0143731 -0.142007
internal_weight=0 30.3763 13.9399 5.22634 12.5592 0.73871
internal_count=210 90 66 120 44 42
shrinkage=0.1


Tree=41
num_leaves=7
num_cat=0
split_feature=0 0 0 0 0 0
split_gain=0.0676248 0.00422875 0.00971255 0.000958699 0.000935169 0.000374713
threshold=0.35000000000000003 1.0000000180025095e-35 0.15000000000000005 0.25000000000000006 0.75000000000000011 0.45000000000000007
decision_type=2 2 2 2 2 2
left_child=1 -1 -3 -4 5 -2
right_child=4 2 3 -5 -6 -7
leaf_value=0.0028937910125422647 -0.013385387124065479 -0.0074460208799971943 0.0004492853993251926 0.0022035941929194401 -0.0099716167712886397 -0.025647569452819204
leaf_weight=16.436656460165981 0.71141262608580191 1.3773180646821845 5.7463131155818683 6.803007286041975 4.4823898517061025 0.025825534336036071
leaf_count=24 32 22 24 20 78 10
internal_value=0 0.018075 0.00525415 0.014003 -0.105145 -0.138149
internal_weight=0 30.3633 13.9266 12.5493 5.21963 0.737238
internal_count=210 90 66 44 120 42
shrinkage=0.1


Tree=42
num_leaves=7
num_cat=0
split_feature=0 0 0 0 0 0
split_gain=0.0649898 0.00408654 0.0092776 0.000922083 0.000839895 0.000344838
threshold=0.35000000000000003 1.0000000180025095e-35 0.15000000000000005 0.25000000000000006 0.75000000000000011 0.45000000000000007
decision_type=2 2 2 2 2 2
left_child=1 -1 -3 -4 5 -2
right_child=4 2 3 -5 -6 -7
leaf_value=0.0028392782626712894 -0.013034675717729885 -0.0072903614147175975 0.00043253839027884288 0.0021536276550221957 -0.0097999901721414241 -0.024851998849017665
leaf_weight=16.436862111091617 0.7102641036035483 1.3740265192463983 5.7440042775124294 6.795752976089716 4.4773351636249572 0.025582554721040648
leaf_count=24 32 22 24 20 78 10
internal_value=0 0.0177168 0.00510492 0.0136526 -0.103146 -0.134455
internal_weight=0 30.3506 13.9138 12.5398 5.21318 0.735847
internal_count=210 90 66 44 120 42
shrinkage=0.1


Tree=43
num_leaves=7
num_cat=0
split_feature=0 0 0 0 0 0
split_gain=0.0625037 0.00395166 0.00886795 0.000886973 0.000754561 0.000317816
threshold=0.35000000000000003 1.0000000180025095e-35 0.15000000000000005 0.25000000000000006 0.75000000000000011 0.45000000000000007
decision_type=2 2 2 2 2 2
left_child=1 -1 -3 -4 5 -2
right_child=4 2 3 -5 -6 -7
leaf_value=0.0027868039512143959 -0.012699078268598039 -0.0071398973471956066 0.00041678882721188663 0.0021053736051570189 -0.0096340968458407499 -0.02409329103242408
leaf_weight=16.437031179666523 0.70917944423854251 1.3708479665219773 5.741777027025817 6.7886801678687334 4.4724549578968436 0.025354932819027454
leaf_count=24 32 22 24 20 78 10
internal_value=0 0.0173724 0.0049622 0.0133162 -0.101219 -0.130924
internal_weight=0 30.3383 13.9013 12.5305 5.20699 0.734534
internal_count=210 90 66 44 120 42
shrinkage=0.1


Tree=44
num_leaves=7
num_cat=0
split_feature=0 0 0 0 0 0
split_gain=0.0601561 0.00382354 0.00848288 0.000853661 0.000677668 0.000293371
threshold=0.35000000000000003 1.0000000180025095e-35 0.15000000000000005 0.25000000000000006 0.75000000000000011 0.45000000000000007
decision_type=2 2 2 2 2 2
left_child=1 -1 -3 -4 5 -2
right_child=4 2 3 -5 -6 -7
leaf_value=0.0027362528464078897 -0.012376920245871625 -0.006994843199931257 0.00040185308097928581 0.0020589789306301107 -0.0094738239018158886 -0.023369240804536048
leaf_weight=16.437176212668422 0.70815149950794776 1.3677781994920213 5.7396306227892619 6.781778734177351 4.467740994412452 0.025141390680801123
leaf_count=24 32 22 24 20 78 10
internal_value=0 0.0170409 0.00482579 0.0129938 -0.0993627 -0.127538
internal_weight=0 30.3264 13.8892 12.5214 5.20103 0.733293
internal_count=210 90 66 44 120 42
shrinkage=0.1


Tree=45
num_leaves=7
num_cat=0
split_feature=0 0 0 0 0 0
split_gain=0.0579371 0.00369953 0.00812054 0.000823101 0.000608508 0.000271243
threshold=0.35000000000000003 1.0000000180025095e-35 0.15000000000000005 0.25000000000000006 0.75000000000000011 0.45000000000000007
decision_type=2 2 2 2 2 2
left_child=1 -1 -3 -4 5 -2
right_child=4 2 3 -5 -6 -7
leaf_value=0.0026872186189148676 -0.012067845027609676 -0.0068545852999790033 0.00038745851636522329 0.0020151828778417103 -0.0093188546691853197 -0.022678675935115696
leaf_weight=16.437310054898266 0.70717592933215101 1.3648075242526818 5.7375545613467676 6.7750407196581364 4.4631839371286333 0.024940947740105912
leaf_count=24 32 22 24 20 78 10
internal_value=0 0.0167217 0.00469888 0.012688 -0.0975718 -0.124293
internal_weight=0 30.3147 13.8774 12.5126 5.1953 0.732117
internal_count=210 90 66 44 120 42
shrinkage=0.1


Tree=46
num_leaves=7
num_cat=0
split_feature=0 0 0 0 0 0
split_gain=0.0558361 0.00358168 0.00777904 0.000793287 0.000545998 0.00025117
threshold=0.35000000000000003 1.0000000180025095e-35 0.15000000000000005 0.25000000000000006 0.75000000000000011 0.45000000000000007
decision_type=2 2 2 2 2 2
left_child=1 -1 -3 -4 5 -2
right_child=4 2 3 -5 -6 -7
leaf_value=0.0026399185048057421 -0.011770400001911707 -0.0067191605129832245 0.00037414278277318194 0.0019726237152390609 -0.0091689065162787412 -0.022018786125870306
leaf_weight=16.43741445243359 0.70624738361220707 1.3619354546535749 5.7355437837541086 6.7684704475104809 4.458777504041791 0.024752377037657425
leaf_count=24 32 22 24 20 78 10
internal_value=0 0.016414 0.00457704 0.0123941 -0.0958422 -0.121174
internal_weight=0 30.3034 13.8659 12.504 5.18978 0.731
internal_count=210 90 66 44 120 42
shrinkage=0.1


Tree=47
num_leaves=7
num_cat=0
split_feature=0 0 0 0 0 0
split_gain=0.0538474 0.00346973 0.00745682 0.000764925 0.000489831 0.000232877
threshold=0.35000000000000003 1.0000000180025095e-35 0.15000000000000005 0.25000000000000006 0.75000000000000011 0.45000000000000007
decision_type=2 2 2 2 2 2
left_child=1 -1 -3 -4 5 -2
right_child=4 2 3 -5 -6 -7
leaf_value=0.0025943139741277394 -0.011485066472997608 -0.0065882991083909912 0.00036145348534146447 0.0019315842307870486 -0.0090237925074797849 -0.021387807471919006
leaf_weight=16.437499374151233 0.70536955492570896 1.359156404621898 5.7336030919104797 6.7620553486049175 4.4545133779756725 0.024574739480158318
leaf_count=24 32 22 24 20 78 10
internal_value=0 0.0161174 0.0044601 0.0121113 -0.0941727 -0.118185
internal_weight=0 30.2923 13.8548 12.4957 5.18446 0.729944
internal_count=210 90 66 44 120 42
shrinkage=0.1


Tree=48
num_leaves=7
num_cat=0
split_feature=0 0 0 0 0 0
split_gain=0.0519601 0.00336192 0.00715149 0.000737988 0.000439115 0.000216242
threshold=0.35000000000000003 1.0000000180025095e-35 0.15000000000000005 0.25000000000000006 0.75000000000000011 0.45000000000000007
decision_type=2 2 2 2 2 2
left_child=1 -1 -3 -4 5 -2
right_child=4 2 3 -5 -6 -7
leaf_value=0.0025500737505328649 -0.011210319487376785 -0.0064611185229378797 0.0003494443859035877 0.0018921465026136776 -0.0088831239339719394 -0.020784590123110479
leaf_weight=16.4375693500042 0.70453384041320433 1.356460423208772 5.7317234482616168 6.7557874117046595 4.4503809509333223 0.024407299526501447
leaf_count=24 32 22 24 20 78 10
internal_value=0 0.015831 0.00434962 0.0118405 -0.0925577 -0.115309
internal_weight=0 30.2815 13.844 12.4875 5.17932 0.728941
internal_count=210 90 66 44 120 42
shrinkage=0.1


Tree=49
num_leaves=7
num_cat=0
split_feature=0 0 0 0 0 0
split_gain=0.0501678 0.00325992 0.00686368 0.000712324 0.000393373 0.000201045
threshold=0.35000000000000003 1.0000000180025095e-35 0.15000000000000005 0.25000000000000006 0.75000000000000011 0.45000000000000007
decision_type=2 2 2 2 2 2
left_child=1 -1 -3 -4 5 -2
right_child=4 2 3 -5 -6 -7
leaf_value=0.0025074158296359448 -0.010945860794330761 -0.0063386207007435193 0.00033788883267626523 0.001853974430222194 -0.0087466985835189456 -0.020206802950722733
leaf_weight=16.437613233923916 0.70373945112805714 1.3538497989065934 5.7299041394144279 6.7496702987700701 4.446376372827217 0.02424913723370992
leaf_count=24 32 22 24 20 78 10
internal_value=0 0.0155542 0.00424208 0.0115787 -0.090995 -0.112543
internal_weight=0 30.271 13.8334 12.4796 5.17436 0.727989
internal_count=210 90 66 44 120 42
shrinkage=0.1


Tree=50
num_leaves=7
num_cat=0
split_feature=0 0 0 0 0 0
split_gain=0.0484654 0.00316089 0.00659177 0.000687958 0.000352071 0.000187185
threshold=0.35000000000000003 1.0000000180025095e-35 0.15000000000000005 0.25000000000000006 0.75000000000000011 0.45000000000000007
decision_type=2 2 2 2 2 2
left_child=1 -1 -3 -4 5 -2
right_child=4 2 3 -5 -6 -7
leaf_value=0.0024659104344630259 -0.010691123991399995 -0.0062199511234658977 0.00032712334900363103 0.0018174810321708854 -0.0086144459501543199 -0.01965403683329657
leaf_weight=16.437654614448551 0.70298324048053373 1.3513178827706713 5.7281371951103193 6.7436890564858913 4.442494242452085 0.024099766655126587
leaf_count=24 32 22 24 20 78 10
internal_value=0 0.0152868 0.00414175 0.0113298 -0.0894831 -0.109882
internal_weight=0 30.2608 13.8231 12.4718 5.16958 0.727083
internal_count=210 90 66 44 120 42
shrinkage=0.1


Tree=51
num_leaves=7
num_cat=0
split_feature=0 0 0 0 0 0
split_gain=0.0468471 0.00306633 0.00633343 0.00066525 0.000314701 0.000174519
threshold=0.35000000000000003 1.0000000180025095e-35 0.15000000000000005 0.25000000000000006 0.75000000000000011 0.45000000000000007
decision_type=2 2 2 2 2 2
left_child=1 -1 -3 -4 5 -2
right_child=4 2 3 -5 -6 -7
leaf_value=0.0024257472762471352 -0.010445400956441843 -0.006104606678396963 0.00031648148912440523 0.0017824460786330324 -0.0084862049208046294 -0.019124543878323755
leaf_weight=16.437682718038563 0.70226245187222858 1.3488587606698264 5.7264266982674581 6.737845154479146 4.4387287618592381 0.023958465404575687
leaf_count=24 32 22 24 20 78 10
internal_value=0 0.0150282 0.00404535 0.0110894 -0.0880194 -0.107317
internal_weight=0 30.2508 13.8131 12.4643 5.16495 0.726221
internal_count=210 90 66 44 120 42
shrinkage=0.1


Tree=52
num_leaves=7
num_cat=0
split_feature=0 0 0 0 0 0
split_gain=0.0453064 0.002976 0.00608874 0.000642611 0.000281018 0.000162891
threshold=0.35000000000000003 1.0000000180025095e-35 0.15000000000000005 0.25000000000000006 0.75000000000000011 0.45000000000000007
decision_type=2 2 2 2 2 2
left_child=1 -1 -3 -4 5 -2
right_child=4 2 3 -5 -6 -7
leaf_value=0.0023868521800164254 -0.01020861281688685 -0.0059929291085669203 0.0003068826478654519 0.0017480815982766412 -0.008361647443915203 -0.018616520976993366
leaf_weight=16.437689170241359 0.7015768806450059 1.3464737331960339 5.7247637342661601 6.7321318089962006 4.4350731279700994 0.023824578878702599
leaf_count=24 32 22 24 20 78 10
internal_value=0 0.014778 0.00395253 0.0108576 -0.0866009 -0.104848
internal_weight=0 30.2411 13.8034 12.4569 5.16047 0.725401
internal_count=210 90 66 44 120 42
shrinkage=0.1


Tree=53
num_leaves=7
num_cat=0
split_feature=0 0 0 0 0 0
split_gain=0.0438391 0.00288978 0.00585668 0.000621602 0.000250612 0.000152239
threshold=0.35000000000000003 1.0000000180025095e-35 0.15000000000000005 0.25000000000000006 0.75000000000000011 0.45000000000000007
decision_type=2 2 2 2 2 2
left_child=1 -1 -3 -4 5 -2
right_child=4 2 3 -5 -6 -7
leaf_value=0.002349194987204917 -0.0099801679949079614 -0.0058847194086803483 0.00029730605342475768 0.0017151289667091535 -0.0082406846017610887 -0.018129647464183923
leaf_weight=16.437685370445255 0.70092419255524763 1.3441558314952988 5.7231528051197511 6.7265482321381569 4.4315237975679338 0.023697749566053968
leaf_count=24 32 22 24 20 78 10
internal_value=0 0.0145357 0.00386291 0.0106335 -0.085226 -0.102467
internal_weight=0 30.2315 13.7939 12.4497 5.15615 0.724622
internal_count=210 90 66 44 120 42
shrinkage=0.1


Tree=54
num_leaves=7
num_cat=0
split_feature=0 0 0 0 0 0
split_gain=0.0424403 0.0028056 0.00563535 0.000601511 0.000223125 0.000142439
threshold=0.35000000000000003 1.0000000180025095e-35 0.15000000000000005 0.25000000000000006 0.75000000000000011 0.45000000000000007
decision_type=2 2 2 2 2 2
left_child=1 -1 -3 -4 5 -2
right_child=4 2 3 -5 -6 -7
leaf_value=0.0023124257111710382 -0.0097595276228707971 -0.0057789095897742785 0.00028838991470682282 0.001683475323027603 -0.0081231754608589689 -0.017661930125893649
leaf_weight=16.437682583928112 0.70030114438850333 1.3419010608922679 5.7215857561677677 6.721077635884285 4.4280731468461454 0.023577230080263689
leaf_count=24 32 22 24 20 78 10
internal_value=0 0.0143011 0.00377966 0.0104196 -0.0838926 -0.100169
internal_weight=0 30.2222 13.7846 12.4427 5.15195 0.723878
internal_count=210 90 66 44 120 42
shrinkage=0.1


Tree=55
num_leaves=7
num_cat=0
split_feature=0 0 0 0 0 0
split_gain=0.0411049 0.00272538 0.00542647 0.000582126 0.000198283 0.000133445
threshold=0.35000000000000003 1.0000000180025095e-35 0.15000000000000005 0.25000000000000006 0.75000000000000011 0.45000000000000007
decision_type=2 2 2 2 2 2
left_child=1 -1 -3 -4 5 -2
right_child=4 2 3 -5 -6 -7
leaf_value=0.0022768046480457923 -0.0095461675329731252 -0.0056770858739408356 0.00027995947223104543 0.0016527306744696627 -0.0080088644968137855 -0.017213127208123947
leaf_weight=16.437660336494449 0.69970529247075219 1.3397114046383638 5.7200610712170583 6.715735025703907 4.4247181366663426 0.023462872282834724
leaf_count=24 32 22 24 20 78 10
internal_value=0 0.0140735 0.00369861 0.010213 -0.0825977 -0.0979492
internal_weight=0 30.2132 13.7755 12.4358 5.14789 0.723168
internal_count=210 90 66 44 120 42
shrinkage=0.1


Tree=56
num_leaves=7
num_cat=0
split_feature=0 0 0 0 0 0
split_gain=0.0398305 0.00264852 0.00522746 0.000563532 0.000175879 0.000125165
threshold=0.35000000000000003 1.0000000180025095e-35 0.15000000000000005 0.25000000000000006 0.75000000000000011 0.45000000000000007
decision_type=2 2 2 2 2 2
left_child=1 -1 -3 -4 5 -2
right_child=4 2 3 -5 -6 -7
leaf_value=0.0022422437951353726 -0.0093400741608581292 -0.0055779987957732449 0.00027189083712262751 0.0016228967922455662 -0.0078977419493327285 -0.016782137017524023
leaf_weight=16.437630206346515 0.69913756265304883 1.3375817488413293 5.7185792569071037 6.7105052266269922 4.4214568233583122 0.023354200791800395
leaf_count=24 32 22 24 20 78 10
internal_value=0 0.0138528 0.00362053 0.010013 -0.0813411 -0.0958064
internal_weight=0 30.2043 13.7667 12.4291 5.14395 0.722492
internal_count=210 90 66 44 120 42
shrinkage=0.1


Tree=57
num_leaves=7
num_cat=0
split_feature=0 0 0 0 0 0
split_gain=0.0386122 0.00257472 0.00503795 0.00054604 0.000155701 0.000117516
threshold=0.35000000000000003 1.0000000180025095e-35 0.15000000000000005 0.25000000000000006 0.75000000000000011 0.45000000000000007
decision_type=2 2 2 2 2 2
left_child=1 -1 -3 -4 5 -2
right_child=4 2 3 -5 -6 -7
leaf_value=0.0022086577671931247 -0.0091408550511607439 -0.0054816736422776645 0.00026395329992887545 0.0015941502503786745 -0.0077895230457463872 -0.016367563877169318
leaf_weight=16.43759381771088 0.69859633571468194 1.3355075148865569 5.7171392720192653 6.7053861804306507 4.4182812860235572 0.02325071589439176
leaf_count=24 32 22 24 20 78 10
internal_value=0 0.0136386 0.0035453 0.00981962 -0.0801198 -0.0937363
internal_weight=0 30.1956 13.758 12.4225 5.14013 0.721847
internal_count=210 90 66 44 120 42
shrinkage=0.1


Tree=58
num_leaves=7
num_cat=0
split_feature=0 0 0 0 0 0
split_gain=0.0374486 0.00250328 0.00485751 0.000529054 0.000137438 0.000110449
threshold=0.35000000000000003 1.0000000180025095e-35 0.15000000000000005 0.25000000000000006 0.75000000000000011 0.45000000000000007
decision_type=2 2 2 2 2 2
left_child=1 -1 -3 -4 5 -2
right_child=4 2 3 -5 -6 -7
leaf_value=0.0021759453852602021 -0.0089479243634156651 -0.0053879324685939638 0.00025663250958529282 0.0015662880880899421 -0.0076843646583032348 -0.015968473574600801
leaf_weight=16.43754963576794 0.69807765283621748 1.3334897255990643 5.7157349046319705 6.7003757357597351 4.4151932010427117 0.023152079214924012
leaf_count=24 32 22 24 20 78 10
internal_value=0 0.0134309 0.00347414 0.0096339 -0.0789343 -0.0917329
internal_weight=0 30.1872 13.7496 12.4161 5.13642 0.72123
internal_count=210 90 66 44 120 42
shrinkage=0.1


Tree=59
num_leaves=7
num_cat=0
split_feature=0 0 0 0 0 0
split_gain=0.0363343 0.00243486 0.0046856 0.00051273 0.000121001 0.000103925
threshold=0.35000000000000003 1.0000000180025095e-35 0.15000000000000005 0.25000000000000006 0.75000000000000011 0.45000000000000007
decision_type=2 2 2 2 2 2
left_child=1 -1 -3 -4 5 -2
right_child=4 2 3 -5 -6 -7
leaf_value=0.00214416305180814 -0.0087611351228986303 -0.0052968668289218477 0.00024959079098628195 0.0015391836683278908 -0.0075818546607807555 -0.015584683378694548
leaf_weight=16.437500014901165 0.69758265325799484 1.3315249071456481 5.71436884626746 6.6954673826694489 4.4121836645063013 0.02305811463156715
leaf_count=24 32 22 24 20 78 10
internal_value=0 0.013229 0.00340497 0.00945364 -0.0777808 -0.0897947
internal_weight=0 30.1789 13.7414 12.4098 5.13282 0.720641
internal_count=210 90 66 44 120 42
shrinkage=0.1


Tree=60
num_leaves=7
num_cat=0
split_feature=0 0 0 0 0 0
split_gain=0.0352682 0.00236944 0.00452205 0.000496954 0.000106216 9.78924e-05
threshold=0.35000000000000003 1.0000000180025095e-35 0.15000000000000005 0.25000000000000006 0.75000000000000011 0.45000000000000007
decision_type=2 2 2 2 2 2
left_child=1 -1 -3 -4 5 -2
right_child=4 2 3 -5 -6 -7
leaf_value=0.0021133201082419169 -0.0085803620179037404 -0.0052085802233609105 0.00024288615658941525 0.0015127749062212562 -0.0074820581077865893 -0.015215450504884091
leaf_weight=16.437435224652294 0.69711024512071051 1.3296099589206267 5.7130369916558248 6.6906661167740822 4.409254337195307 0.022968586170463823
leaf_count=24 32 22 24 20 78 10
internal_value=0 0.0130329 0.00333766 0.00927875 -0.0766595 -0.08792
internal_weight=0 30.1707 13.7333 12.4037 5.12933 0.720079
internal_count=210 90 66 44 120 42
shrinkage=0.1


Tree=61
num_leaves=7
num_cat=0
split_feature=0 0 0 0 0 0
split_gain=0.0342465 0.00230568 0.00436549 0.000482386 9.29367e-05 9.22889e-05
threshold=0.35000000000000003 1.0000000180025095e-35 0.15000000000000005 0.25000000000000006 0.75000000000000011 0.45000000000000007
decision_type=2 2 2 2 2 2
left_child=1 -1 -3 -4 5 -2
right_child=4 2 3 -5 -6 -7
leaf_value=0.0020831568278320725 -0.0084052765220538946 -0.0051221997695809554 0.00023619032854485912 0.0014876067444687426 -0.0073847563361531948 -0.014859388262307311
leaf_weight=16.437375083565716 0.69665796821936876 1.3277411935850967 5.7117406856268627 6.6859569884836674 4.4063974295277148 0.022882978024426848
leaf_count=24 32 22 24 20 78 10
internal_value=0 0.0128422 0.00327434 0.00911067 -0.0755682 -0.0861053
internal_weight=0 30.1628 13.7254 12.3977 5.12594 0.719541
internal_count=210 90 66 44 120 42
shrinkage=0.1


Tree=62
num_leaves=7
num_cat=0
split_feature=0 0 0 0 0 0
split_gain=0.0332669 0.00224482 0.00421551 0.00046758 8.09529e-05 8.71042e-05
threshold=0.35000000000000003 1.0000000180025095e-35 0.15000000000000005 0.25000000000000006 0.75000000000000011 0.45000000000000007
decision_type=2 2 2 2 2 2
left_child=1 -1 -3 -4 5 -2
right_child=4 2 3 -5 -6 -7
leaf_value=0.0020538779688527987 -0.0082351699114763446 -0.005037894331309036 0.00023019837663851972 0.0014625293603569157 -0.0072899301267766864 -0.014516302064666598
leaf_weight=16.437300145626072 0.69622430950403125 1.3259207825176407 5.7104749791324121 6.6813430264592171 4.4036127252038568 0.022801236074883487
leaf_count=24 32 22 24 20 78 10
internal_value=0 0.0126568 0.00321216 0.00894639 -0.0745056 -0.0843435
internal_weight=0 30.155 13.7177 12.3918 5.12264 0.719026
internal_count=210 90 66 44 120 42
shrinkage=0.1


Tree=63
num_leaves=7
num_cat=0
split_feature=0 0 0 0 0 0
split_gain=0.0323283 0.00218543 0.00407357 0.000454328 7.02752e-05 8.22801e-05
threshold=0.35000000000000003 1.0000000180025095e-35 0.15000000000000005 0.25000000000000006 0.75000000000000011 0.45000000000000007
decision_type=2 2 2 2 2 2
left_child=1 -1 -3 -4 5 -2
right_child=4 2 3 -5 -6 -7
leaf_value=0.0020252423677845403 -0.0080707560119241319 -0.0049564731436002691 0.00022403122306185078 0.0014390335090409528 -0.0071974971976395772 -0.014185690409775381
leaf_weight=16.43723247945309 0.69581126025877793 1.324143295874818 5.7092414386570436 6.6768236719071865 4.4008980120997876 0.022723090471117761
leaf_count=24 32 22 24 20 78 10
internal_value=0 0.0124765 0.00315396 0.0087899 -0.073472 -0.0826414
internal_weight=0 30.1474 13.7102 12.3861 5.11943 0.718534
internal_count=210 90 66 44 120 42
shrinkage=0.1


Tree=64
num_leaves=7
num_cat=0
split_feature=0 0 0 0 0 0
split_gain=0.0314269 0.00212888 0.00393751 0.000440795 6.06286e-05 7.78058e-05
threshold=0.35000000000000003 1.0000000180025095e-35 0.15000000000000005 0.25000000000000006 0.75000000000000011 0.45000000000000007
decision_type=2 2 2 2 2 2
left_child=1 -1 -3 -4 5 -2
right_child=4 2 3 -5 -6 -7
leaf_value=0.0019974520289821516 -0.0079105616878147114 -0.004877064063460476 0.00021850421955779337 0.0014155262441162253 -0.0071073636240546025 -0.013866463684835165
leaf_weight=16.437150254845623 0.69541340984869648 1.3224119448568661 5.70803573168814 6.6723944135010242 4.3982501467689872 0.02264828626357485
leaf_count=24 32 22 24 20 78 10
internal_value=0 0.012301 0.00309621 0.00863636 -0.0724646 -0.0809842
internal_weight=0 30.14 13.7028 12.3804 5.11631 0.718062
internal_count=210 90 66 44 120 42
shrinkage=0.1


Tree=65
num_leaves=7
num_cat=0
split_feature=0 0 0 0 0 0
split_gain=0.0305617 0.00207431 0.00380672 0.000428107 5.20811e-05 7.36404e-05
threshold=0.35000000000000003 1.0000000180025095e-35 0.15000000000000005 0.25000000000000006 0.75000000000000011 0.45000000000000007
decision_type=2 2 2 2 2 2
left_child=1 -1 -3 -4 5 -2
right_child=4 2 3 -5 -6 -7
leaf_value=0.0019703635038272474 -0.0077556119692430564 -0.0047992199686908606 0.00021293674325413887 0.0013928473265314542 -0.0070193618476507378 -0.013558826102104501
leaf_weight=16.437064185738567 0.69503477506805111 1.3207208414096374 5.7068610470741969 6.6680494770407677 4.3956639998359606 0.022576773058972321
leaf_count=24 32 22 24 20 78 10
internal_value=0 0.0121301 0.00304064 0.00848715 -0.0714831 -0.0793819
internal_weight=0 30.1327 13.6956 12.3749 5.11328 0.717612
internal_count=210 90 66 44 120 42
shrinkage=0.1


Tree=66
num_leaves=7
num_cat=0
split_feature=0 0 0 0 0 0
split_gain=0.0297296 0.0020207 0.0036823 0.000415919 4.44473e-05 6.97572e-05
threshold=0.35000000000000003 1.0000000180025095e-35 0.15000000000000005 0.25000000000000006 0.75000000000000011 0.45000000000000007
decision_type=2 2 2 2 2 2
left_child=1 -1 -3 -4 5 -2
right_child=4 2 3 -5 -6 -7
leaf_value=0.001943746306390733 -0.0076049328395411996 -0.0047236406084352643 0.00020782530909368505 0.001371053247617408 -0.0069333846089845944 -0.013261448104762914
leaf_weight=16.436985254287723 0.69467057939618726 1.3190697501413513 5.7057132199406606 6.6637842077761889 4.3931367297191173 0.022508132242364809
leaf_count=24 32 22 24 20 78 10
internal_value=0 0.0119635 0.00298891 0.00834488 -0.0705254 -0.0778246
internal_weight=0 30.1256 13.6886 12.3695 5.11032 0.717179
internal_count=210 90 66 44 120 42
shrinkage=0.1


Tree=67
num_leaves=7
num_cat=0
split_feature=0 0 0 0 0 0
split_gain=0.0289309 0.00196978 0.00356268 0.000404278 3.76684e-05 6.61406e-05
threshold=0.35000000000000003 1.0000000180025095e-35 0.15000000000000005 0.25000000000000006 0.75000000000000011 0.45000000000000007
decision_type=2 2 2 2 2 2
left_child=1 -1 -3 -4 5 -2
right_child=4 2 3 -5 -6 -7
leaf_value=0.0019179619343515216 -0.0074587343461248725 -0.0046497593566230885 0.00020265558054902269 0.0013497159494936714 -0.0068495644929147991 -0.012974512089514315
leaf_weight=16.436894357204441 0.69432322471402486 1.3174547348171461 5.704593504779039 6.6596065126359463 4.3906724628759548 0.02244243265886325
leaf_count=24 32 22 24 20 78 10
internal_value=0 0.0118014 0.00293736 0.00820485 -0.0695929 -0.0763144
internal_weight=0 30.1185 13.6817 12.3642 5.10744 0.716766
internal_count=210 90 66 44 120 42
shrinkage=0.1


Tree=68
num_leaves=7
num_cat=0
split_feature=0 0 0 0 0 0
split_gain=0.0281621 0.00192114 0.00344777 0.000392695 3.16415e-05 6.27688e-05
threshold=0.35000000000000003 1.0000000180025095e-35 0.15000000000000005 0.25000000000000006 0.75000000000000011 0.45000000000000007
decision_type=2 2 2 2 2 2
left_child=1 -1 -3 -4 5 -2
right_child=4 2 3 -5 -6 -7
leaf_value=0.001892886848586961 -0.007316352548250863 -0.0045775961929601988 0.00019782019497978205 0.0013285476656327002 -0.0067676498591930732 -0.01269706201676396
leaf_weight=16.436791285872463 0.69398914586054061 1.3158776194322843 5.7034984268248063 6.655509265139699 4.388264893903397 0.022379418078344315
leaf_count=24 32 22 24 20 78 10
internal_value=0 0.0116433 0.00288622 0.00806734 -0.0686824 -0.0748445
internal_weight=0 30.1117 13.6749 12.359 5.10463 0.716369
internal_count=210 90 66 44 120 42
shrinkage=0.1


Tree=69
num_leaves=7
num_cat=0
split_feature=0 0 0 0 0 0
split_gain=0.0274231 0.00187319 0.00333816 0.00038164 2.63498e-05 5.96132e-05
threshold=0.35000000000000003 1.0000000180025095e-35 0.15000000000000005 0.25000000000000006 0.75000000000000011 0.45000000000000007
decision_type=2 2 2 2 2 2
left_child=1 -1 -3 -4 5 -2
right_child=4 2 3 -5 -6 -7
leaf_value=0.001868243273227727 -0.007178289501478168 -0.0045073054124031217 0.00019336932398250194 0.0013082805926873627 -0.0066876715474052011 -0.012428920630999454
leaf_weight=16.436695605516437 0.69366993603762139 1.3143374526407559 5.7024258943274599 6.6514850463718176 4.3859135794918984 0.022318919174722399
leaf_count=24 32 22 24 20 78 10
internal_value=0 0.0114892 0.00283911 0.0079365 -0.0677949 -0.0734196
internal_weight=0 30.1049 13.6682 12.3539 5.1019 0.715989
internal_count=210 90 66 44 120 42
shrinkage=0.1


Tree=70
num_leaves=7
num_cat=0
split_feature=0 0 0 0 0 0
split_gain=0.0267113 0.00182701 0.00323341 0.000371331 2.16937e-05 5.66598e-05
threshold=0.35000000000000003 1.0000000180025095e-35 0.15000000000000005 0.25000000000000006 0.75000000000000011 0.45000000000000007
decision_type=2 2 2 2 2 2
left_child=1 -1 -3 -4 5 -2
right_child=4 2 3 -5 -6 -7
leaf_value=0.0018442002182079518 -0.0070438819289292687 -0.0044390024691800534 0.00018881118803441767 0.001288765508062637 -0.0066094896806244115 -0.012169305894110855
leaf_weight=16.436597377061847 0.69336323486640949 1.3128317340742786 5.7013787701725942 6.6475384533405304 4.3836135761812329 0.022260751793510281
leaf_count=24 32 22 24 20 78 10
internal_value=0 0.0113389 0.00279316 0.00780927 -0.0669283 -0.0720332
internal_weight=0 30.0983 13.6617 12.3489 5.09924 0.715624
internal_count=210 90 66 44 120 42
shrinkage=0.1


Tree=71
num_leaves=7
num_cat=0
split_feature=0 0 0 0 0 0
split_gain=0.0260253 0.00178226 0.00313298 0.000361237 1.76303e-05 5.39036e-05
threshold=0.35000000000000003 1.0000000180025095e-35 0.15000000000000005 0.25000000000000006 0.75000000000000011 0.45000000000000007
decision_type=2 2 2 2 2 2
left_child=1 -1 -3 -4 5 -2
right_child=4 2 3 -5 -6 -7
leaf_value=0.001820684365140134 -0.0069130791301423578 -0.0043723491834160742 0.0001845698997320832 0.0012696697063692558 -0.0065329994117292126 -0.011918403564995714
leaf_weight=16.436499238014225 0.693069112370721 1.3113594744354475 5.7003529686480743 6.6436631940305233 4.3813640454318374 0.02220490224135574
leaf_count=24 32 22 24 20 78 10
internal_value=0 0.0111922 0.00274884 0.00768581 -0.0660815 -0.0706846
internal_weight=0 30.0919 13.6554 12.344 5.09664 0.715274
internal_count=210 90 66 44 120 42
shrinkage=0.1


Tree=72
num_leaves=7
num_cat=0
split_feature=0 0 0 0 0 0
split_gain=0.0253653 0.00173966 0.00303639 0.000351299 1.41008e-05 5.13214e-05
threshold=0.35000000000000003 1.0000000180025095e-35 0.15000000000000005 0.25000000000000006 0.75000000000000011 0.45000000000000007
decision_type=2 2 2 2 2 2
left_child=1 -1 -3 -4 5 -2
right_child=4 2 3 -5 -6 -7
leaf_value=0.0017978664348798597 -0.0067858481867194582 -0.0043072478574052112 0.00018050191099306398 0.0012507634449086737 -0.0064583593293004353 -0.011675573280600446
leaf_weight=16.436389178037647 0.69278783822664891 1.3099207368213672 5.6993505498394352 6.6398637145757675 4.3791677192784846 0.022151255834614855
leaf_count=24 32 22 24 20 78 10
internal_value=0 0.0110491 0.00270456 0.00756421 -0.0652558 -0.0693735
internal_weight=0 30.0855 13.6491 12.3392 5.09411 0.714939
internal_count=210 90 66 44 120 42
shrinkage=0.1


Tree=73
num_leaves=7
num_cat=0
split_feature=0 0 0 0 0 0
split_gain=0.0247288 0.00169763 0.00294324 0.000341782 1.10808e-05 4.88967e-05
threshold=0.35000000000000003 1.0000000180025095e-35 0.15000000000000005 0.25000000000000006 0.75000000000000011 0.45000000000000007
decision_type=2 2 2 2 2 2
left_child=1 -1 -3 -4 5 -2
right_child=4 2 3 -5 -6 -7
leaf_value=0.0017753996997263476 -0.0066622150228166175 -0.0042431419791111209 0.00017670113621822661 0.0012325519894316036 -0.0063852761548802237 -0.01144046230921773
leaf_weight=16.436286568641666 0.69251868029823427 1.3085111724212755 5.6983693698421103 6.6361244972795248 4.3770164269953966 0.022099629481090236
leaf_count=24 32 22 24 20 78 10
internal_value=0 0.0109095 0.00266369 0.00744763 -0.0644488 -0.0680998
internal_weight=0 30.0793 13.643 12.3345 5.09163 0.714618
internal_count=210 90 66 44 120 42
shrinkage=0.1


Tree=74
num_leaves=7
num_cat=0
split_feature=0 0 0 0 0 0
split_gain=0.0241145 0.00165783 0.00285412 0.000332652 8.49712e-06 4.66197e-05
threshold=0.35000000000000003 1.0000000180025095e-35 0.15000000000000005 0.25000000000000006 0.75000000000000011 0.45000000000000007
decision_type=2 2 2 2 2 2
left_child=1 -1 -3 -4 5 -2
right_child=4 2 3 -5 -6 -7
leaf_value=0.0017535976544857165 -0.0065415550861587851 -0.0041810233577215276 0.00017279663430074722 0.0012146295539297795 -0.0063137445866132047 -0.011212343629034652
leaf_weight=16.436174854636196 0.69225996121531252 1.3071323367767025 5.6974120112135989 6.6324569843709469 4.3749113259837031 0.022049871724448167
leaf_count=24 32 22 24 20 78 10
internal_value=0 0.010773 0.00262178 0.00733217 -0.0636596 -0.0668574
internal_weight=0 30.0732 13.637 12.3299 5.08922 0.71431
internal_count=210 90 66 44 120 42
shrinkage=0.1


Tree=75
num_leaves=7
num_cat=0
split_feature=0 0 0 0 0 0
split_gain=0.0235216 0.00161862 0.00276836 0.000323678 6.33835e-06 4.44853e-05
threshold=0.35000000000000003 1.0000000180025095e-35 0.15000000000000005 0.25000000000000006 0.75000000000000011 0.45000000000000007
decision_type=2 2 2 2 2 2
left_child=1 -1 -3 -4 5 -2
right_child=4 2 3 -5 -6 -7
leaf_value=0.0017321399031114317 -0.0064242901713907168 -0.0041200531174920901 0.00016933371838236005 0.0011971927197641759 -0.0062436848165583723 -0.010991734701981091
leaf_weight=16.436060689389709 0.69201252347556763 1.3057827141601581 5.6964691029861552 6.6288555357605219 4.3728489725617692 0.022002054611220959
leaf_count=24 32 22 24 20 78 10
internal_value=0 0.0106396 0.00258286 0.00722141 -0.0628879 -0.0656503
internal_weight=0 30.0672 13.6311 12.3253 5.08686 0.714015
internal_count=210 90 66 44 120 42
shrinkage=0.1


Tree=76
num_leaves=7
num_cat=0
split_feature=0 0 0 0 0 0
split_gain=0.0229505 0.00158062 0.00268654 0.000315633 4.54278e-06 4.24828e-05
threshold=0.35000000000000003 1.0000000180025095e-35 0.15000000000000005 0.25000000000000006 0.75000000000000011 0.45000000000000007
decision_type=2 2 2 2 2 2
left_child=1 -1 -3 -4 5 -2
right_child=4 2 3 -5 -6 -7
leaf_value=0.0017111672067441749 -0.0063099545476720878 -0.0040609178375353126 0.00016555329019202872 0.001180727209865362 -0.0061752947614703603 -0.010777972715457371
leaf_weight=16.43595572561026 0.69177447707625006 1.3044629443902511 5.695549074560402 6.6253157090395689 4.3708328257780522 0.021955989868729372
leaf_count=24 32 22 24 20 78 10
internal_value=0 0.0105095 0.00254547 0.00711444 -0.0621349 -0.064474
internal_weight=0 30.0613 13.6253 12.3209 5.08456 0.71373
internal_count=210 90 66 44 120 42
shrinkage=0.1


Tree=77
num_leaves=7
num_cat=0
split_feature=0 0 0 0 0 0
split_gain=0.0223988 0.00154395 0.00260748 0.000307383 3.08469e-06 4.06039e-05
threshold=0.35000000000000003 1.0000000180025095e-35 0.15000000000000005 0.25000000000000006 0.75000000000000011 0.45000000000000007
decision_type=2 2 2 2 2 2
left_child=1 -1 -3 -4 5 -2
right_child=4 2 3 -5 -6 -7
leaf_value=0.0016906735090628019 -0.0061983251096464978 -0.0040028558580782227 0.00016225263175418005 0.0011642355805362599 -0.0061083411447322225 -0.010570726743821264
leaf_weight=16.435840830206875 0.69154560152674005 1.3031681715510774 5.6946445396170002 6.6218393538147211 4.3688597438158467 0.02191161023802124
leaf_count=24 32 22 24 20 78 10
internal_value=0 0.0103823 0.00250884 0.00700959 -0.0613982 -0.0633261
internal_weight=0 30.0555 13.6197 12.3165 5.08232 0.713457
internal_count=210 90 66 44 120 42
shrinkage=0.1


Tree=78
num_leaves=7
num_cat=0
split_feature=0 0 0 0 0 0
split_gain=0.0218643 0.00150855 0.0025316 0.000299441 1.94342e-06 3.88325e-05
threshold=0.35000000000000003 1.0000000180025095e-35 0.15000000000000005 0.25000000000000006 0.75000000000000011 0.45000000000000007
decision_type=2 2 2 2 2 2
left_child=1 -1 -3 -4 5 -2
right_child=4 2 3 -5 -6 -7
leaf_value=0.0016706086044219381 -0.0060893573781912076 -0.003946297035526041 0.00015898579997912981 0.0011481005258607382 -0.0060425523764785615 -0.010369403849773003
leaf_weight=16.435726225376133 0.69132543378509481 1.3019013097509731 5.6937596909701806 6.6184234451502562 4.3669223174219951 0.021868755866307765
leaf_count=24 32 22 24 20 78 10
internal_value=0 0.0102576 0.00247255 0.00690685 -0.0606755 -0.062206
internal_weight=0 30.0498 13.6141 12.3122 5.08012 0.713194
internal_count=210 90 66 44 120 42
shrinkage=0.1


Tree=79
num_leaves=7
num_cat=0
split_feature=0 0 0 0 0 0
split_gain=0.0213495 0.00147428 0.00245794 0.000291827 1.09115e-06 3.71526e-05
threshold=0.35000000000000003 1.0000000180025095e-35 0.15000000000000005 0.25000000000000006 0.75000000000000011 0.45000000000000007
decision_type=2 2 2 2 2 2
left_child=1 -1 -3 -4 5 -2
right_child=4 2 3 -5 -6 -7
leaf_value=0.0016510195715198298 -0.0059834667495622844 -0.0038904176625516661 0.00015576354240942592 0.0011323764270196274 -0.0059783225683793829 -0.010173776518187221
leaf_weight=16.435610868036751 0.69111645553493772 1.3006576660554845 5.6928932256996614 6.6150663401931524 4.3650288458447903 0.021827351374668069
leaf_count=24 32 22 24 20 78 10
internal_value=0 0.010136 0.00243771 0.00680656 -0.0599706 -0.0611176
internal_weight=0 30.0442 13.6086 12.308 5.07797 0.712944
internal_count=210 90 66 44 120 42
shrinkage=0.1


Tree=80
num_leaves=7
num_cat=0
split_feature=0 0 0 0 0 0
split_gain=0.0208514 0.00144074 0.00238712 0.000284096 4.98072e-07 3.55776e-05
threshold=0.35000000000000003 1.0000000180025095e-35 0.15000000000000005 0.25000000000000006 0.75000000000000011 0.45000000000000007
decision_type=2 2 2 2 2 2
left_child=1 -1 -3 -4 5 -2
right_child=4 2 3 -5 -6 -7
leaf_value=0.0016317578723392366 -0.0058800537320835601 -0.0038357550246870065 0.00015306945403148874 0.0011168095917632372 -0.0059153527079002111 -0.0099842362064694809
leaf_weight=16.435493759810928 0.69091480423230578 1.2994410663377483 5.692043839953838 6.6117580886930227 4.3631709618493915 0.021787458259495907
leaf_count=24 32 22 24 20 78 10
internal_value=0 0.010017 0.00240458 0.0067096 -0.0592801 -0.0600552
internal_weight=0 30.0387 13.6032 12.3038 5.07587 0.712702
internal_count=210 90 66 44 120 42
shrinkage=0.1


Tree=81
num_leaves=7
num_cat=0
split_feature=0 0 0 0 0 0
split_gain=0.0203701 0.00140897 0.00231907 0.000276877 5.23886e-07 3.37068e-05
threshold=0.35000000000000003 1.0000000180025095e-35 0.15000000000000005 0.25000000000000006 0.45000000000000007 0.75000000000000011
decision_type=2 2 2 2 2 2
left_child=1 -1 -3 -4 -2 -6
right_child=4 2 3 -5 5 -7
leaf_value=0.0016130800010197297 -0.0057795293716277479 -0.003782596595881778 0.00015006999444078229 0.0011016316759054738 -0.0098002149284244344 -0.0058536472609400595
leaf_weight=16.43536934256554 0.69072388228960235 1.2982483920641232 5.6912100976333004 6.6085155457258224 0.021748979444964681 4.3613529445137829
leaf_count=24 32 22 24 20 10 78
internal_value=0 0.00990068 0.00237056 0.00661334 -0.0586047 -0.0587323
internal_weight=0 30.0333 13.598 12.2997 5.07383 4.3831
internal_count=210 90 66 44 120 88
shrinkage=0.1


Tree=82
num_leaves=7
num_cat=0
split_feature=0 0 0 0 0 0
split_gain=0.0199045 0.0013776 0.00225349 0.000270097 1.02614e-06 3.1665e-05
threshold=0.35000000000000003 1.0000000180025095e-35 0.15000000000000005 0.25000000000000006 0.45000000000000007 0.75000000000000011
decision_type=2 2 2 2 2 2
left_child=1 -1 -3 -4 -2 -6
right_child=4 2 3 -5 5 -7
leaf_value=0.001594657893725906 -0.005681040116220901 -0.0037304077696371598 0.00014712896675256903 0.001087108263221727 -0.0096216526934086912 -0.0057932249338235632
leaf_weight=16.435253269970421 0.69053872436052088 1.297078002244233 5.690393357537685 6.6053229831159115 0.021711825160309561 4.3595702424645424
leaf_count=24 32 22 24 20 10 78
internal_value=0 0.00978682 0.00233895 0.00652091 -0.0579434 -0.058122
internal_weight=0 30.028 13.5928 12.2957 5.07182 4.38128
internal_count=210 90 66 44 120 88
shrinkage=0.1


Tree=83
num_leaves=7
num_cat=0
split_feature=0 0 0 0 0 0
split_gain=0.0194534 0.00134683 0.00219099 0.000263304 1.6746e-06 2.97537e-05
threshold=0.35000000000000003 1.0000000180025095e-35 0.15000000000000005 0.25000000000000006 0.45000000000000007 0.75000000000000011
decision_type=2 2 2 2 2 2
left_child=1 -1 -3 -4 -2 -6
right_child=4 2 3 -5 5 -7
leaf_value=0.0015765229026282472 -0.005584754900453035 -0.0036798793572822759 0.00014464871923594751 0.0010728712866723954 -0.0094480944426198754 -0.0057339448542507556
leaf_weight=16.435136631131176 0.69035980850458045 1.295932963490485 5.6895883530378324 6.6021827533841133 0.021675897005479672 4.3578215028392151
leaf_count=24 32 22 24 20 10 78
internal_value=0 0.00967523 0.002309 0.00643218 -0.0572951 -0.0575233
internal_weight=0 30.0228 13.5877 12.2918 5.06986 4.3795
internal_count=210 90 66 44 120 88
shrinkage=0.1


Tree=84
num_leaves=7
num_cat=0
split_feature=0 0 0 0 0 0
split_gain=0.0190167 0.00131762 0.00212992 0.000256793 2.44446e-06 2.79667e-05
threshold=0.35000000000000003 1.0000000180025095e-35 0.15000000000000005 0.25000000000000006 0.45000000000000007 0.75000000000000011
decision_type=2 2 2 2 2 2
left_child=1 -1 -3 -4 -2 -6
right_child=4 2 3 -5 5 -7
leaf_value=0.0015588996091484785 -0.0054910813307410856 -0.0036298584510183044 0.00014194347249602013 0.0010587498563795455 -0.0092795166172840501 -0.0056757531906250396
leaf_weight=16.435011357069019 0.69019091565860335 1.2948067926336069 5.6888026818633062 6.5990953631699085 0.021641211715177518 4.3561043394729495
leaf_count=24 32 22 24 20 10 78
internal_value=0 0.00956597 0.00227813 0.00634305 -0.0566599 -0.0569357
internal_weight=0 30.0177 13.5827 12.2879 5.06794 4.37775
internal_count=210 90 66 44 120 88
shrinkage=0.1


Tree=85
num_leaves=7
num_cat=0
split_feature=0 0 0 0 0 0
split_gain=0.0185944 0.0012886 0.00207155 0.000250643 3.33996e-06 2.62826e-05
threshold=0.35000000000000003 1.0000000180025095e-35 0.15000000000000005 0.25000000000000006 0.45000000000000007 0.75000000000000011
decision_type=2 2 2 2 2 2
left_child=1 -1 -3 -4 -2 -6
right_child=4 2 3 -5 5 -7
leaf_value=0.0015414895325029335 -0.005399372324729387 -0.0035811492104225943 0.0001394312615126678 0.0010453231066353316 -0.0091151083072484613 -0.0056188274980049869
leaf_weight=16.43489566445351 0.69002688053296779 1.2937034331262101 5.6880278792232257 6.5960574746131897 0.021607527756714151 4.3544235532172024
leaf_count=24 32 22 24 20 10 78
internal_value=0 0.00945913 0.00225011 0.00625859 -0.0560385 -0.0563609
internal_weight=0 30.0127 13.5778 12.2841 5.06606 4.37603
internal_count=210 90 66 44 120 88
shrinkage=0.1


Tree=86
num_leaves=7
num_cat=0
split_feature=0 0 0 0 0 0
split_gain=0.0181847 0.00126099 0.00201457 0.000244506 4.33408e-06 2.47155e-05
threshold=0.35000000000000003 1.0000000180025095e-35 0.15000000000000005 0.25000000000000006 0.45000000000000007 0.75000000000000011
decision_type=2 2 2 2 2 2
left_child=1 -1 -3 -4 -2 -6
right_child=4 2 3 -5 5 -7
leaf_value=0.0015245385954106175 -0.0053098994712974775 -0.0035330058363975837 0.00013694228258795806 0.0010318004946841424 -0.0089558376147931777 -0.0055628542380475633
leaf_weight=16.434770546853546 0.68987119721714307 1.292620007880031 5.6872704196721298 6.5930692609399557 0.021575095801381283 4.3527703090803698
leaf_count=24 32 22 24 20 10 78
internal_value=0 0.00935431 0.00222113 0.00617374 -0.0554285 -0.0557959
internal_weight=0 30.0077 13.573 12.2803 5.06422 4.37435
internal_count=210 90 66 44 120 88
shrinkage=0.1


Tree=87
num_leaves=7
num_cat=0
split_feature=0 0 0 0 0 0
split_gain=0.0177882 0.00123366 0.00196011 0.000238682 5.42923e-06 2.32403e-05
threshold=0.35000000000000003 1.0000000180025095e-35 0.15000000000000005 0.25000000000000006 0.45000000000000007 0.75000000000000011
decision_type=2 2 2 2 2 2
left_child=1 -1 -3 -4 -2 -6
right_child=4 2 3 -5 5 -7
leaf_value=0.0015078155540447606 -0.0052223894223051492 -0.003486174092122105 0.00013462864993497265 0.0010188881591752621 -0.0088006111941107117 -0.0055080490190924265
leaf_weight=16.434655971825126 0.68972133292117987 1.2915564510039974 5.6865244703367335 6.5901260916143656 0.021543613329413239 4.3511514405254275
leaf_count=24 32 22 24 20 10 78
internal_value=0 0.00925179 0.00219453 0.00609301 -0.0548314 -0.0552427
internal_weight=0 30.0029 13.5682 12.2767 5.06242 4.3727
internal_count=210 90 66 44 120 88
shrinkage=0.1


Tree=88
num_leaves=7
num_cat=0
split_feature=0 0 0 0 0 0
split_gain=0.0174039 0.00120746 0.00190747 0.000232797 6.60719e-06 2.18584e-05
threshold=0.35000000000000003 1.0000000180025095e-35 0.15000000000000005 0.25000000000000006 0.45000000000000007 0.75000000000000011
decision_type=2 2 2 2 2 2
left_child=1 -1 -3 -4 -2 -6
right_child=4 2 3 -5 5 -7
leaf_value=0.0014914905269424648 -0.0051369322995466048 -0.0034403350764084526 0.00013252949869193539 0.001005938435371791 -0.0086496932588175403 -0.0054542680047968322
leaf_weight=16.434532120823864 0.6895780258346339 1.2905154225882132 5.6857907995581609 6.5872336886823177 0.021513185536605195 4.3495621763868257
leaf_count=24 32 22 24 20 10 78
internal_value=0 0.00915126 0.00216764 0.0060131 -0.0542461 -0.0546999
internal_weight=0 29.9981 13.5635 12.273 5.06065 4.37108
internal_count=210 90 66 44 120 88
shrinkage=0.1


Tree=89
num_leaves=7
num_cat=0
split_feature=0 0 0 0 0 0
split_gain=0.0170306 0.00118222 0.00185688 0.000227346 7.84821e-06 2.05648e-05
threshold=0.35000000000000003 1.0000000180025095e-35 0.15000000000000005 0.25000000000000006 0.45000000000000007 0.75000000000000011
decision_type=2 2 2 2 2 2
left_child=1 -1 -3 -4 -2 -6
right_child=4 2 3 -5 5 -7
leaf_value=0.0014755200572080084 -0.0050535496118135617 -0.0033957266884229588 0.00013019039130046219 0.00099342950694856309 -0.0085028821990233896 -0.0054013366741490392
leaf_weight=16.434409171342853 0.68944202328566362 1.2894919875543553 5.6850732462480646 6.5843874029815197 0.021483724951394723 4.3479993218788877
leaf_count=24 32 22 24 20 10 78
internal_value=0 0.0090526 0.00214066 0.00593446 -0.0536711 -0.0541659
internal_weight=0 29.9934 13.559 12.2695 5.05893 4.36948
internal_count=210 90 66 44 120 88
shrinkage=0.1


Tree=90
num_leaves=7
num_cat=0
split_feature=0 0 0 0 0 0
split_gain=0.0166694 0.00115725 0.00180717 0.000221857 9.16786e-06 1.93484e-05
threshold=0.35000000000000003 1.0000000180025095e-35 0.15000000000000005 0.25000000000000006 0.45000000000000007 0.75000000000000011
decision_type=2 2 2 2 2 2
left_child=1 -1 -3 -4 -2 -6
right_child=4 2 3 -5 5 -7
leaf_value=0.0014597677459338605 -0.0049719077985577384 -0.0033510325619974957 0.00012820070282141196 0.00098106698623069287 -0.0083599486130664126 -0.0053495356695849568
leaf_weight=16.434286043047909 0.68931034061824803 1.2884845521766681 5.6843659114092571 6.5815788004547358 0.021455192487337515 4.3464679828612134
leaf_count=24 32 22 24 20 10 78
internal_value=0 0.0089561 0.00211588 0.00585826 -0.0531084 -0.0536432
internal_weight=0 29.9887 13.5544 12.2659 5.05723 4.36792
internal_count=210 90 66 44 120 88
shrinkage=0.1


Tree=91
num_leaves=7
num_cat=0
split_feature=0 0 0 0 0 0
split_gain=0.0163187 0.00113309 0.00176012 0.000216665 1.05509e-05 1.8206e-05
threshold=0.35000000000000003 1.0000000180025095e-35 0.15000000000000005 0.25000000000000006 0.45000000000000007 0.75000000000000011
decision_type=2 2 2 2 2 2
left_child=1 -1 -3 -4 -2 -6
right_child=4 2 3 -5 5 -7
leaf_value=0.0014443318512568132 -0.0048919904398850959 -0.0033082273050503985 0.00012621067079509745 0.00096914712908346707 -0.0082207339390618691 -0.0052986683069467999
leaf_weight=16.434163644909862 0.68918423081049596 1.2874992829747487 5.6836692709475738 6.5788225755095482 0.02142752289364569 4.3449641764163971
leaf_count=24 32 22 24 20 10 78
internal_value=0 0.00886142 0.0020914 0.00578446 -0.0525561 -0.0531301
internal_weight=0 29.9842 13.55 12.2625 5.05558 4.36639
internal_count=210 90 66 44 120 88
shrinkage=0.1


Tree=92
num_leaves=7
num_cat=0
split_feature=0 0 0 0 0 0
split_gain=0.0159784 0.00110977 0.00171387 0.000211578 1.19954e-05 1.71292e-05
threshold=0.35000000000000003 1.0000000180025095e-35 0.15000000000000005 0.25000000000000006 0.45000000000000007 0.75000000000000011
decision_type=2 2 2 2 2 2
left_child=1 -1 -3 -4 -2 -6
right_child=4 2 3 -5 5 -7
leaf_value=0.0014292226483657137 -0.0048136741753123822 -0.0032655365773672737 0.00012420030871688529 0.00095728952676317469 -0.0080848321192673375 -0.0052487282857806026
leaf_weight=16.434042267501358 0.68906368548050412 1.286528166849165 5.6829887731000763 6.5761012434959412 0.021400640296633244 4.3434859783155844
leaf_count=24 32 22 24 20 10 78
internal_value=0 0.00876853 0.00206698 0.00571091 -0.0520142 -0.0526263
internal_weight=0 29.9797 13.5456 12.2591 5.05395 4.36489
internal_count=210 90 66 44 120 88
shrinkage=0.1


Tree=93
num_leaves=7
num_cat=0
split_feature=0 0 0 0 0 0
split_gain=0.0156477 0.00108671 0.00166945 0.000206716 1.3471e-05 1.61237e-05
threshold=0.35000000000000003 1.0000000180025095e-35 0.15000000000000005 0.25000000000000006 0.45000000000000007 0.75000000000000011
decision_type=2 2 2 2 2 2
left_child=1 -1 -3 -4 -2 -6
right_child=4 2 3 -5 5 -7
leaf_value=0.0014142902713197673 -0.0047372578167992358 -0.0032238682276969086 0.00012231187724590347 0.00094587809228224612 -0.007952859529026848 -0.005199588366129851
leaf_weight=16.433920778334144 0.68894813640508701 1.2855746259447176 5.6823170166462642 6.5734220538288355 0.021374658230342791 4.3420325164915994
leaf_count=24 32 22 24 20 10 78
internal_value=0 0.00867732 0.00204422 0.00564035 -0.0514819 -0.0521308
internal_weight=0 29.9752 13.5413 12.2557 5.05236 4.36341
internal_count=210 90 66 44 120 88
shrinkage=0.1


Tree=94
num_leaves=7
num_cat=0
split_feature=0 0 0 0 0 0
split_gain=0.0153273 0.00106448 0.0016268 0.000202065 1.49874e-05 1.51748e-05
threshold=0.35000000000000003 1.0000000180025095e-35 0.15000000000000005 0.25000000000000006 0.45000000000000007 0.75000000000000011
decision_type=2 2 2 2 2 2
left_child=1 -1 -3 -4 -2 -6
right_child=4 2 3 -5 5 -7
leaf_value=0.0013996984188324488 -0.0046625765497373796 -0.0031833537892117948 0.00012040553363595281 0.00093475471499730842 -0.0078240225348347407 -0.0051514266948907116
leaf_weight=16.433800436556343 0.68883860891219129 1.2846397443208832 5.6816566763445717 6.5707871206104755 0.021349408954847493 4.3406069704797119
leaf_count=24 32 22 24 20 10 78
internal_value=0 0.00858803 0.00202164 0.00557128 -0.0509605 -0.0516451
internal_weight=0 29.9709 13.5371 12.2524 5.05079 4.36196
internal_count=210 90 66 44 120 88
shrinkage=0.1


Tree=95
num_leaves=7
num_cat=0
split_feature=0 0 0 0 0 0
split_gain=0.0150149 0.00104293 0.00158523 0.000197594 1.65463e-05 1.42868e-05
threshold=0.35000000000000003 1.0000000180025095e-35 0.15000000000000005 0.25000000000000006 0.45000000000000007 0.75000000000000011
decision_type=2 2 2 2 2 2
left_child=1 -1 -3 -4 -2 -6
right_child=4 2 3 -5 5 -7
leaf_value=0.0013853607277972838 -0.0045891932652724968 -0.0031433410445364639 0.00011842304623950985 0.00092381070168692065 -0.0076986413120217929 -0.0051039392343605926
leaf_weight=16.433681853115562 0.68873293802607705 1.2837189461570222 5.6810084702447039 6.5681905914098024 0.021324938192265001 4.3392019990133122
leaf_count=24 32 22 24 20 10 78
internal_value=0 0.00850011 0.0019991 0.00550283 -0.0504468 -0.0511663
internal_weight=0 29.9666 13.5329 12.2492 5.04926 4.36053
internal_count=210 90 66 44 120 88
shrinkage=0.1


Tree=96
num_leaves=7
num_cat=0
split_feature=0 0 0 0 0 0
split_gain=0.0147129 0.00102217 0.00154487 0.000192888 1.81177e-05 1.3448e-05
threshold=0.35000000000000003 1.0000000180025095e-35 0.15000000000000005 0.25000000000000006 0.45000000000000007 0.75000000000000011
decision_type=2 2 2 2 2 2
left_child=1 -1 -3 -4 -2 -6
right_child=4 2 3 -5 5 -7
leaf_value=0.0013713732094915113 -0.0045178210760926938 -0.0031039666275232474 0.00011685611199457242 0.00091269216669789517 -0.0075762576916464236 -0.005057471922096244
leaf_weight=16.433553904294971 0.6886341194040132 1.2828149194829155 5.6803702805191261 6.5656321346759796 0.021301183383911737 4.3378268834203482
leaf_count=24 32 22 24 20 10 78
internal_value=0 0.00841419 0.0019768 0.0054354 -0.0499448 -0.0506978
internal_weight=0 29.9624 13.5288 12.246 5.04776 4.35913
internal_count=210 90 66 44 120 88
shrinkage=0.1


Tree=97
num_leaves=7
num_cat=0
split_feature=0 0 0 0 0 0
split_gain=0.0144185 0.00100157 0.00150623 0.000188567 1.97401e-05 1.26628e-05
threshold=0.35000000000000003 1.0000000180025095e-35 0.15000000000000005 0.25000000000000006 0.45000000000000007 0.75000000000000011
decision_type=2 2 2 2 2 2
left_child=1 -1 -3 -4 -2 -6
right_child=4 2 3 -5 5 -7
leaf_value=0.001357514249779152 -0.0044474708709345756 -0.0030656794215912476 0.00011522158056200254 0.00090218592620700292 -0.0074571777533672936 -0.0050117205522405752
leaf_weight=16.433435633778576 0.68853728711837803 1.2819272861815978 5.6797415753826481 6.5631108861416578 0.021278154847095609 4.3364722183905542
leaf_count=24 32 22 24 20 10 78
internal_value=0 0.00832968 0.00195611 0.00537095 -0.0494504 -0.0502366
internal_weight=0 29.9582 13.5248 12.2429 5.04629 4.35775
internal_count=210 90 66 44 120 88
shrinkage=0.1


Tree=98
num_leaves=7
num_cat=0
split_feature=0 0 0 0 0 0
split_gain=0.0141331 0.000981889 0.00146852 0.000184358 2.13677e-05 1.19219e-05
threshold=0.35000000000000003 1.0000000180025095e-35 0.15000000000000005 0.25000000000000006 0.45000000000000007 0.75000000000000011
decision_type=2 2 2 2 2 2
left_child=1 -1 -3 -4 -2 -6
right_child=4 2 3 -5 5 -7
leaf_value=0.0013440118562433967 -0.0043789054651651883 -0.0030278890131007485 0.00011351298149985206 0.00089173535502312217 -0.0073409233474618293 -0.004966842389745171
leaf_weight=16.433310724794868 0.68844698485918243 1.281052348203956 5.6791239483281952 6.560630327090621 0.021255795378237848 4.3351432514609769
leaf_count=24 32 22 24 20 10 78
internal_value=0 0.00824684 0.00193488 0.00530648 -0.0489661 -0.0497843
internal_weight=0 29.9541 13.5208 12.2398 5.04485 4.3564
internal_count=210 90 66 44 120 88
shrinkage=0.1


Tree=99
num_leaves=7
num_cat=0
split_feature=0 0 0 0 0 0
split_gain=0.0138553 0.000962175 0.00143205 0.000180184 2.30248e-05 1.12232e-05
threshold=0.35000000000000003 1.0000000180025095e-35 0.15000000000000005 0.25000000000000006 0.45000000000000007 0.75000000000000011
decision_type=2 2 2 2 2 2
left_child=1 -1 -3 -4 -2 -6
right_child=4 2 3 -5 5 -7
leaf_value=0.0013305931122812613 -0.0043115494380999708 -0.0029906725613968975 0.00011212855682778909 0.00088157968254685959 -0.0072273373207535109 -0.0049226926781719936
leaf_weight=16.43319392204285 0.68835914228111406 1.2801948774140317 5.6785134775564057 6.5581799019128084 0.021234013722278067 4.3338345299707726
leaf_count=24 32 22 24 20 10 78
internal_value=0 0.00816543 0.00191585 0.00524511 -0.0484898 -0.0493393
internal_weight=0 29.9501 13.5169 12.2367 5.04343 4.35507
internal_count=210 90 66 44 120 88
shrinkage=0.1


end of trees

feature importances:
geographical=600

parameters:
[boosting: gbdt]
[objective: lambdarank]
[metric: ndcg]
[tree_learner: serial]
[device_type: cpu]
[data: ]
[valid: ]
[num_iterations: 100]
[learning_rate: 0.1]
[num_leaves: 16]
[num_threads: -1]
[max_depth: -1]
[min_data_in_leaf: 5]
[min_sum_hessian_in_leaf: 0.001]
[bagging_fraction: 1]
[pos_bagging_fraction: 1]
[neg_bagging_fraction: 1]
[bagging_freq: 0]
[bagging_seed: 3]
[feature_fraction: 1]
[feature_fraction_bynode: 1]
[feature_fraction_seed: 2]
[early_stopping_round: 0]
[first_metric_only: 0]
[max_delta_step: 0]
[lambda_l1: 0]
[lambda_l2: 0]
[min_gain_to_split: 0]
[drop_rate: 0.1]
[max_drop: 50]
[skip_drop: 0.5]
[xgboost_dart_mode: 0]
[uniform_drop: 0]
[drop_seed: 4]
[top_rate: 0.2]
[other_rate: 0.1]
[min_data_per_group: 100]
[max_cat_threshold: 32]
[cat_l2: 10]
[cat_smooth: 10]
[max_cat_to_onehot: 4]
[top_k: 20]
[monotone_constraints: ]
[feature_contri: ]
[forcedsplits_filename: ]
[forcedbins_filename: ]
[refit_decay_rate: 0.9]
[cegb_tradeoff: 1]
[cegb_penalty_split: 0]
[cegb_penalty_feature_lazy: ]
[cegb_penalty_feature_coupled: ]
[verbosity: -1]
[max_bin: 255]
[max_bin_by_feature: ]
[min_data_in_bin: 3]
[bin_construct_sample_cnt: 200000]
[histogram_pool_size: -1]
[data_random_seed: 1]
[output_model: LightGBM_model.txt]
[snapshot_freq: -1]
[input_model: ]
[output_result: LightGBM_predict_result.txt]
[initscore_filename: ]
[valid_data_initscores: ]
[pre_partition: 0]
[enable_bundle: 1]
[max_conflict_rate: 0]
[is_enable_sparse: 1]
[sparse_threshold: 0.8]
[use_missing: 1]
[zero_as_missing: 0]
[two_round: 0]
[save_binary: 0]
[header: 0]
[label_column: ]
[weight_column: ]
[group_column: ]
[ignore_column: ]
[categorical_feature: ]
[predict_raw_score: 0]
[predict_leaf_index: 0]
[predict_contrib: 0]
[num_iteration_predict: -1]
[pred_early_stop: 0]
[pred_early_stop_freq: 10]
[pred_early_stop_margin: 10]
[convert_model_language: ]
[convert_model: gbdt_prediction.cpp]
[num_class: 1]
[is_unbalance: 0]
[scale_pos_weight: 1]
[sigmoid: 1]
[boost_from_average: 1]
[reg_sqrt: 0]
[alpha: 0.9]
[fair_c: 1]
[poisson_max_delta_step: 0.7]
[tweedie_variance_power: 1.5]
[max_position: 20]
[lambdamart_norm: 1]
[label_gain: ]
[metric_freq: 1]
[is_provide_training_metric: 0]
[eval_at: 1]
[multi_error_top_k: 1]
[num_machines: 1]
[local_listen_port: 12400]
[time_out: 120]
[machine_list_filename: ]
[machines: ]
[gpu_platform_id: -1]
[gpu_device_id: -1]
[gpu_use_dp: 0]

end of parameters

pandas_categorical:null
