tree
version=v3
num_class=1
num_tree_per_iteration=1
label_index=0
max_feature_idx=0
objective=lambdarank
feature_names=geographical
feature_infos=[0:1]
tree_sizes=842 847 847 853 852 855 851 855 857 858 858 855 859 859 861 861 860 861 863 864 862 865 860 863 868 866 863 867 868 867 869 863 871 865 871 866 868 870 870 871 872 869 872 873 873 874 871 869 876 872 873 874 876 873 876 876 876 874 877 876 875 877 876 878 874 877 875 878 879 878 881 876 878 878 880 876 881 880 879 877 878 879 877 877 876 882 879 879 879 881 876 877 879 880 884 881 880 876 882 881

Tree=0
num_leaves=7
num_cat=0
split_feature=0 0 0 0 0 0
split_gain=11.0002 1.04843 0.501427 0.234142 0.0792636 0.0673794
threshold=0.35000000000000003 1.0000000180025095e-35 0.75000000000000011 0.15000000000000005 0.25000000000000006 0.45000000000000007
decision_type=2 2 2 2 2 2
left_child=1 -1 5 -3 -5 -2
right_child=2 3 -4 4 -6 -7
leaf_value=0.13066850208893141 -0.13583762243464978 0.026935730037381013 -0.081487520701358729 0.08618389790564096 0.052580733519189717 -0.18576093114166956
leaf_weight=2.7405264396220446 1.1600403767079113 1.9889657152816653 4.8268010793253779 1.6192132961004972 1.2391635347157717 0.35249487031251181
leaf_count=26 36 34 54 24 22 14
internal_value=0 0.812324 -0.972311 0.532829 0.716163 -1.47472
internal_weight=0 7.58787 6.33934 4.84734 2.85838 1.51254
internal_count=210 106 104 80 46 50
shrinkage=0.1


Tree=1
num_leaves=7
num_cat=0
split_feature=0 0 0 0 0 0
split_gain=3.40446 1.50848 0.887178 0.860787 0.110145 0.0209637
threshold=0.35000000000000003 0.75000000000000011 1.0000000180025095e-35 0.15000000000000005 0.45000000000000007 0.25000000000000006
decision_type=2 2 2 2 2 2
left_child=2 4 -1 -4 -2 -5
right_child=1 -3 3 5 -6 -7
leaf_value=0.028474648811237686 -0.11761223294163188 -0.028958197150606987 -0.035792156441267389 0.0076801769333352289 -0.16666225365161891 0.015816254377740768
leaf_weight=16.869751065969467 1.8135036472231143 3.7804929409176111 5.6371990572661188 8.9443197250366193 0.61240986175835121 4.9028974324464789
leaf_count=26 36 54 34 24 14 22
internal_value=0 -0.684506 0.116859 -0.0284987 -1.29995 0.105609
internal_weight=0 6.20641 36.3542 19.4844 2.42591 13.8472
internal_count=210 104 106 80 50 46
shrinkage=0.1


Tree=2
num_leaves=7
num_cat=0
split_feature=0 0 0 0 0 0
split_gain=2.11311 0.75625 0.432982 0.555611 0.0878336 0.0626524
threshold=0.35000000000000003 0.75000000000000011 1.0000000180025095e-35 0.15000000000000005 0.45000000000000007 0.25000000000000006
decision_type=2 2 2 2 2 2
left_child=2 4 -1 -4 -2 -5
right_child=1 -3 3 5 -6 -7
leaf_value=0.020511551481899565 -0.097523162921730466 -0.030906265735310107 -0.0309451394238855 0.0035801789043389989 -0.14986861514478247 0.017593972318403758
leaf_weight=16.931227937340736 1.4775169156491745 3.6499497722834349 4.7877752836793688 9.0294636376202089 0.40937018766999234 4.933264283463358
leaf_count=26 36 54 34 24 14 22
internal_value=0 -0.574787 0.0891914 -0.0154852 -1.0888 0.0853149
internal_weight=0 5.53684 35.6817 18.7505 1.88689 13.9627
internal_count=210 104 106 80 50 46
shrinkage=0.1


Tree=3
num_leaves=7
num_cat=0
split_feature=0 0 0 0 0 0
split_gain=1.40423 0.487108 0.302803 0.390357 0.160582 0.0679794
threshold=0.35000000000000003 0.75000000000000011 1.0000000180025095e-35 0.15000000000000005 0.25000000000000006 0.45000000000000007
decision_type=2 2 2 2 2 2
left_child=2 5 -1 -4 -5 -2
right_child=1 -3 3 4 -6 -7
leaf_value=0.016699195704683912 -0.085086651810179256 -0.028503863596084547 -0.027970659679673091 -0.0018730169307603934 0.019846613589402772 -0.13713095719817814
leaf_weight=16.915982663631439 1.2553422739729274 3.5225026924163103 4.3575944993644979 9.2424233295023424 5.3886841982603064 0.31368990801274765
leaf_count=26 36 54 34 24 22 14
internal_value=0 -0.491471 0.0696941 -0.0169832 0.0612639 -0.954916
internal_weight=0 5.09153 35.9047 18.9887 14.6311 1.56903
internal_count=210 104 106 80 46 50
shrinkage=0.1


Tree=4
num_leaves=7
num_cat=0
split_feature=0 0 0 0 0 0
split_gain=1.1135 0.347455 0.185082 0.495285 0.0528057 0.00155246
threshold=0.35000000000000003 0.75000000000000011 1.0000000180025095e-35 0.15000000000000005 0.45000000000000007 0.25000000000000006
decision_type=2 2 2 2 2 2
left_child=2 4 -1 -4 -2 -5
right_child=1 -3 3 5 -6 -7
leaf_value=0.013717336500076697 -0.0770755314738229 -0.027536480713243036 -0.030785885093325499 0.0069762234988162437 -0.12699824925951139 0.0090938781615677415
leaf_weight=16.968291044235229 1.1778878956101824 3.4563088174909353 4.231260685250164 6.0003974176943293 0.25834866333752854 8.1828624047338963
leaf_count=26 36 54 34 24 14 22
internal_value=0 -0.447151 0.0618297 -0.00759674 -0.860556 0.0819798
internal_weight=0 4.89255 35.3828 18.4145 1.43624 14.1833
internal_count=210 104 106 80 50 46
shrinkage=0.1


Tree=5
num_leaves=7
num_cat=0
split_feature=0 0 0 0 0 0
split_gain=0.899587 0.247329 0.131092 0.367765 0.0454073 0.00549258
threshold=0.35000000000000003 0.75000000000000011 1.0000000180025095e-35 0.15000000000000005 0.45000000000000007 0.25000000000000006
decision_type=2 2 2 2 2 2
left_child=2 4 -1 -4 -2 -5
right_child=1 -3 3 5 -6 -7
leaf_value=0.011844154156774974 -0.069019304574638257 -0.026518201323021406 -0.026622592028433437 0.0050274536703558094 -0.11858228463454182 0.0090283617491965264
leaf_weight=16.964123293757439 1.1215379494242359 3.4085017531178892 4.1272022090852269 5.9589788764715186 0.2213239837437867 8.0892695616930723
leaf_count=26 36 54 34 24 14 22
internal_value=0 -0.408388 0.0552199 -0.00378834 -0.77188 0.0733126
internal_weight=0 4.75136 35.1396 18.1755 1.34286 14.0482
internal_count=210 104 106 80 50 46
shrinkage=0.1


Tree=6
num_leaves=7
num_cat=0
split_feature=0 0 0 0 0 0
split_gain=0.753687 0.1816 0.0978099 0.300948 0.0394735 0.00790511
threshold=0.35000000000000003 0.75000000000000011 1.0000000180025095e-35 0.15000000000000005 0.45000000000000007 0.25000000000000006
decision_type=2 2 2 2 2 2
left_child=2 4 -1 -4 -2 -5
right_child=1 -3 3 5 -6 -7
leaf_value=0.010484759143864347 -0.062416832466129092 -0.025615465345212675 -0.023970861410629141 0.0041480627489102048 -0.1113610993361855 0.0089852576186105378
leaf_weight=16.965732961893082 1.088626047130673 3.370176668278873 4.0815361440181759 5.8709712792187911 0.19416957860812531 7.9578518979251385
leaf_count=26 36 54 34 24 14 22
internal_value=0 -0.378038 0.0504358 -0.0011063 -0.698253 0.0693165
internal_weight=0 4.65297 34.8761 17.9104 1.2828 13.8288
internal_count=210 104 106 80 50 46
shrinkage=0.1


Tree=7
num_leaves=7
num_cat=0
split_feature=0 0 0 0 0 0
split_gain=0.644204 0.137174 0.0763338 0.257852 0.0343409 0.00882741
threshold=0.35000000000000003 0.75000000000000011 1.0000000180025095e-35 0.15000000000000005 0.45000000000000007 0.25000000000000006
decision_type=2 2 2 2 2 2
left_child=2 4 -1 -4 -2 -5
right_child=1 -3 3 5 -6 -7
leaf_value=0.009448208669156348 -0.056977290029943818 -0.02471791724096508 -0.022074584966986204 0.0036859834952986219 -0.1050050922798141 0.0088358747337133111
leaf_weight=16.967787697911263 1.0655871594790358 3.3361767623573542 4.0560000762343433 5.7858818229287845 0.17305448628030706 7.8364429734647274
leaf_count=26 36 54 34 24 14 22
internal_value=0 -0.35269 0.0465706 0.000584883 -0.636874 0.0664853
internal_weight=0 4.57482 34.6461 17.6783 1.23864 13.6223
internal_count=210 104 106 80 50 46
shrinkage=0.1


Tree=8
num_leaves=7
num_cat=0
split_feature=0 0 0 0 0 0
split_gain=0.557855 0.106203 0.0618894 0.225916 0.0298418 0.00884728
threshold=0.35000000000000003 0.75000000000000011 1.0000000180025095e-35 0.15000000000000005 0.45000000000000007 0.25000000000000006
decision_type=2 2 2 2 2 2
left_child=2 4 -1 -4 -2 -5
right_child=1 -3 3 5 -6 -7
leaf_value=0.0086303690552937788 -0.052437066696919533 -0.023818325582878597 -0.020590837551959784 0.0033967414114397503 -0.099310288756606288 0.0085848685794460873
leaf_weight=16.968943372368813 1.0471980120055366 3.3049893826246262 4.0378351081162718 5.7153512146323902 0.15606538578867901 7.735795896500349
leaf_count=26 36 54 34 24 14 22
internal_value=0 -0.330794 0.0432789 0.00153351 -0.585166 0.0638045
internal_weight=0 4.50825 34.4579 17.489 1.20326 13.4511
internal_count=210 104 106 80 50 46
shrinkage=0.1


Tree=9
num_leaves=7
num_cat=0
split_feature=0 0 0 0 0 0
split_gain=0.487943 0.0839505 0.0517798 0.200426 0.0259129 0.00840044
threshold=0.35000000000000003 0.75000000000000011 1.0000000180025095e-35 0.15000000000000005 0.45000000000000007 0.25000000000000006
decision_type=2 2 2 2 2 2
left_child=2 4 -1 -4 -2 -5
right_child=1 -3 3 5 -6 -7
leaf_value=0.0079680526775492144 -0.04858940811195353 -0.022934451765742259 -0.019363081617592114 0.0031864355553899004 -0.094139708358595628 0.0082676651929533187
leaf_weight=16.969154670834541 1.0314829449634988 3.2762261535972357 4.022787130437794 5.6590037513524276 0.14209642307832826 7.6545048449188471
leaf_count=26 36 54 34 24 14 22
internal_value=0 -0.311552 0.0404118 0.00197469 -0.541046 0.0610785
internal_weight=0 4.44981 34.3055 17.3363 1.17358 13.3135
internal_count=210 104 106 80 50 46
shrinkage=0.1


Tree=10
num_leaves=7
num_cat=0
split_feature=0 0 0 0 0 0
split_gain=0.430401 0.0675284 0.0444377 0.179273 0.0225014 0.00774014
threshold=0.35000000000000003 0.75000000000000011 1.0000000180025095e-35 0.15000000000000005 0.45000000000000007 0.25000000000000006
decision_type=2 2 2 2 2 2
left_child=2 4 -1 -4 -2 -5
right_child=1 -3 3 5 -6 -7
leaf_value=0.0074201264871340007 -0.04528275468596768 -0.022081570473660186 -0.018311055125444151 0.0030175766469868553 -0.089398597267538613 0.0079151987437994023
leaf_weight=16.968645021319389 1.0176198543049384 3.2497217487543821 4.0093868132680681 5.614018412306903 0.13043582229875017 7.5887253005057573
leaf_count=26 36 54 34 24 14 22
internal_value=0 -0.294468 0.0378869 0.00208626 -0.50295 0.0583265
internal_weight=0 4.39778 34.1808 17.2121 1.14806 13.2027
internal_count=210 104 106 80 50 46
shrinkage=0.1


Tree=11
num_leaves=7
num_cat=0
split_feature=0 0 0 0 0 0
split_gain=0.382455 0.05513 0.0389273 0.161317 0.0195539 0.00701663
threshold=0.35000000000000003 0.75000000000000011 1.0000000180025095e-35 0.15000000000000005 0.45000000000000007 0.25000000000000006
decision_type=2 2 2 2 2 2
left_child=2 4 -1 -4 -2 -5
right_child=1 -3 3 5 -6 -7
leaf_value=0.006958715465891694 -0.042406376576725482 -0.021268521403355101 -0.017388050144661143 0.0028713782537876024 -0.085020865944188825 0.0075502621310749897
leaf_weight=16.967621996998787 1.0051975362002838 3.2253257441334426 3.9970682645216611 5.5777171757072193 0.12059417669661332 7.5348863862454891
leaf_count=26 36 54 34 24 14 22
internal_value=0 -0.279187 0.0356477 0.00199003 -0.469712 0.0556
internal_weight=0 4.35112 34.0773 17.1097 1.12579 13.1126
internal_count=210 104 106 80 50 46
shrinkage=0.1


Tree=12
num_leaves=7
num_cat=0
split_feature=0 0 0 0 0 0
split_gain=0.342086 0.0455774 0.0346695 0.145888 0.0170133 0.0063058
threshold=0.35000000000000003 0.75000000000000011 1.0000000180025095e-35 0.15000000000000005 0.45000000000000007 0.25000000000000006
decision_type=2 2 2 2 2 2
left_child=2 4 -1 -4 -2 -5
right_child=1 -3 3 5 -6 -7
leaf_value=0.0065641668254689325 -0.039876822342842067 -0.020499496284563476 -0.016566625861060041 0.0027396554173289706 -0.080954624070802547 0.0071876591022637564
leaf_weight=16.966250002384186 0.99396566441282541 3.2028749361634254 3.9856156473979381 5.5479762237519008 0.11220857978332788 7.4901510868221521
leaf_count=26 36 54 34 24 14 22
internal_value=0 -0.265435 0.0336503 0.00176694 -0.440437 0.0529495
internal_weight=0 4.30905 33.99 17.0237 1.10617 13.0381
internal_count=210 104 106 80 50 46
shrinkage=0.1


Tree=13
num_leaves=7
num_cat=0
split_feature=0 0 0 0 0 0
split_gain=0.307796 0.0380929 0.0312937 0.132494 0.0148268 0.00564158
threshold=0.35000000000000003 0.75000000000000011 1.0000000180025095e-35 0.15000000000000005 0.45000000000000007 0.25000000000000006
decision_type=2 2 2 2 2 2
left_child=2 4 -1 -4 -2 -5
right_child=1 -3 3 5 -6 -7
leaf_value=0.006222339131990889 -0.037632471868347728 -0.01977541331630989 -0.015826634137408337 0.0026184017469360176 -0.077162881377050963 0.0068355623390318684
leaf_weight=16.964632913470268 0.9837603624910104 3.1822009836323559 3.9749169722199467 5.5232259891927225 0.10501061123795807 7.4524078946560621
leaf_count=26 36 54 34 24 14 22
internal_value=0 -0.252995 0.0318599 0.00147126 -0.414451 0.0504048
internal_weight=0 4.27097 33.9152 16.9506 1.08877 12.9756
internal_count=210 104 106 80 50 46
shrinkage=0.1


Tree=14
num_leaves=7
num_cat=0
split_feature=0 0 0 0 0 0
split_gain=0.278431 0.032142 0.0285618 0.120807 0.0129465 0.00503649
threshold=0.35000000000000003 0.75000000000000011 1.0000000180025095e-35 0.15000000000000005 0.45000000000000007 0.25000000000000006
decision_type=2 2 2 2 2 2
left_child=2 4 -1 -4 -2 -5
right_child=1 -3 3 5 -6 -7
leaf_value=0.0059230602074166827 -0.035625488007375111 -0.019095111070561395 -0.015155871661743557 0.0025059269257890946 -0.073616887288049007 0.0064985505084076012
leaf_weight=16.962837383151054 0.97445069812238094 3.1631353162229061 3.9649076587520566 5.5023209359496814 0.098791780415922403 7.4200811386108398
leaf_count=26 36 54 34 24 14 22
internal_value=0 -0.241689 0.0302476 0.00113491 -0.391226 0.047985
internal_weight=0 4.23638 33.8501 16.8873 1.07324 12.9224
internal_count=210 104 106 80 50 46
shrinkage=0.1


Tree=15
num_leaves=7
num_cat=0
split_feature=0 0 0 0 0 0
split_gain=0.253093 0.027348 0.0263046 0.110528 0.0113284 0.00449326
threshold=0.35000000000000003 0.75000000000000011 1.0000000180025095e-35 0.15000000000000005 0.45000000000000007 0.25000000000000006
decision_type=2 2 2 2 2 2
left_child=2 4 -1 -4 -2 -5
right_child=1 -3 3 5 -6 -7
leaf_value=0.0056582452030970497 -0.03381814421587398 -0.018456488109042182 -0.014542363637293748 0.0024008506210509758 -0.070292153467110402 0.0061785884173858599
leaf_weight=16.960914239287376 0.96593118435703107 3.1455208281986415 3.9555363426916328 5.4844329841434938 0.093386183027178063 7.3920009303838015
leaf_count=26 36 54 34 24 14 22
internal_value=0 -0.231366 0.0287888 0.000782195 -0.370336 0.0456954
internal_weight=0 4.20484 33.7929 16.832 1.05932 12.8764
internal_count=210 104 106 80 50 46
shrinkage=0.1


Tree=16
num_leaves=7
num_cat=0
split_feature=0 0 0 0 0 0
split_gain=0.231076 0.0244066 0.101457 0.0234444 0.00993475 0.00401408
threshold=0.35000000000000003 1.0000000180025095e-35 0.15000000000000005 0.75000000000000011 0.45000000000000007 0.25000000000000006
decision_type=2 2 2 2 2 2
left_child=1 -1 -3 4 -2 -4
right_child=3 2 5 -5 -6 -7
leaf_value=0.0054218136371364731 -0.032181415610343315 -0.013979038813797237 0.0023015972766378674 -0.017856566220659217 -0.067170014318652438 0.0058776679323984636
leaf_weight=16.958890900015831 0.95811482844874163 3.94676036667079 5.4689415190368873 3.1292057586833835 0.08866267115809022 7.3673002757132053
leaf_count=26 36 34 24 54 14 22
internal_value=0 0.0274632 0.000427772 -0.221902 -0.35145 0.0435407
internal_weight=0 33.7419 16.783 4.17598 1.04678 12.8362
internal_count=210 106 80 104 50 46
shrinkage=0.1


Tree=17
num_leaves=7
num_cat=0
split_feature=0 0 0 0 0 0
split_gain=0.211838 0.0227861 0.093404 0.0202317 0.00873316 0.00359102
threshold=0.35000000000000003 1.0000000180025095e-35 0.15000000000000005 0.75000000000000011 0.45000000000000007 0.25000000000000006
decision_type=2 2 2 2 2 2
left_child=1 -1 -3 4 -2 -4
right_child=3 2 5 -5 -6 -7
leaf_value=0.0052091443288692146 -0.030691286619094468 -0.013458625061014938 0.0022081608770182768 -0.017293491853749288 -0.06423468492079025 0.0055951043967382968
leaf_weight=16.956786423921585 0.9509267599787552 3.9385349983349469 5.4553808923810703 3.1140710390172899 0.084515459835529314 7.3453008681535721
leaf_count=26 36 34 24 54 14 22
internal_value=0 0.0262545 8.1735e-05 -0.213199 -0.334292 0.0415166
internal_weight=0 33.696 16.7392 4.14951 1.03544 12.8007
internal_count=210 106 80 104 50 46
shrinkage=0.1


Tree=18
num_leaves=7
num_cat=0
split_feature=0 0 0 0 0 0
split_gain=0.194916 0.0213817 0.0862445 0.0175669 0.00769622 0.00321972
threshold=0.35000000000000003 1.0000000180025095e-35 0.15000000000000005 0.75000000000000011 0.45000000000000007 0.25000000000000006
decision_type=2 2 2 2 2 2
left_child=1 -1 -3 4 -2 -4
right_child=3 2 5 -5 -6 -7
leaf_value=0.0050163148829031248 -0.029328546035933212 -0.012977241024608208 0.0021201827876531506 -0.016763498870430174 -0.061473634788699674 0.005331122229750419
leaf_weight=16.954624533653259 0.9443020352628072 3.9308344004675773 5.4433909989893419 3.0999895166605711 0.080859156092628837 7.3254949394613504
leaf_count=26 36 34 24 54 14 22
internal_value=0 0.0251476 -0.00024988 -0.205162 -0.31864 0.0396229
internal_weight=0 33.6543 16.6997 4.12515 1.02516 12.7689
internal_count=210 106 80 104 50 46
shrinkage=0.1


Tree=19
num_leaves=7
num_cat=0
split_feature=0 0 0 0 0 0
split_gain=0.179959 0.0201477 0.0798391 0.015337 0.0067991 0.00289291
threshold=0.35000000000000003 1.0000000180025095e-35 0.15000000000000005 0.75000000000000011 0.45000000000000007 0.25000000000000006
decision_type=2 2 2 2 2 2
left_child=1 -1 -3 4 -2 -4
right_child=3 2 5 -5 -6 -7
leaf_value=0.0048402732059193267 -0.028077045961562481 -0.012529049481569278 0.0020374217934138153 -0.016264551427301602 -0.058873328972172748 0.0050843585005034449
leaf_weight=16.952415436506271 0.93818488321266957 3.9236170155927566 5.4327038712799531 3.0868621827103198 0.077620539115741863 7.3074790146201849
leaf_count=26 36 34 24 54 14 22
internal_value=0 0.0241305 -0.00056208 -0.197719 -0.304303 0.0378508
internal_weight=0 33.6162 16.6638 4.10267 1.01581 12.7402
internal_count=210 106 80 104 50 46
shrinkage=0.1


Tree=20
num_leaves=7
num_cat=0
split_feature=0 0 0 0 0 0
split_gain=0.166674 0.0190519 0.07409 0.0134571 0.00602204 0.00260756
threshold=0.35000000000000003 1.0000000180025095e-35 0.15000000000000005 0.75000000000000011 0.45000000000000007 0.25000000000000006
decision_type=2 2 2 2 2 2
left_child=1 -1 -3 4 -2 -4
right_child=3 2 5 -5 -6 -7
leaf_value=0.0046786706822277233 -0.02692328660059929 -0.012110629969768767 0.0019588056314522573 -0.0157943124734157 -0.056424003864409072 0.0048544355146121453
leaf_weight=16.950162261724472 0.93252429412677762 3.9168435027822879 5.4231050964444858 3.0746000213548541 0.074741555494256318 7.2909548487514257
leaf_count=26 36 34 24 54 14 22
internal_value=0 0.0231931 -0.000853329 -0.190807 -0.291123 0.0361932
internal_weight=0 33.5811 16.6309 4.08187 1.00727 12.7141
internal_count=210 106 80 104 50 46
shrinkage=0.1


Tree=21
num_leaves=7
num_cat=0
split_feature=0 0 0 0 0 0
split_gain=0.154814 0.0180732 0.0689144 0.0118616 0.00534727 0.00235847
threshold=0.35000000000000003 1.0000000180025095e-35 0.15000000000000005 0.75000000000000011 0.45000000000000007 0.25000000000000006
decision_type=2 2 2 2 2 2
left_child=1 -1 -3 4 -2 -4
right_child=3 2 5 -5 -6 -7
leaf_value=0.0045297362580200588 -0.02585569059410997 -0.011719331984416872 0.0018837527409309438 -0.015350201912589779 -0.054114780526272638 0.0046401039521547132
leaf_weight=16.947873488068581 0.92727578105404884 3.9104843623936203 5.4144291263073665 3.0631203155498952 0.072171710955444723 7.2756697684526443
leaf_count=26 36 34 24 54 14 22
internal_value=0 0.022326 -0.00112584 -0.184367 -0.278963 0.0346406
internal_weight=0 33.5485 16.6006 4.06257 0.999447 12.6901
internal_count=210 106 80 104 50 46
shrinkage=0.1


Tree=22
num_leaves=7
num_cat=0
split_feature=0 0 0 0 0 0
split_gain=0.144185 0.0171872 0.0642403 0.0104997 0.00476032 0.0021387
threshold=0.35000000000000003 1.0000000180025095e-35 0.15000000000000005 0.75000000000000011 0.45000000000000007 0.25000000000000006
decision_type=2 2 2 2 2 2
left_child=1 -1 -3 4 -2 -4
right_child=3 2 5 -5 -6 -7
leaf_value=0.0043915794734521807 -0.024865208156995389 -0.011352096285097524 0.0018131114719965409 -0.014930348973696134 -0.051937601823301122 0.0044401001291908748
leaf_weight=16.94556088745594 0.92240376712288608 3.904519292991611 5.4065319206565601 3.0523491001222283 0.06987047306029126 7.2614222075790167
leaf_count=26 36 34 24 54 14 22
internal_value=0 0.021522 -0.00137601 -0.178354 -0.267715 0.0331893
internal_weight=0 33.518 16.5725 4.04462 0.992274 12.668
internal_count=210 106 80 104 50 46
shrinkage=0.1


Tree=23
num_leaves=7
num_cat=0
split_feature=0 0 0 0 0 0
split_gain=0.13462 0.0163805 0.0600066 0.0093291 0.00424903 0.0019454
threshold=0.35000000000000003 1.0000000180025095e-35 0.15000000000000005 0.75000000000000011 0.45000000000000007 0.25000000000000006
decision_type=2 2 2 2 2 2
left_child=1 -1 -3 4 -2 -4
right_child=3 2 5 -5 -6 -7
leaf_value=0.0042629667577913496 -0.023942861600313958 -0.01100676968402981 0.0017461191657616643 -0.014533043592990749 -0.049884378849950173 0.0042535223340412548
leaf_weight=16.943225771188736 0.91786866646725584 3.8989110137335983 5.3993061501532775 3.0422273476142436 0.067803245852701366 7.2480613850057125
leaf_count=26 36 34 24 54 14 22
internal_value=0 0.0207742 -0.00160567 -0.172724 -0.257273 0.0318308
internal_weight=0 33.4895 16.5463 4.0279 0.985672 12.6474
internal_count=210 106 80 104 50 46
shrinkage=0.1


Tree=24
num_leaves=7
num_cat=0
split_feature=0 0 0 0 0 0
split_gain=0.125982 0.0156407 0.0561656 0.00832045 0.00380205 0.00177429
threshold=0.35000000000000003 1.0000000180025095e-35 0.15000000000000005 0.75000000000000011 0.45000000000000007 0.25000000000000006
decision_type=2 2 2 2 2 2
left_child=1 -1 -3 4 -2 -4
right_child=3 2 5 -5 -6 -7
leaf_value=0.0041427592365460642 -0.023083209309987002 -0.010681725521212887 0.0016830256460415452 -0.014156223634586114 -0.047946997078149811 0.0040793549672945963
leaf_weight=16.940873697400093 0.91364960861392208 3.8936413992196348 5.3926567006856185 3.0326940566301346 0.065939828229602426 7.2354676518589258
leaf_count=26 36 34 24 54 14 22
internal_value=0 0.0200771 -0.00181505 -0.167443 -0.247569 0.0305604
internal_weight=0 33.4626 16.5218 4.01228 0.979589 12.6281
internal_count=210 106 80 104 50 46
shrinkage=0.1


Tree=25
num_leaves=7
num_cat=0
split_feature=0 0 0 0 0 0
split_gain=0.118151 0.0149577 0.0526684 0.00744463 0.00341089 0.00162411
threshold=0.35000000000000003 1.0000000180025095e-35 0.15000000000000005 0.75000000000000011 0.45000000000000007 0.25000000000000006
decision_type=2 2 2 2 2 2
left_child=1 -1 -3 4 -2 -4
right_child=3 2 5 -5 -6 -7
leaf_value=0.0040299268381873759 -0.022278476973474653 -0.010374865464851347 0.0016228279278092663 -0.013798520238096768 -0.046118149890497936 0.00391705926649831
leaf_weight=16.938509941101074 0.90970863553229664 3.8886810736730721 5.3865130227059108 3.0236997832544148 0.064255177683662623 7.2235388271510601
leaf_count=26 36 34 24 54 14 22
internal_value=0 0.0194253 -0.00200508 -0.162477 -0.238512 0.0293705
internal_weight=0 33.4372 16.4987 3.99766 0.973964 12.6101
internal_count=210 106 80 104 50 46
shrinkage=0.1


Tree=26
num_leaves=7
num_cat=0
split_feature=0 0 0 0 0 0
split_gain=0.111031 0.0143237 0.0494728 0.00668187 0.00306754 0.00149165
threshold=0.35000000000000003 1.0000000180025095e-35 0.15000000000000005 0.75000000000000011 0.45000000000000007 0.25000000000000006
decision_type=2 2 2 2 2 2
left_child=1 -1 -3 4 -2 -4
right_child=3 2 5 -5 -6 -7
leaf_value=0.0039236965789727386 -0.021524347209636804 -0.010084254133826192 0.0015654675448739963 -0.013458540023241265 -0.04439100976228811 0.0037655608828768708
leaf_weight=16.936146333813667 0.9060280692065128 3.8840089468285468 5.3808172270655614 3.0151988721918315 0.062727405049372464 7.2121801525354385
leaf_count=26 36 34 24 54 14 22
internal_value=0 0.0188149 -0.00217633 -0.157799 -0.23005 0.0282549
internal_weight=0 33.4132 16.477 3.98395 0.968755 12.593
internal_count=210 106 80 104 50 46
shrinkage=0.1


Tree=27
num_leaves=7
num_cat=0
split_feature=0 0 0 0 0 0
split_gain=0.104538 0.0137337 0.0465509 0.00601484 0.00276541 0.00137339
threshold=0.35000000000000003 1.0000000180025095e-35 0.15000000000000005 0.75000000000000011 0.45000000000000007 0.25000000000000006
decision_type=2 2 2 2 2 2
left_child=1 -1 -3 4 -2 -4
right_child=3 2 5 -5 -6 -7
leaf_value=0.0038234816717526024 -0.020816228458264276 -0.0098091748274242788 0.0015113605539920085 -0.013135011990791513 -0.042758975017270301 0.0036237161568673918
leaf_weight=16.933776050806046 0.902585171279497 3.8796046832576421 5.3755062948912364 3.0071546088438481 0.061338310828432441 7.2013386264443398
leaf_count=26 36 34 24 54 14 22
internal_value=0 0.0182419 -0.00233087 -0.153385 -0.222125 0.0272087
internal_weight=0 33.3902 16.4564 3.97108 0.963923 12.5768
internal_count=210 106 80 104 50 46
shrinkage=0.1


Tree=28
num_leaves=7
num_cat=0
split_feature=0 0 0 0 0 0
split_gain=0.0985954 0.0131835 0.0438679 0.00542906 0.00249924 0.00126763
threshold=0.35000000000000003 1.0000000180025095e-35 0.15000000000000005 0.75000000000000011 0.45000000000000007 0.25000000000000006
decision_type=2 2 2 2 2 2
left_child=1 -1 -3 4 -2 -4
right_child=3 2 5 -5 -6 -7
leaf_value=0.003728710868279389 -0.020149459942223832 -0.0095479495873891564 0.0014599744679665749 -0.01282642579967932 -0.041216700936815572 0.0034905262131604887
leaf_weight=16.931409642100334 0.89935978944413308 3.8754494953900602 5.3705463763326389 2.9995242541190237 0.060072183958254761 7.1909472346305847
leaf_count=26 36 34 24 54 14 22
internal_value=0 0.0177026 -0.00247099 -0.149208 -0.214685 0.0262238
internal_weight=0 33.3684 16.4369 3.95896 0.959432 12.5615
internal_count=210 106 80 104 50 46
shrinkage=0.1


Tree=29
num_leaves=7
num_cat=0
split_feature=0 0 0 0 0 0
split_gain=0.0931459 0.0126664 0.0414061 0.00491231 0.00226395 0.00117452
threshold=0.35000000000000003 1.0000000180025095e-35 0.15000000000000005 0.75000000000000011 0.45000000000000007 0.25000000000000006
decision_type=2 2 2 2 2 2
left_child=1 -1 -3 4 -2 -4
right_child=3 2 5 -5 -6 -7
leaf_value=0.0036387510909484883 -0.019520639642293846 -0.009300077421082931 0.0014107690705413968 -0.012532172273366282 -0.039757570259265906 0.003366395374608964
leaf_weight=16.929051101207733 0.89633131073787742 3.8715236796997514 5.3658934067934734 2.9922810310963541 0.05891464339219965 7.1809677090495825
leaf_count=26 36 34 24 54 14 22
internal_value=0 0.0171945 -0.00259554 -0.145253 -0.207687 0.0253004
internal_weight=0 33.3474 16.4184 3.94753 0.955246 12.5469
internal_count=210 106 80 104 50 46
shrinkage=0.1


Tree=30
num_leaves=7
num_cat=0
split_feature=0 0 0 0 0 0
split_gain=0.0881367 0.0121793 0.0391366 0.00445525 0.00205546 0.00109057
threshold=0.35000000000000003 1.0000000180025095e-35 0.15000000000000005 0.75000000000000011 0.45000000000000007 0.25000000000000006
decision_type=2 2 2 2 2 2
left_child=1 -1 -3 4 -2 -4
right_child=3 2 5 -5 -6 -7
leaf_value=0.0035532020032715871 -0.018926874484847426 -0.0090639259094980294 0.0013643004643341097 -0.012251243289079112 -0.03837655278360496 0.0032497174958753977
leaf_weight=16.926703602075577 0.89348738361149971 3.8678128877654698 5.3615176230669004 2.9853946687653661 0.057853800739394494 7.1713510993868113
leaf_count=26 36 34 24 54 14 22
internal_value=0 0.0167148 -0.00270597 -0.141503 -0.201097 0.0244314
internal_weight=0 33.3274 16.4007 3.93674 0.951341 12.5329
internal_count=210 106 80 104 50 46
shrinkage=0.1


Tree=31
num_leaves=7
num_cat=0
split_feature=0 0 0 0 0 0
split_gain=0.0835194 0.0117218 0.037039 0.00405008 0.0018704 0.00101509
threshold=0.35000000000000003 1.0000000180025095e-35 0.15000000000000005 0.75000000000000011 0.45000000000000007 0.25000000000000006
decision_type=2 2 2 2 2 2
left_child=1 -1 -3 4 -2 -4
right_child=3 2 5 -5 -6 -7
leaf_value=0.0034718535403575018 -0.018365407548789313 -0.0088387009749786739 0.0013199257087527184 -0.01198251055163688 -0.037069176729461591 0.0031398320748077199
leaf_weight=16.924363866448402 0.8908160495338957 3.8642986994236734 5.3573924936354143 2.9788349838927388 0.056879805109929286 7.1620770860463381
leaf_count=26 36 34 24 54 14 22
internal_value=0 0.0162611 -0.0028054 -0.13794 -0.19488 0.0236105
internal_weight=0 33.3081 16.3838 3.92653 0.947696 12.5195
internal_count=210 106 80 104 50 46
shrinkage=0.1


Tree=32
num_leaves=7
num_cat=0
split_feature=0 0 0 0 0 0
split_gain=0.0792538 0.0112875 0.0350999 0.00368914 0.00170581 0.000947215
threshold=0.35000000000000003 1.0000000180025095e-35 0.15000000000000005 0.75000000000000011 0.45000000000000007 0.25000000000000006
decision_type=2 2 2 2 2 2
left_child=1 -1 -3 4 -2 -4
right_child=3 2 5 -5 -6 -7
leaf_value=0.0033940884674527418 -0.017833217942160431 -0.0086237417654543014 0.0012778487547662721 -0.011725340855739941 -0.035830504126306555 0.0030366954245279318
leaf_weight=16.922043085098267 0.88829734921455328 3.8609682549722519 5.3534906376153213 2.9725827546790242 0.055983278201892965 7.1531048566102982
leaf_count=26 36 34 24 54 14 22
internal_value=0 0.0158313 -0.00289184 -0.134551 -0.189002 0.0228382
internal_weight=0 33.2896 16.3676 3.91686 0.944281 12.5066
internal_count=210 106 80 104 50 46
shrinkage=0.1


Tree=33
num_leaves=7
num_cat=0
split_feature=0 0 0 0 0 0
split_gain=0.0753047 0.0108767 0.0333059 0.0033673 0.00155886 0.000886471
threshold=0.35000000000000003 1.0000000180025095e-35 0.15000000000000005 0.75000000000000011 0.45000000000000007 0.25000000000000006
decision_type=2 2 2 2 2 2
left_child=1 -1 -3 4 -2 -4
right_child=3 2 5 -5 -6 -7
leaf_value=0.0033198096115701864 -0.017328588610280183 -0.0084187393082521701 0.0012375581294615536 -0.011478843652193373 -0.034655576431505457 0.0029398529511009764
leaf_weight=16.919743984937668 0.8859254138078535 3.8578139236196902 5.34979200363159 2.966612430755049 0.055155811569420621 7.1444235853850842
leaf_count=26 36 34 24 54 14 22
internal_value=0 0.0154235 -0.00296825 -0.131322 -0.183441 0.0221096
internal_weight=0 33.2718 16.352 3.90769 0.941081 12.4942
internal_count=210 106 80 104 50 46
shrinkage=0.1


Tree=34
num_leaves=7
num_cat=0
split_feature=0 0 0 0 0 0
split_gain=0.0716422 0.0104875 0.0316413 0.00307897 0.00142768 0.000830811
threshold=0.35000000000000003 1.0000000180025095e-35 0.15000000000000005 0.75000000000000011 0.45000000000000007 0.25000000000000006
decision_type=2 2 2 2 2 2
left_child=1 -1 -3 4 -2 -4
right_child=3 2 5 -5 -6 -7
leaf_value=0.0032487504876282051 -0.016848975285502998 -0.0082227903085412418 0.0011995679030590463 -0.011242575112272134 -0.033541475845436215 0.0028482793377039364
leaf_weight=16.917462468147278 0.88368554378393982 3.8548182109370854 5.3462777379900199 2.9609093419276178 0.054391359997680411 7.1360084936022758
leaf_count=26 36 34 24 54 14 22
internal_value=0 0.0150361 -0.00303529 -0.128243 -0.178168 0.0214212
internal_weight=0 33.2546 16.3371 3.89899 0.938077 12.4823
internal_count=210 106 80 104 50 46
shrinkage=0.1


Tree=35
num_leaves=7
num_cat=0
split_feature=0 0 0 0 0 0
split_gain=0.0682371 0.0101183 0.0300897 0.00282033 0.0013101 0.000781042
threshold=0.35000000000000003 1.0000000180025095e-35 0.15000000000000005 0.75000000000000011 0.45000000000000007 0.25000000000000006
decision_type=2 2 2 2 2 2
left_child=1 -1 -3 4 -2 -4
right_child=3 2 5 -5 -6 -7
leaf_value=0.0031806767160994492 -0.01639274844478392 -0.0080347472261634405 0.0011627209592303398 -0.01101565149235571 -0.032483285527603364 0.0027619653729842935
leaf_weight=16.915198013186455 0.88156900624744539 3.8519662492908564 5.3429365810006839 2.9554493834730238 0.05368300894042477 7.1278415881097317
leaf_count=26 36 34 24 54 14 22
internal_value=0 0.0146674 -0.00309407 -0.125302 -0.173163 0.0207679
internal_weight=0 33.2379 16.3227 3.8907 0.935252 12.4708
internal_count=210 106 80 104 50 46
shrinkage=0.1


Tree=36
num_leaves=7
num_cat=0
split_feature=0 0 0 0 0 0
split_gain=0.0650668 0.00976717 0.0286454 0.00258755 0.0012046 0.000735129
threshold=0.35000000000000003 1.0000000180025095e-35 0.15000000000000005 0.75000000000000011 0.45000000000000007 0.25000000000000006
decision_type=2 2 2 2 2 2
left_child=1 -1 -3 4 -2 -4
right_child=3 2 5 -5 -6 -7
leaf_value=0.0031153581112402877 -0.01595813773303998 -0.0078546278413432601 0.0011279883120628928 -0.010797687752979145 -0.031478088085350013 0.0026801506195094308
leaf_weight=16.912962853908539 0.8795679939212272 3.8492552787065533 5.339750459417699 2.9502193189691752 0.053025660949060686 7.1199007984250784
leaf_count=26 36 34 24 54 14 22
internal_value=0 0.0143162 -0.00314484 -0.122491 -0.168406 0.0201495
internal_weight=0 33.2219 16.3089 3.88281 0.932594 12.4597
internal_count=210 106 80 104 50 46
shrinkage=0.1


Tree=37
num_leaves=7
num_cat=0
split_feature=0 0 0 0 0 0
split_gain=0.0621103 0.00943266 0.0272995 0.00237774 0.00110969 0.000693754
threshold=0.35000000000000003 1.0000000180025095e-35 0.15000000000000005 0.75000000000000011 0.45000000000000007 0.25000000000000006
decision_type=2 2 2 2 2 2
left_child=1 -1 -3 4 -2 -4
right_child=3 2 5 -5 -6 -7
leaf_value=0.0030525930404548124 -0.015543837272405801 -0.0076819976468865724 0.00109459651493139 -0.010588123478347837 -0.030522442516118117 0.0026030431875128349
leaf_weight=16.910750523209572 0.87767300440464113 3.8466715672984746 5.3367063719779235 2.9452058195602149 0.052414542937185615 7.1121841967105865
leaf_count=26 36 34 24 54 14 22
internal_value=0 0.0139812 -0.00318814 -0.119801 -0.163879 0.0195639
internal_weight=0 33.2063 16.2956 3.87529 0.930088 12.4489
internal_count=210 106 80 104 50 46
shrinkage=0.1


Tree=38
num_leaves=7
num_cat=0
split_feature=0 0 0 0 0 0
split_gain=0.0593477 0.00911496 0.0260412 0.00218809 0.00102422 0.000655206
threshold=0.35000000000000003 1.0000000180025095e-35 0.15000000000000005 0.75000000000000011 0.45000000000000007 0.25000000000000006
decision_type=2 2 2 2 2 2
left_child=1 -1 -3 4 -2 -4
right_child=3 2 5 -5 -6 -7
leaf_value=0.0029923318379156422 -0.015148214574752654 -0.0075162082295333124 0.0010630152809976265 -0.010386408986433249 -0.029613548933347403 0.0025295159717025595
leaf_weight=16.908562302589417 0.875877345213666 3.8442093287594643 5.3337943684309703 2.9403930786065757 0.051845549256540842 7.1046729814261198
leaf_count=26 36 34 24 54 14 22
internal_value=0 0.0136613 -0.00322588 -0.117224 -0.159566 0.0190066
internal_weight=0 33.1912 16.2827 3.86812 0.927723 12.4385
internal_count=210 106 80 104 50 46
shrinkage=0.1


Tree=39
num_leaves=7
num_cat=0
split_feature=0 0 0 0 0 0
split_gain=0.0567643 0.00881053 0.0248653 0.00201638 0.000946957 0.000620419
threshold=0.35000000000000003 1.0000000180025095e-35 0.15000000000000005 0.75000000000000011 0.45000000000000007 0.25000000000000006
decision_type=2 2 2 2 2 2
left_child=1 -1 -3 4 -2 -4
right_child=3 2 5 -5 -6 -7
leaf_value=0.0029342184876929426 -0.014770373611366886 -0.0073569233786723301 0.0010326828375364341 -0.010192293771144306 -0.028747947265820691 0.002460250188523104
leaf_weight=16.90640515089035 0.87417468102648799 3.8418613593094078 5.3310024607926589 2.9357707996387035 0.051314478681888431 7.0973619651049376
leaf_count=26 36 34 24 54 14 22
internal_value=0 0.0133556 -0.00325611 -0.114754 -0.155454 0.0184791
internal_weight=0 33.1766 16.2702 3.86126 0.925489 12.4284
internal_count=210 106 80 104 50 46
shrinkage=0.1


Tree=40
num_leaves=7
num_cat=0
split_feature=0 0 0 0 0 0
split_gain=0.0543414 0.00852074 0.0237645 0.00186071 0.000877078 0.000588255
threshold=0.35000000000000003 1.0000000180025095e-35 0.15000000000000005 0.75000000000000011 0.45000000000000007 0.25000000000000006
decision_type=2 2 2 2 2 2
left_child=1 -1 -3 4 -2 -4
right_child=3 2 5 -5 -6 -7
leaf_value=0.0028782822038260318 -0.014408890017135471 -0.0072039352647277517 0.0010037480501247406 -0.010004965153667713 -0.027923430461028416 0.0023943177867711643
leaf_weight=16.904276117682457 0.87255721446126644 3.8396196449175504 5.3283238690346462 2.9313230474945158 0.050818280462408438 7.0902343336492777
leaf_count=26 36 34 24 54 14 22
internal_value=0 0.0130628 -0.00328192 -0.112381 -0.151527 0.0179768
internal_weight=0 33.1625 16.2582 3.8547 0.923375 12.4186
internal_count=210 106 80 104 50 46
shrinkage=0.1


Tree=41
num_leaves=7
num_cat=0
split_feature=0 0 0 0 0 0
split_gain=0.0520697 0.0082436 0.0227297 0.00171912 0.00081369 0.000558824
threshold=0.35000000000000003 1.0000000180025095e-35 0.15000000000000005 0.75000000000000011 0.45000000000000007 0.25000000000000006
decision_type=2 2 2 2 2 2
left_child=1 -1 -3 4 -2 -4
right_child=3 2 5 -5 -6 -7
leaf_value=0.0028243407980817108 -0.014062921000579777 -0.0070563313515507797 0.00097588537734462322 -0.0098245212607143695 -0.027137182264064138 0.0023316952948126235
leaf_weight=16.902172714471817 0.8710212282603601 3.8374716737307635 5.3257513176649791 2.9270443804562092 0.050353793863905601 7.0832883287221193
leaf_count=26 36 34 24 54 14 22
internal_value=0 0.0127825 -0.0033023 -0.110103 -0.147774 0.017498
internal_weight=0 33.1487 16.2465 3.84842 0.921375 12.409
internal_count=210 106 80 104 50 46
shrinkage=0.1


Tree=42
num_leaves=7
num_cat=0
split_feature=0 0 0 0 0 0
split_gain=0.0499334 0.0079793 0.0217586 0.00159031 0.000756103 0.000531635
threshold=0.35000000000000003 1.0000000180025095e-35 0.15000000000000005 0.75000000000000011 0.45000000000000007 0.25000000000000006
decision_type=2 2 2 2 2 2
left_child=1 -1 -3 4 -2 -4
right_child=3 2 5 -5 -6 -7
leaf_value=0.0027723295885547397 -0.01373138071729306 -0.0069143560214402367 0.00094918125850758156 -0.0096501511033352475 -0.026386941936600291 0.0022720444627238588
leaf_weight=16.900099009275436 0.86956034845206831 3.8354158359579769 5.3232759553939086 2.9229220463894308 0.049918328470084816 7.0765119977295399
leaf_count=26 36 34 24 54 14 22
internal_value=0 0.0125136 -0.00331904 -0.107912 -0.144184 0.0170413
internal_weight=0 33.1353 16.2352 3.8424 0.919479 12.3998
internal_count=210 106 80 104 50 46
shrinkage=0.1


Tree=43
num_leaves=7
num_cat=0
split_feature=0 0 0 0 0 0
split_gain=0.0479243 0.00772523 0.0208458 0.00147284 0.000703748 0.000506256
threshold=0.35000000000000003 1.0000000180025095e-35 0.15000000000000005 0.75000000000000011 0.45000000000000007 0.25000000000000006
decision_type=2 2 2 2 2 2
left_child=1 -1 -3 4 -2 -4
right_child=3 2 5 -5 -6 -7
leaf_value=0.0027219930800230644 -0.013413514202952321 -0.0067774167385881061 0.00092392029298873381 -0.0094818466324341939 -0.025671138037973218 0.0022152456700729631
leaf_weight=16.898059248924255 0.86817032820545093 3.8334499029442695 5.3208920415490848 2.9189466666430235 0.04950974925304763 7.0698935426771641
leaf_count=26 36 34 24 54 14 22
internal_value=0 0.0122555 -0.00333036 -0.105804 -0.140748 0.0166072
internal_weight=0 33.1223 16.2242 3.83663 0.91768 12.3908
internal_count=210 106 80 104 50 46
shrinkage=0.1


Tree=44
num_leaves=7
num_cat=0
split_feature=0 0 0 0 0 0
split_gain=0.0460305 0.00748218 0.0199876 0.00136553 0.000655951 0.000482898
threshold=0.35000000000000003 1.0000000180025095e-35 0.15000000000000005 0.75000000000000011 0.45000000000000007 0.25000000000000006
decision_type=2 2 2 2 2 2
left_child=1 -1 -3 4 -2 -4
right_child=3 2 5 -5 -6 -7
leaf_value=0.0026733507892947386 -0.013108337175216495 -0.0066455555668990226 0.0008996283949587432 -0.0093190705185376074 -0.024986602586571097 0.0021612151770175596
leaf_weight=16.896049961447716 0.86684529180638437 3.8315664217807379 5.3185902684926969 2.9151106816716492 0.049125291436212137 7.0634372718632221
leaf_count=26 36 34 24 54 14 22
internal_value=0 0.0120075 -0.00333826 -0.103774 -0.137454 0.0161931
internal_weight=0 33.1096 16.2136 3.83108 0.915971 12.382
internal_count=210 106 80 104 50 46
shrinkage=0.1


Tree=45
num_leaves=7
num_cat=0
split_feature=0 0 0 0 0 0
split_gain=0.0442463 0.00725075 0.0191752 0.00126708 0.000612416 0.000461119
threshold=0.35000000000000003 1.0000000180025095e-35 0.15000000000000005 0.75000000000000011 0.45000000000000007 0.25000000000000006
decision_type=2 2 2 2 2 2
left_child=1 -1 -3 4 -2 -4
right_child=3 2 5 -5 -6 -7
leaf_value=0.0026264687347312505 -0.01281501862181047 -0.0065178488663069998 0.00087610608057827255 -0.0091619832243629348 -0.024332967742494736 0.0021092987413671364
leaf_weight=16.894062131643295 0.86558207694906686 3.8297486216761198 5.3163726273924095 2.9114121349994093 0.048763909813715145 7.0571337155997753
leaf_count=26 36 34 24 54 14 22
internal_value=0 0.0117693 -0.00334403 -0.101819 -0.134293 0.0157945
internal_weight=0 33.0973 16.2033 3.82576 0.914346 12.3735
internal_count=210 106 80 104 50 46
shrinkage=0.1


Tree=46
num_leaves=7
num_cat=0
split_feature=0 0 0 0 0 0
split_gain=0.0425602 0.00702759 0.0184102 0.00117706 0.000572575 0.000440629
threshold=0.35000000000000003 1.0000000180025095e-35 0.15000000000000005 0.75000000000000011 0.45000000000000007 0.25000000000000006
decision_type=2 2 2 2 2 2
left_child=1 -1 -3 4 -2 -4
right_child=3 2 5 -5 -6 -7
leaf_value=0.0025809486880986835 -0.012533152955459148 -0.0063946047978606551 0.00085391447526211341 -0.0090097648579680317 -0.023707589492428814 0.0020597619130540952
leaf_weight=16.89211043715477 0.86437680560629759 3.8280094382353154 5.3142275959253293 2.9078345657326281 0.048423193729831837 7.05097003467381
leaf_count=26 36 34 24 54 14 22
internal_value=0 0.0115399 -0.00334547 -0.0999317 -0.131259 0.0154152
internal_weight=0 33.0853 16.1932 3.82063 0.9128 12.3652
internal_count=210 106 80 104 50 46
shrinkage=0.1


Tree=47
num_leaves=7
num_cat=0
split_feature=0 0 0 0 0 0
split_gain=0.0409661 0.00681438 0.0176889 0.00109433 0.000536069 0.000421306
threshold=0.35000000000000003 1.0000000180025095e-35 0.15000000000000005 0.75000000000000011 0.45000000000000007 0.25000000000000006
decision_type=2 2 2 2 2 2
left_child=1 -1 -3 4 -2 -4
right_child=3 2 5 -5 -6 -7
leaf_value=0.002536947149332826 -0.012261793509131808 -0.0062757977577332482 0.0008327735177483715 -0.008862419087242444 -0.023108696035136978 0.0020122331724858151
leaf_weight=16.890188425779343 0.86322531476616804 3.8263404283206937 5.3121534511446935 2.904376604128629 0.048101557520567439 7.0449484083801508
leaf_count=26 36 34 24 54 14 22
internal_value=0 0.011319 -0.00334505 -0.0981105 -0.128343 0.015052
internal_weight=0 33.0736 16.1834 3.8157 0.911327 12.3571
internal_count=210 106 80 104 50 46
shrinkage=0.1


Tree=48
num_leaves=7
num_cat=0
split_feature=0 0 0 0 0 0
split_gain=0.0394586 0.00660927 0.0170051 0.00101848 0.000502524 0.000403878
threshold=0.35000000000000003 1.0000000180025095e-35 0.15000000000000005 0.75000000000000011 0.45000000000000007 0.25000000000000006
decision_type=2 2 2 2 2 2
left_child=1 -1 -3 4 -2 -4
right_child=3 2 5 -5 -6 -7
leaf_value=0.0024942708426833448 -0.012000934756158004 -0.0061605452862092073 0.00081195688548469215 -0.0087197291822935698 -0.022534907987905473 0.0019670950219452844
leaf_weight=16.888294905424118 0.86212652735412065 3.8247283520177033 5.3101480193436128 2.9010311129968613 0.047797607578104362 7.0390611160546541
leaf_count=26 36 34 24 54 14 22
internal_value=0 0.0111062 -0.00334136 -0.0963529 -0.125543 0.0147039
internal_weight=0 33.0622 16.1739 3.81096 0.909924 12.3492
internal_count=210 106 80 104 50 46
shrinkage=0.1


Tree=49
num_leaves=7
num_cat=0
split_feature=0 0 0 0 0 0
split_gain=0.0380287 0.00641324 0.0163581 0.0009486 0.000471741 0.000386872
threshold=0.35000000000000003 1.0000000180025095e-35 0.15000000000000005 0.75000000000000011 0.45000000000000007 0.25000000000000006
decision_type=2 2 2 2 2 2
left_child=1 -1 -3 4 -2 -4
right_child=3 2 5 -5 -6 -7
leaf_value=0.0024529627338451855 -0.011749241621782387 -0.0060491714923262899 0.0007924215173848153 -0.0085812391797797614 -0.021985019609098586 0.0019232955089857836
leaf_weight=16.886431455612183 0.86107502516824685 3.8231801963411298 5.3082050271332246 2.8977899139281362 0.047510141739621758 7.0333021376281977
leaf_count=26 36 34 24 54 14 22
internal_value=0 0.0109007 -0.00333667 -0.094652 -0.122845 0.014369
internal_weight=0 33.0511 16.1647 3.80638 0.908585 12.3415
internal_count=210 106 80 104 50 46
shrinkage=0.1


Tree=50
num_leaves=7
num_cat=0
split_feature=0 0 0 0 0 0
split_gain=0.0366745 0.00622414 0.0157451 0.000884181 0.000443379 0.00037157
threshold=0.35000000000000003 1.0000000180025095e-35 0.15000000000000005 0.75000000000000011 0.45000000000000007 0.25000000000000006
decision_type=2 2 2 2 2 2
left_child=1 -1 -3 4 -2 -4
right_child=3 2 5 -5 -6 -7
leaf_value=0.0024128278710651499 -0.011506751714443601 -0.0059412221649727953 0.0007732192621838069 -0.0084471624179264272 -0.021457440166383346 0.0018818055390681376
leaf_weight=16.884596467018127 0.86006856430321876 3.8216843788977739 5.306322103366254 2.8946533869020641 0.047237863604095758 7.0276723522692919
leaf_count=26 36 34 24 54 14 22
internal_value=0 0.0107026 -0.00332874 -0.0930094 -0.120248 0.0140487
internal_weight=0 33.0403 16.1557 3.80196 0.907306 12.334
internal_count=210 106 80 104 50 46
shrinkage=0.1


Tree=51
num_leaves=7
num_cat=0
split_feature=0 0 0 0 0 0
split_gain=0.0353884 0.00604336 0.0151647 0.000824946 0.000417266 0.000356555
threshold=0.35000000000000003 1.0000000180025095e-35 0.15000000000000005 0.75000000000000011 0.45000000000000007 0.25000000000000006
decision_type=2 2 2 2 2 2
left_child=1 -1 -3 4 -2 -4
right_child=3 2 5 -5 -6 -7
leaf_value=0.002373969778687918 -0.011273000868337617 -0.0058369034121092253 0.00075524650226498893 -0.0083168835852731795 -0.020951580060895439 0.001841492737982926
leaf_weight=16.882791489362717 0.85910718038212452 3.8202468280214843 5.3044950328767282 2.8916109832935035 0.046979974620626315 7.0221628844738007
leaf_count=26 36 34 24 54 14 22
internal_value=0 0.0105112 -0.00332011 -0.0914191 -0.117748 0.0137405
internal_weight=0 33.0297 16.1469 3.7977 0.906087 12.3267
internal_count=210 106 80 104 50 46
shrinkage=0.1


Tree=52
num_leaves=7
num_cat=0
split_feature=0 0 0 0 0 0
split_gain=0.0341674 0.00586815 0.0146143 0.000770133 0.000393142 0.000343272
threshold=0.35000000000000003 1.0000000180025095e-35 0.15000000000000005 0.75000000000000011 0.45000000000000007 0.25000000000000006
decision_type=2 2 2 2 2 2
left_child=1 -1 -3 4 -2 -4
right_child=3 2 5 -5 -6 -7
leaf_value=0.0023360885917692322 -0.011047311083847648 -0.0057357227657649102 0.00073742257817295195 -0.0081905820944464039 -0.020465516269896993 0.0018035210157738531
leaf_weight=16.881021022796631 0.8581841704435641 3.8188578858971622 5.3027223870158178 2.8886617752723396 0.046735021212953136 7.0167680438607931
leaf_count=26 36 34 24 54 14 22
internal_value=0 0.0103263 -0.00330807 -0.0898805 -0.115337 0.0134464
internal_weight=0 33.0194 16.1383 3.79358 0.904919 12.3195
internal_count=210 106 80 104 50 46
shrinkage=0.1


Tree=53
num_leaves=7
num_cat=0
split_feature=0 0 0 0 0 0
split_gain=0.0330058 0.00570066 0.0140909 0.00071937 0.000370865 0.000329813
threshold=0.35000000000000003 1.0000000180025095e-35 0.15000000000000005 0.75000000000000011 0.45000000000000007 0.25000000000000006
decision_type=2 2 2 2 2 2
left_child=1 -1 -3 4 -2 -4
right_child=3 2 5 -5 -6 -7
leaf_value=0.0022993964485404444 -0.010829061831819769 -0.0056376161040586409 0.00072095837339667692 -0.0080678629964037567 -0.019998461161527648 0.0017662141804050497
leaf_weight=16.879272669553757 0.85729836043901675 3.8175184149295118 5.3009968316182476 2.8857990438118577 0.046502362994942814 7.0114884432405233
leaf_count=26 36 34 24 54 14 22
internal_value=0 0.0101475 -0.00329579 -0.0883891 -0.113008 0.0131619
internal_weight=0 33.0093 16.13 3.7896 0.903801 12.3125
internal_count=210 106 80 104 50 46
shrinkage=0.1


Tree=54
num_leaves=7
num_cat=0
split_feature=0 0 0 0 0 0
split_gain=0.0319012 0.00553962 0.0135929 0.000672476 0.000350214 0.000317472
threshold=0.35000000000000003 1.0000000180025095e-35 0.15000000000000005 0.75000000000000011 0.45000000000000007 0.25000000000000006
decision_type=2 2 2 2 2 2
left_child=1 -1 -3 4 -2 -4
right_child=3 2 5 -5 -6 -7
leaf_value=0.0022637556122274776 -0.010618431827733666 -0.0055423667858851182 0.00070476012869602554 -0.0079486968505726157 -0.019549286279578231 0.0017305291146482906
leaf_weight=16.877552762627602 0.85645083559211299 3.8162203477695611 5.2993225352838618 2.8830215975176543 0.04628111858619377 7.006322868168354
leaf_count=26 36 34 24 54 14 22
internal_value=0 0.00997447 -0.00328219 -0.0869449 -0.110763 0.0128879
internal_weight=0 32.9994 16.1219 3.78575 0.902732 12.3056
internal_count=210 106 80 104 50 46
shrinkage=0.1


Tree=55
num_leaves=7
num_cat=0
split_feature=0 0 0 0 0 0
split_gain=0.0308493 0.00538483 0.0131191 0.000628987 0.000331092 0.000305944
threshold=0.35000000000000003 1.0000000180025095e-35 0.15000000000000005 0.75000000000000011 0.45000000000000007 0.25000000000000006
decision_type=2 2 2 2 2 2
left_child=1 -1 -3 4 -2 -4
right_child=3 2 5 -5 -6 -7
leaf_value=0.0022291304967721141 -0.010414682704876263 -0.005449943245074136 0.00068901486877767019 -0.0078328983230818734 -0.019117316459013402 0.0016962335033041517
leaf_weight=16.875861436128616 0.85563633264973693 3.8149632837157723 5.2976965680718404 2.8803238139953464 0.046070605079876259 7.0012593138962984
leaf_count=26 36 34 24 54 14 22
internal_value=0 0.00980701 -0.00326759 -0.0855445 -0.108593 0.0126238
internal_weight=0 32.9898 16.1139 3.78203 0.901707 12.299
internal_count=210 106 80 104 50 46
shrinkage=0.1


Tree=56
num_leaves=7
num_cat=0
split_feature=0 0 0 0 0 0
split_gain=0.0298458 0.00523596 0.0126675 0.000588665 0.000313383 0.000295003
threshold=0.35000000000000003 1.0000000180025095e-35 0.15000000000000005 0.75000000000000011 0.45000000000000007 0.25000000000000006
decision_type=2 2 2 2 2 2
left_child=1 -1 -3 4 -2 -4
right_child=3 2 5 -5 -6 -7
leaf_value=0.0021954633459475869 -0.010217433905408399 -0.0053601369322017088 0.00067381981941768386 -0.0077201629330436259 -0.018701853976730617 0.0016630995237621291
leaf_weight=16.87419630587101 0.85485368606168721 3.8137486267369267 5.2961140349507314 2.8777009311597794 0.045870206915424205 6.9963003490120173
leaf_count=26 36 34 24 54 14 22
internal_value=0 0.00964472 -0.0032522 -0.0841848 -0.106495 0.0123687
internal_weight=0 32.9804 16.1062 3.77842 0.900724 12.2924
internal_count=210 106 80 104 50 46
shrinkage=0.1


Tree=57
num_leaves=7
num_cat=0
split_feature=0 0 0 0 0 0
split_gain=0.0288894 0.00509205 0.0122377 0.000551271 0.000296867 0.000284477
threshold=0.35000000000000003 1.0000000180025095e-35 0.15000000000000005 0.75000000000000011 0.45000000000000007 0.25000000000000006
decision_type=2 2 2 2 2 2
left_child=1 -1 -3 4 -2 -4
right_child=3 2 5 -5 -6 -7
leaf_value=0.0021626483592960188 -0.010026701494675461 -0.0052729183800152672 0.00065943052867245989 -0.0076105571276549313 -0.018301109817720471 0.001631126481490346
leaf_weight=16.872557863593102 0.8541029139887536 3.8125731868203756 5.2945698881521803 2.8751523580867797 0.045678852300625294 6.9914446789771318
leaf_count=26 36 34 24 54 14 22
internal_value=0 0.00948749 -0.0032351 -0.0828659 -0.104468 0.0121238
internal_weight=0 32.9711 16.0986 3.77493 0.899782 12.286
internal_count=210 106 80 104 50 46
shrinkage=0.1


Tree=58
num_leaves=7
num_cat=0
split_feature=0 0 0 0 0 0
split_gain=0.0279762 0.00495285 0.011828 0.000516524 0.000281539 0.000274911
threshold=0.35000000000000003 1.0000000180025095e-35 0.15000000000000005 0.75000000000000011 0.45000000000000007 0.25000000000000006
decision_type=2 2 2 2 2 2
left_child=1 -1 -3 4 -2 -4
right_child=3 2 5 -5 -6 -7
leaf_value=0.0021306398516899023 -0.0098419355537876264 -0.0051880914288683477 0.00064521154006535488 -0.0075038653665586846 -0.01791539147126979 0.0016006483031200188
leaf_weight=16.870952799916267 0.85337998089380496 3.8114359586033997 5.2930706311017257 2.8726715529337525 0.045496376682422131 6.9866779390722513
leaf_count=26 36 34 24 54 14 22
internal_value=0 0.00933502 -0.00321649 -0.0815849 -0.102506 0.0118882
internal_weight=0 32.9621 16.0912 3.77155 0.898876 12.2797
internal_count=210 106 80 104 50 46
shrinkage=0.1


Tree=59
num_leaves=7
num_cat=0
split_feature=0 0 0 0 0 0
split_gain=0.0271036 0.00481928 0.0114383 0.000484238 0.000267275 0.000265363
threshold=0.35000000000000003 1.0000000180025095e-35 0.15000000000000005 0.75000000000000011 0.45000000000000007 0.25000000000000006
decision_type=2 2 2 2 2 2
left_child=1 -1 -3 4 -2 -4
right_child=3 2 5 -5 -6 -7
leaf_value=0.0020995340589486807 -0.0096629081822325116 -0.0051059818765133089 0.00063196479740506304 -0.0073999257077340119 -0.017543692055565056 0.0015708710294532137
leaf_weight=16.869369074702263 0.85268480202648733 3.8103346137795624 5.2916035279631597 2.8702576528303325 0.045322248202865005 6.9820128697901964
leaf_count=26 36 34 24 54 14 22
internal_value=0 0.00918701 -0.00319794 -0.08034 -0.100606 0.0116607
internal_weight=0 32.9533 16.084 3.76826 0.898007 12.2736
internal_count=210 106 80 104 50 46
shrinkage=0.1


Tree=60
num_leaves=7
num_cat=0
split_feature=0 0 0 0 0 0
split_gain=0.0262699 0.00469109 0.0110644 0.000454334 0.000256406 0.000253928
threshold=0.35000000000000003 1.0000000180025095e-35 0.15000000000000005 0.75000000000000011 0.25000000000000006 0.45000000000000007
decision_type=2 2 2 2 2 2
left_child=1 -1 -3 5 -4 -2
right_child=3 2 4 -5 -6 -7
leaf_value=0.002069313410229538 -0.00948975946859653 -0.0050257998956776198 0.00061886484377207131 -0.0072986394768839759 0.0015419907378718654 -0.017184832547169192
leaf_weight=16.867810189723969 0.85201928095193524 3.8092645215801921 5.2901777047663909 2.8679061224684119 6.9774381630122662 0.0451556420448469
leaf_count=26 36 34 24 54 22 14
internal_value=0 0.00904341 -0.00317944 -0.0791305 0.0114391 -0.0987706
internal_weight=0 32.9447 16.0769 3.76508 12.2676 0.897175
internal_count=210 106 80 104 46 50
shrinkage=0.1


Tree=61
num_leaves=7
num_cat=0
split_feature=0 0 0 0 0 0
split_gain=0.0254727 0.00456663 0.0107073 0.000426282 0.000247885 0.000241492
threshold=0.35000000000000003 1.0000000180025095e-35 0.15000000000000005 0.75000000000000011 0.25000000000000006 0.45000000000000007
decision_type=2 2 2 2 2 2
left_child=1 -1 -3 5 -4 -2
right_child=3 2 4 -5 -6 -7
leaf_value=0.0020397702675805018 -0.0093214251539105019 -0.0049476893427039519 0.00060633287067085595 -0.0072001249328034408 0.0015141849520942429 -0.016838467573134987
leaf_weight=16.866276323795319 0.85137484932783936 3.8082232924643931 5.288785891607402 2.8656181646510959 6.9729493148624897 0.044996274984441698
leaf_count=26 36 34 24 54 22 14
internal_value=0 0.00890403 -0.00315919 -0.0779548 0.0112261 -0.0969877
internal_weight=0 32.9362 16.07 3.76199 12.2617 0.896371
internal_count=210 106 80 104 46 50
shrinkage=0.1


Tree=62
num_leaves=7
num_cat=0
split_feature=0 0 0 0 0 0
split_gain=0.0247094 0.0044468 0.0103668 0.000400156 0.000239775 0.000229902
threshold=0.35000000000000003 1.0000000180025095e-35 0.15000000000000005 0.75000000000000011 0.25000000000000006 0.45000000000000007
decision_type=2 2 2 2 2 2
left_child=1 -1 -3 5 -4 -2
right_child=3 2 4 -5 -6 -7
leaf_value=0.0020109965575492278 -0.0091580862064195422 -0.0048719066020253502 0.00059424945082932074 -0.0071040464094562425 0.0014873132498582097 -0.016504476033698815
leaf_weight=16.864767238497734 0.85075437923660446 3.8072153509128865 5.2874274188652617 2.8633894396480173 6.9685521647334099 0.04484392175800167
leaf_count=26 36 34 24 54 22 14
internal_value=0 0.00876855 -0.00313881 -0.0768107 0.0110203 -0.0952593
internal_weight=0 32.928 16.0632 3.75899 12.256 0.895598
internal_count=210 106 80 104 46 50
shrinkage=0.1


Tree=63
num_leaves=7
num_cat=0
split_feature=0 0 0 0 0 0
split_gain=0.0239786 0.0043312 0.0100398 0.000375854 0.000231854 0.000219003
threshold=0.35000000000000003 1.0000000180025095e-35 0.15000000000000005 0.75000000000000011 0.25000000000000006 0.45000000000000007
decision_type=2 2 2 2 2 2
left_child=1 -1 -3 5 -4 -2
right_child=3 2 4 -5 -6 -7
leaf_value=0.0019829536437949422 -0.0089997965936378307 -0.0047978357320121144 0.00058268875600074415 -0.0070103614207845562 0.0014610570622277704 -0.016181202776279085
leaf_weight=16.863283693790436 0.85015810892218657 3.8062340898904976 5.2861023759469372 2.8612151744309813 6.9642310086637735 0.044697688223095611
leaf_count=26 36 34 24 54 22 14
internal_value=0 0.00863695 -0.00311797 -0.0756979 0.0108204 -0.093585
internal_weight=0 32.9199 16.0566 3.75607 12.2503 0.894856
internal_count=210 106 80 104 46 50
shrinkage=0.1


Tree=64
num_leaves=7
num_cat=0
split_feature=0 0 0 0 0 0
split_gain=0.0232781 0.00421973 0.00972805 0.000353136 0.000224335 0.000208824
threshold=0.35000000000000003 1.0000000180025095e-35 0.15000000000000005 0.75000000000000011 0.25000000000000006 0.45000000000000007
decision_type=2 2 2 2 2 2
left_child=1 -1 -3 5 -4 -2
right_child=3 2 4 -5 -6 -7
leaf_value=0.0019556112822471765 -0.0088459408317857393 -0.0047259790945467922 0.00057152962474789197 -0.0069189549217132237 0.001435711772345089 -0.015869049304128018
leaf_weight=16.861823678016663 0.8495823012781325 3.8052845261991051 5.2848078245297057 2.859096399275586 6.9599982555955648 0.044557630302733742
leaf_count=26 36 34 24 54 22 14
internal_value=0 0.00850891 -0.003097 -0.074614 0.0106273 -0.0919592
internal_weight=0 32.9119 16.0501 3.75324 12.2448 0.89414
internal_count=210 106 80 104 46 50
shrinkage=0.1


Tree=65
num_leaves=7
num_cat=0
split_feature=0 0 0 0 0 0
split_gain=0.0226068 0.00411192 0.00942919 0.000331931 0.000217357 0.000199272
threshold=0.35000000000000003 1.0000000180025095e-35 0.15000000000000005 0.75000000000000011 0.25000000000000006 0.45000000000000007
decision_type=2 2 2 2 2 2
left_child=1 -1 -3 5 -4 -2
right_child=3 2 4 -5 -6 -7
leaf_value=0.0019289192755054783 -0.0086966006061390145 -0.0046558792114489728 0.00056052503879995845 -0.0068298274604304378 0.0014113282412857313 -0.015567165395602526
leaf_weight=16.86038763821125 0.84902722516562734 3.8043587517458972 5.2835438605397922 2.8570302516454831 6.955843061208725 0.044423254366847686
leaf_count=26 36 34 24 54 22 14
internal_value=0 0.00838443 -0.0030754 -0.0735592 0.0104405 -0.0903821
internal_weight=0 32.9041 16.0437 3.75048 12.2394 0.89345
internal_count=210 106 80 104 46 50
shrinkage=0.1


Tree=66
num_leaves=7
num_cat=0
split_feature=0 0 0 0 0 0
split_gain=0.021963 0.00400816 0.00914066 0.000312051 0.000210321 0.000190317
threshold=0.35000000000000003 1.0000000180025095e-35 0.15000000000000005 0.75000000000000011 0.25000000000000006 0.45000000000000007
decision_type=2 2 2 2 2 2
left_child=1 -1 -3 5 -4 -2
right_child=3 2 4 -5 -6 -7
leaf_value=0.0019029287330930953 -0.0085513584125237341 -0.0045871028928318189 0.00055008677872979157 -0.0067429338925763986 0.0013871677802096529 -0.015275158999172537
leaf_weight=16.85896709561348 0.8484915880253534 3.8034507879056063 5.282310798764227 2.8550157225690782 6.9517631661146879 0.044294349863776006
leaf_count=26 36 34 24 54 22 14
internal_value=0 0.00826337 -0.00305398 -0.072532 0.0102574 -0.0888495
internal_weight=0 32.8965 16.0375 3.7478 12.2341 0.892786
internal_count=210 106 80 104 46 50
shrinkage=0.1


Tree=67
num_leaves=7
num_cat=0
split_feature=0 0 0 0 0 0
split_gain=0.0213437 0.00390757 0.00886618 0.000293609 0.000204161 0.00018191
threshold=0.35000000000000003 1.0000000180025095e-35 0.15000000000000005 0.75000000000000011 0.25000000000000006 0.45000000000000007
decision_type=2 2 2 2 2 2
left_child=1 -1 -3 5 -4 -2
right_child=3 2 4 -5 -6 -7
leaf_value=0.0018774830828719416 -0.008410346838377802 -0.0045205275192748478 0.00053951078313596254 -0.0066577503594336786 0.0013643982897581404 -0.014992810151294651
leaf_weight=16.857576221227646 0.84797524451278095 3.8025744843762395 5.2811053842306119 2.8530441538896412 6.9477605754509568 0.044170586450491101
leaf_count=26 36 34 24 54 22 14
internal_value=0 0.00814524 -0.00303211 -0.0715287 0.0100817 -0.0873625
internal_weight=0 32.889 16.0314 3.74519 12.2289 0.892146
internal_count=210 106 80 104 46 50
shrinkage=0.1


Tree=68
num_leaves=7
num_cat=0
split_feature=0 0 0 0 0 0
split_gain=0.0207502 0.00381007 0.00860302 0.000276211 0.00019813 0.000174003
threshold=0.35000000000000003 1.0000000180025095e-35 0.15000000000000005 0.75000000000000011 0.25000000000000006 0.45000000000000007
decision_type=2 2 2 2 2 2
left_child=1 -1 -3 5 -4 -2
right_child=3 2 4 -5 -6 -7
leaf_value=0.0018526210098351891 -0.0082730365422135389 -0.0044555719185142353 0.00052949235345080704 -0.0065748802450341553 0.0013422554297367855 -0.01471920285284458
leaf_weight=16.856207326054573 0.84747541538672466 3.8017210343387005 5.2799245594069344 2.8511225496185943 6.943830874748528 0.044051516379113302
leaf_count=26 36 34 24 54 22 14
internal_value=0 0.00803043 -0.00300944 -0.0705527 0.00991191 -0.0859155
internal_weight=0 32.8817 16.0255 3.74265 12.2238 0.891527
internal_count=210 106 80 104 46 50
shrinkage=0.1


Tree=69
num_leaves=7
num_cat=0
split_feature=0 0 0 0 0 0
split_gain=0.0201797 0.0037158 0.00835002 0.000259949 0.000191895 0.000166571
threshold=0.35000000000000003 1.0000000180025095e-35 0.15000000000000005 0.75000000000000011 0.25000000000000006 0.45000000000000007
decision_type=2 2 2 2 2 2
left_child=1 -1 -3 5 -4 -2
right_child=3 2 4 -5 -6 -7
leaf_value=0.0018283347455558805 -0.0081395093653795821 -0.0043920987835761038 0.00052029362933869781 -0.006493876272824009 0.0013203122531163542 -0.014454393578580728
leaf_weight=16.85486251115799 0.84699306555557941 3.8008910757489529 5.2787677161395532 2.8492471863282844 6.9399668900296092 0.043937102047493681
leaf_count=26 36 34 24 54 22 14
internal_value=0 0.00791856 -0.00298662 -0.0696006 0.00974686 -0.0845093
internal_weight=0 32.8745 16.0196 3.74018 12.2187 0.89093
internal_count=210 106 80 104 46 50
shrinkage=0.1


Tree=70
num_leaves=7
num_cat=0
split_feature=0 0 0 0 0 0
split_gain=0.0196308 0.00362535 0.00810575 0.000244764 0.000186404 0.000159545
threshold=0.35000000000000003 1.0000000180025095e-35 0.15000000000000005 0.75000000000000011 0.25000000000000006 0.45000000000000007
decision_type=2 2 2 2 2 2
left_child=1 -1 -3 5 -4 -2
right_child=3 2 4 -5 -6 -7
leaf_value=0.0018047017098553053 -0.0080096749813101942 -0.004329943923374757 0.00051058537304019306 -0.0064146107082399713 0.0012992152677342907 -0.014197410505015601
leaf_weight=16.853530094027519 0.84652789111714755 3.8000748956110355 5.2776415580883604 2.8474119877209887 6.9361779140308499 0.043826905355672352
leaf_count=26 36 34 24 54 22 14
internal_value=0 0.00780948 -0.00296482 -0.0686712 0.00958445 -0.0831426
internal_weight=0 32.8674 16.0139 3.73777 12.2138 0.890355
internal_count=210 106 80 104 46 50
shrinkage=0.1


Tree=71
num_leaves=7
num_cat=0
split_feature=0 0 0 0 0 0
split_gain=0.019103 0.00353723 0.0078731 0.000230477 0.000180843 0.000152937
threshold=0.35000000000000003 1.0000000180025095e-35 0.15000000000000005 0.75000000000000011 0.25000000000000006 0.45000000000000007
decision_type=2 2 2 2 2 2
left_child=1 -1 -3 5 -4 -2
right_child=3 2 4 -5 -6 -7
leaf_value=0.0017815131856880825 -0.0078831294279812694 -0.0042696784761361954 0.00050177582371566359 -0.0063372012178541329 0.0012786897298666736 -0.013948433363007717
leaf_weight=16.852227047085762 0.84607682388741468 3.799288471927869 5.276535874232648 2.8456198719795793 6.9324513673782349 0.043720816494897008
leaf_count=26 36 34 24 54 22 14
internal_value=0 0.00770311 -0.00294201 -0.0677644 0.0094292 -0.0818115
internal_weight=0 32.8605 16.0083 3.73542 12.209 0.889798
internal_count=210 106 80 104 46 50
shrinkage=0.1


Tree=72
num_leaves=7
num_cat=0
split_feature=0 0 0 0 0 0
split_gain=0.0185949 0.00345139 0.00764913 0.00021707 0.00017578 0.000146712
threshold=0.35000000000000003 1.0000000180025095e-35 0.15000000000000005 0.75000000000000011 0.25000000000000006 0.45000000000000007
decision_type=2 2 2 2 2 2
left_child=1 -1 -3 5 -4 -2
right_child=3 2 4 -5 -6 -7
leaf_value=0.0017587661013055388 -0.0077598476986565721 -0.0042106628580847001 0.00049295346554651656 -0.0062615073488673442 0.0012590464307174775 -0.013707131075970666
leaf_weight=16.8509421646595 0.84564001212129314 3.7985185661818859 5.2754514915868622 2.8438663906417787 6.9287943402305245 0.043618662035441957
leaf_count=26 36 34 24 54 22 14
internal_value=0 0.00759939 -0.00291828 -0.0668791 0.00927892 -0.0805157
internal_weight=0 32.8537 16.0028 3.73313 12.2042 0.889259
internal_count=210 106 80 104 46 50
shrinkage=0.1


Tree=73
num_leaves=7
num_cat=0
split_feature=0 0 0 0 0 0
split_gain=0.018106 0.00336919 0.00743292 0.000204512 0.000170627 0.000140819
threshold=0.35000000000000003 1.0000000180025095e-35 0.15000000000000005 0.75000000000000011 0.25000000000000006 0.45000000000000007
decision_type=2 2 2 2 2 2
left_child=1 -1 -3 5 -4 -2
right_child=3 2 4 -5 -6 -7
leaf_value=0.0017366583412564422 -0.0076398922811510648 -0.0041529344921762195 0.00048455919451643358 -0.006187500401487263 0.0012394681184705028 -0.013472836907411377
leaf_weight=16.849674262106419 0.84521898103412174 3.7977634652052066 5.2743910923600179 2.8421534958761185 6.9252000562846661 0.043520176885067485
leaf_count=26 36 34 24 54 22 14
internal_value=0 0.00749827 -0.00289582 -0.0660152 0.0091309 -0.0792552
internal_weight=0 32.847 15.9974 3.73089 12.1996 0.888739
internal_count=210 106 80 104 46 50
shrinkage=0.1


Tree=74
num_leaves=7
num_cat=0
split_feature=0 0 0 0 0 0
split_gain=0.0176347 0.00328963 0.00722486 0.000192701 0.000165703 0.000135255
threshold=0.35000000000000003 1.0000000180025095e-35 0.15000000000000005 0.75000000000000011 0.25000000000000006 0.45000000000000007
decision_type=2 2 2 2 2 2
left_child=1 -1 -3 5 -4 -2
right_child=3 2 4 -5 -6 -7
leaf_value=0.001715031190854257 -0.0075228596923418893 -0.0040965325430676524 0.00047636044265164364 -0.0061150606952357122 0.0012204199063258374 -0.013245426731462352
leaf_weight=16.848424591124058 0.84481094911461629 3.7970276155974707 5.2733533317223173 2.8404772967332974 6.9216695446521044 0.043425199473858811
leaf_count=26 36 34 24 54 22 14
internal_value=0 0.00739949 -0.00287348 -0.0651707 0.00898675 -0.0780263
internal_weight=0 32.8405 15.9921 3.72871 12.195 0.888236
internal_count=210 106 80 104 46 50
shrinkage=0.1


Tree=75
num_leaves=7
num_cat=0
split_feature=0 0 0 0 0 0
split_gain=0.017181 0.00321163 0.0070256 0.00018164 0.000161045 0.000129992
threshold=0.35000000000000003 1.0000000180025095e-35 0.15000000000000005 0.75000000000000011 0.25000000000000006 0.45000000000000007
decision_type=2 2 2 2 2 2
left_child=1 -1 -3 5 -4 -2
right_child=3 2 4 -5 -6 -7
leaf_value=0.0016937393551293379 -0.007408967826370314 -0.0040415198689135448 0.00046854211377505292 -0.0060442147027363457 0.0012021887611674519 -0.013024778737008622
leaf_weight=16.847200147807598 0.84441626671468784 3.7963139705825588 5.2723339349031431 2.8388369005406275 6.9181980388239026 0.043333570516551845
leaf_count=26 36 34 24 54 22 14
internal_value=0 0.00730314 -0.00284959 -0.0643463 0.00884891 -0.0768309
internal_weight=0 32.834 15.9868 3.72659 12.1905 0.88775
internal_count=210 106 80 104 46 50
shrinkage=0.1


Tree=76
num_leaves=7
num_cat=0
split_feature=0 0 0 0 0 0
split_gain=0.0167435 0.00313681 0.00683291 0.000171201 0.000156615 0.000125014
threshold=0.35000000000000003 1.0000000180025095e-35 0.15000000000000005 0.75000000000000011 0.25000000000000006 0.45000000000000007
decision_type=2 2 2 2 2 2
left_child=1 -1 -3 5 -4 -2
right_child=3 2 4 -5 -6 -7
leaf_value=0.0016730180281380352 -0.0072977542524994667 -0.0039876452706130239 0.00046069787508541373 -0.0059749227901931623 0.0011842990342153794 -0.012810400128531295
leaf_weight=16.84598957747221 0.84403302741702591 3.7956118907313785 5.2713367193937284 2.8372328543337062 6.9147865995764732 0.043245135457254953
leaf_count=26 36 34 24 54 22 14
internal_value=0 0.00720908 -0.00282691 -0.0635406 0.00871292 -0.0756644
internal_weight=0 32.8277 15.9817 3.72451 12.1861 0.887278
internal_count=210 106 80 104 46 50
shrinkage=0.1


Tree=77
num_leaves=7
num_cat=0
split_feature=0 0 0 0 0 0
split_gain=0.016321 0.0030644 0.00664678 0.000161418 0.000152323 0.000120298
threshold=0.35000000000000003 1.0000000180025095e-35 0.15000000000000005 0.75000000000000011 0.25000000000000006 0.45000000000000007
decision_type=2 2 2 2 2 2
left_child=1 -1 -3 5 -4 -2
right_child=3 2 4 -5 -6 -7
leaf_value=0.0016527397211520169 -0.0071893005563040905 -0.0039348531788780108 0.00045304133138905861 -0.0059069514165305329 0.0011667714032131528 -0.012602113588988904
leaf_weight=16.844796843826771 0.84366285934811391 3.7949240535963318 5.2703624786809069 2.8356603982392699 6.9114300878718495 0.043159716893569566
leaf_count=26 36 34 24 54 22 14
internal_value=0 0.00711708 -0.00280453 -0.0627521 0.00857981 -0.0745273
internal_weight=0 32.8215 15.9767 3.72248 12.1818 0.886823
internal_count=210 106 80 104 46 50
shrinkage=0.1


Tree=78
num_leaves=7
num_cat=0
split_feature=0 0 0 0 0 0
split_gain=0.0159142 0.00299338 0.00646844 0.000152215 0.000148297 0.000115813
threshold=0.35000000000000003 1.0000000180025095e-35 0.15000000000000005 0.75000000000000011 0.25000000000000006 0.45000000000000007
decision_type=2 2 2 2 2 2
left_child=1 -1 -3 5 -4 -2
right_child=3 2 4 -5 -6 -7
leaf_value=0.0016327789954495488 -0.0070836733567438033 -0.0038833470507924719 0.00044570078907675656 -0.0058405680669915624 0.0011500449158146507 -0.012399526051250184
leaf_weight=16.8436294272542 0.84330424520885505 3.7942568690050384 5.2694029584526998 2.8341231507947668 6.9081286331638694 0.043077068003185559
leaf_count=26 36 34 24 54 22 14
internal_value=0 0.00702741 -0.00278064 -0.0619828 0.00845265 -0.0734202
internal_weight=0 32.8154 15.9718 3.7205 12.1775 0.886381
internal_count=210 106 80 104 46 50
shrinkage=0.1


Tree=79
num_leaves=7
num_cat=0
split_feature=0 0 0 0 0 0
split_gain=0.015521 0.00292498 0.00629636 0.000144195 0.00014355 0.00011158
threshold=0.35000000000000003 1.0000000180025095e-35 0.15000000000000005 0.25000000000000006 0.75000000000000011 0.45000000000000007
decision_type=2 2 2 2 2 2
left_child=1 -1 -3 -4 5 -2
right_child=4 2 3 -5 -6 -7
leaf_value=0.0016132914770031885 -0.0069804289579308287 -0.0038330121666629371 0.00043876549125869196 0.0011334060239483186 -0.0057754416783561855 -0.01220289225449861
leaf_weight=16.842472784221172 0.84295619768090491 3.7936039976775637 5.2684618700295669 6.9048868166282773 2.8326154394308105 0.042997360673325602
leaf_count=26 36 34 24 22 54 14
internal_value=0 0.00693964 -0.00275774 0.00832775 -0.0612292 -0.0723389
internal_weight=0 32.8094 15.967 12.1733 3.71857 0.885954
internal_count=210 106 80 46 104 50
shrinkage=0.1


Tree=80
num_leaves=7
num_cat=0
split_feature=0 0 0 0 0 0
split_gain=0.0151412 0.00285869 0.00613057 0.000140442 0.000135416 0.000107552
threshold=0.35000000000000003 1.0000000180025095e-35 0.15000000000000005 0.25000000000000006 0.75000000000000011 0.45000000000000007
decision_type=2 2 2 2 2 2
left_child=1 -1 -3 -4 5 -2
right_child=4 2 3 -5 -6 -7
leaf_value=0.0015942063792649024 -0.0068797225043260891 -0.0037838172684396022 0.00043175219951505886 0.0011173953524717061 -0.005711584379110686 -0.012011475024423748
leaf_weight=16.84133467823267 0.84261872764909584 3.7929640458896747 5.2675390262156707 6.9016979122534394 2.8311382516985759 0.042920198633510161
leaf_count=26 36 34 24 22 54 14
internal_value=0 0.0068538 -0.00273502 0.0082061 -0.0604917 -0.0712845
internal_weight=0 32.8035 15.9622 12.1692 3.71668 0.885539
internal_count=210 106 80 46 104 50
shrinkage=0.1


Tree=81
num_leaves=7
num_cat=0
split_feature=0 0 0 0 0 0
split_gain=0.0147747 0.00279446 0.0059697 0.000136583 0.00012771 0.000103726
threshold=0.35000000000000003 1.0000000180025095e-35 0.15000000000000005 0.25000000000000006 0.75000000000000011 0.45000000000000007
decision_type=2 2 2 2 2 2
left_child=1 -1 -3 -4 5 -2
right_child=4 2 3 -5 -6 -7
leaf_value=0.0015755326745767136 -0.0067812966965871274 -0.0037354163895102024 0.00042517919628062416 0.0011014356719076836 -0.0056491656745442376 -0.011825178364518941
leaf_weight=16.840213440358639 0.84229158691596173 3.7923371994402251 5.2666342686861736 6.898557928390801 2.8296928693307564 0.042845505551667891
leaf_count=26 36 34 24 22 54 14
internal_value=0 0.00676996 -0.00271244 0.00808666 -0.0597709 -0.0702545
internal_weight=0 32.7977 15.9575 12.1652 3.71483 0.885137
internal_count=210 106 80 46 104 50
shrinkage=0.1


Tree=82
num_leaves=7
num_cat=0
split_feature=0 0 0 0 0 0
split_gain=0.0144204 0.00273205 0.00581475 0.000133022 0.00012048 0.000100079
threshold=0.35000000000000003 1.0000000180025095e-35 0.15000000000000005 0.25000000000000006 0.75000000000000011 0.45000000000000007
decision_type=2 2 2 2 2 2
left_child=1 -1 -3 -4 5 -2
right_child=4 2 3 -5 -6 -7
leaf_value=0.0015572197259308695 -0.0066852820513576081 -0.0036881109467370669 0.00041859679292686141 0.0010860779409761386 -0.0055879376692820268 -0.01164373562446642
leaf_weight=16.839109346270561 0.84197465033503183 3.7917229225859037 5.2657480388879758 6.8954685451462865 2.8282751213992015 0.042773157394549344
leaf_count=26 36 34 24 22 54 14
internal_value=0 0.00668794 -0.00268982 0.00797062 -0.0590654 -0.06925
internal_weight=0 32.792 15.9529 12.1612 3.71302 0.884748
internal_count=210 106 80 46 104 50
shrinkage=0.1


Tree=83
num_leaves=7
num_cat=0
split_feature=0 0 0 0 0 0
split_gain=0.0140776 0.00267133 0.00566557 0.000129557 0.00011366 9.66228e-05
threshold=0.35000000000000003 1.0000000180025095e-35 0.15000000000000005 0.25000000000000006 0.75000000000000011 0.45000000000000007
decision_type=2 2 2 2 2 2
left_child=1 -1 -3 -4 5 -2
right_child=4 2 3 -5 -6 -7
leaf_value=0.0015392394596458791 -0.0065913698770089972 -0.003641897613362588 0.00041228878007241646 0.0010711113624461946 -0.0055278592596037747 -0.011467290589577244
leaf_weight=16.838021583855152 0.84166624519275435 3.7911239899694911 5.264875805936752 6.8924307525157928 2.8268847049912438 0.042703169412561685
leaf_count=26 36 34 24 22 54 14
internal_value=0 0.00660763 -0.00266714 0.007858 -0.0583739 -0.0682681
internal_weight=0 32.7865 15.9484 12.1573 3.71125 0.884369
internal_count=210 106 80 46 104 50
shrinkage=0.1


Tree=84
num_leaves=7
num_cat=0
split_feature=0 0 0 0 0 0
split_gain=0.0137459 0.00261293 0.00552079 0.000126003 0.00010722 9.33345e-05
threshold=0.35000000000000003 1.0000000180025095e-35 0.15000000000000005 0.25000000000000006 0.75000000000000011 0.45000000000000007
decision_type=2 2 2 2 2 2
left_child=1 -1 -3 -4 5 -2
right_child=4 2 3 -5 -6 -7
leaf_value=0.0015217005737234775 -0.0064995093308997916 -0.0035965338601983247 0.00040628886300148027 0.0010561040494376373 -0.0054689265439199324 -0.011295407325379534
leaf_weight=16.836943916976452 0.84136672632303022 3.7905341738369307 5.264020240865646 6.8894422501325607 2.8255220586434007 0.042635402409359806
leaf_count=26 36 34 24 22 54 14
internal_value=0 0.006529 -0.00264557 0.0077465 -0.0576964 -0.0673082
internal_weight=0 32.7809 15.944 12.1535 3.70952 0.884002
internal_count=210 106 80 46 104 50
shrinkage=0.1


Tree=85
num_leaves=7
num_cat=0
split_feature=0 0 0 0 0 0
split_gain=0.0134258 0.00255583 0.00538173 0.000123022 0.000101184 9.01869e-05
threshold=0.35000000000000003 1.0000000180025095e-35 0.15000000000000005 0.25000000000000006 0.75000000000000011 0.45000000000000007
decision_type=2 2 2 2 2 2
left_child=1 -1 -3 -4 5 -2
right_child=4 2 3 -5 -6 -7
leaf_value=0.0015044565817947618 -0.0064100699973626031 -0.0035522565890501951 0.00039994511322981601 0.0010421155453159089 -0.0054112403827335535 -0.011127907482091311
leaf_weight=16.835889093577862 0.84107759117614411 3.7899602621328077 5.2631806470453721 6.8865030212327838 2.8241858027176932 0.042569664248730987
leaf_count=26 36 34 24 22 54 14
internal_value=0 0.00645221 -0.00262327 0.00763931 -0.0570345 -0.0663735
internal_weight=0 32.7755 15.9396 12.1497 3.70783 0.883647
internal_count=210 106 80 46 104 50
shrinkage=0.1


Tree=86
num_leaves=7
num_cat=0
split_feature=0 0 0 0 0 0
split_gain=0.0131158 0.00250017 0.00524665 0.000119788 9.54639e-05 8.72033e-05
threshold=0.35000000000000003 1.0000000180025095e-35 0.15000000000000005 0.25000000000000006 0.75000000000000011 0.45000000000000007
decision_type=2 2 2 2 2 2
left_child=1 -1 -3 -4 5 -2
right_child=4 2 3 -5 -6 -7
leaf_value=0.0014875082309020109 -0.0063224355830183675 -0.0035086395183842297 0.00039425919814167889 0.0010280177238628065 -0.0053546465269105354 -0.010964921932184886
leaf_weight=16.834848828613758 0.84079596353694741 3.7893963749520472 5.2623552521690709 6.8836028277873993 2.8228753097355366 0.042505998113483656
leaf_count=26 36 34 24 22 54 14
internal_value=0 0.006377 -0.00260078 0.00753436 -0.0563855 -0.0654584
internal_weight=0 32.7702 15.9354 12.146 3.70618 0.883302
internal_count=210 106 80 46 104 50
shrinkage=0.1


Tree=87
num_leaves=7
num_cat=0
split_feature=0 0 0 0 0 0
split_gain=0.012815 0.00244591 0.00511649 0.000116861 9.00623e-05 8.43602e-05
threshold=0.35000000000000003 1.0000000180025095e-35 0.15000000000000005 0.25000000000000006 0.75000000000000011 0.45000000000000007
decision_type=2 2 2 2 2 2
left_child=1 -1 -3 -4 5 -2
right_child=4 2 3 -5 -6 -7
leaf_value=0.0014708331899802184 -0.0062365938749396853 -0.0034660133446722898 0.00038847545628698063 0.0010145281534354074 -0.0052990107636908578 -0.010805971110568743
leaf_weight=16.833823010325432 0.84052089386386741 3.7888447910081586 5.2615446522831899 6.880751084536314 2.8215876668691635 0.042444210150279112
leaf_count=26 36 34 24 22 54 14
internal_value=0 0.00630315 -0.00257828 0.00743245 -0.0557483 -0.0645624
internal_weight=0 32.765 15.9311 12.1423 3.70455 0.882965
internal_count=210 106 80 46 104 50
shrinkage=0.1


Tree=88
num_leaves=7
num_cat=0
split_feature=0 0 0 0 0 0
split_gain=0.0125244 0.00239389 0.00499048 0.000113873 8.49482e-05 8.16344e-05
threshold=0.35000000000000003 1.0000000180025095e-35 0.15000000000000005 0.25000000000000006 0.75000000000000011 0.45000000000000007
decision_type=2 2 2 2 2 2
left_child=1 -1 -3 -4 5 -2
right_child=4 2 3 -5 -6 -7
leaf_value=0.0014546146572132293 -0.0061526943115736577 -0.0034243114562334484 0.00038295523773601721 0.0010010344574673384 -0.0052445735233985361 -0.010650706090515471
leaf_weight=16.832808397710323 0.84025494521483712 3.7883014113176605 5.2607472930103523 6.8779474003240466 2.8203263411996886 0.042384198139188811
leaf_count=26 36 34 24 22 54 14
internal_value=0 0.006231 -0.00255706 0.00733167 -0.0551252 -0.0636869
internal_weight=0 32.7598 15.927 12.1387 3.70297 0.882639
internal_count=210 106 80 46 104 50
shrinkage=0.1


Tree=89
num_leaves=7
num_cat=0
split_feature=0 0 0 0 0 0
split_gain=0.0122429 0.00234264 0.00486886 0.000111147 8.01329e-05 7.90322e-05
threshold=0.35000000000000003 1.0000000180025095e-35 0.15000000000000005 0.25000000000000006 0.75000000000000011 0.45000000000000007
decision_type=2 2 2 2 2 2
left_child=1 -1 -3 -4 5 -2
right_child=4 2 3 -5 -6 -7
leaf_value=0.0014385832738140446 -0.0060706796568513691 -0.0033833840183318622 0.00037748264144778752 0.00098819661193946264 -0.005191131539576269 -0.010499353761333874
leaf_weight=16.831812113523483 0.8399962386465627 3.7877724114805451 5.2599635440856201 6.8751857336610556 2.8190881244372576 0.042325913796958048
leaf_count=26 36 34 24 22 54 14
internal_value=0 0.00616035 -0.00253465 0.00723483 -0.0545144 -0.0628313
internal_weight=0 32.7547 15.9229 12.1351 3.70141 0.882322
internal_count=210 106 80 46 104 50
shrinkage=0.1


Tree=90
num_leaves=7
num_cat=0
split_feature=0 0 0 0 0 0
split_gain=0.01197 0.00229319 0.00475082 0.000108214 7.56301e-05 7.65511e-05
threshold=0.35000000000000003 1.0000000180025095e-35 0.15000000000000005 0.25000000000000006 0.75000000000000011 0.45000000000000007
decision_type=2 2 2 2 2 2
left_child=1 -1 -3 -4 5 -2
right_child=4 2 3 -5 -6 -7
leaf_value=0.0014229075235095599 -0.0059906027881130239 -0.0033432214883491922 0.00037249603569512068 0.00097517478527263987 -0.005138550803655181 -0.010352006267616544
leaf_weight=16.830825723707676 0.8397459313855502 3.787251438945531 5.2591933431103808 6.8724633175879717 2.8178712110966444 0.042269499615940731
leaf_count=26 36 34 24 22 54 14
internal_value=0 0.00609103 -0.0025132 0.00713908 -0.053915 -0.0619962
internal_weight=0 32.7497 15.9189 12.1317 3.69989 0.882015
internal_count=210 106 80 46 104 50
shrinkage=0.1


Tree=91
num_leaves=7
num_cat=0
split_feature=0 0 0 0 0 0
split_gain=0.011705 0.00224528 0.00463623 0.000105437 7.13285e-05 7.4181e-05
threshold=0.35000000000000003 1.0000000180025095e-35 0.15000000000000005 0.25000000000000006 0.75000000000000011 0.45000000000000007
decision_type=2 2 2 2 2 2
left_child=1 -1 -3 -4 5 -2
right_child=4 2 3 -5 -6 -7
leaf_value=0.0014075428375563801 -0.0059118740272284245 -0.0033037711093756544 0.00036746297595718902 0.00096243256935037071 -0.0050869231284352348 -0.010207917590301444
leaf_weight=16.829852819442749 0.83950093120802149 3.7867390238679937 5.258437595330177 6.8697830624878407 2.8166761815082282 0.042214587847411167
leaf_count=26 36 34 24 22 54 14
internal_value=0 0.006023 -0.00249233 0.00704471 -0.0533263 -0.0611756
internal_weight=0 32.7448 15.915 12.1282 3.69839 0.881716
internal_count=210 106 80 46 104 50
shrinkage=0.1


Tree=92
num_leaves=7
num_cat=0
split_feature=0 0 0 0 0 0
split_gain=0.0114489 0.00219807 0.00452641 0.000103047 6.73025e-05 7.1906e-05
threshold=0.35000000000000003 1.0000000180025095e-35 0.15000000000000005 0.25000000000000006 0.75000000000000011 0.45000000000000007
decision_type=2 2 2 2 2 2
left_child=1 -1 -3 -4 5 -2
right_child=4 2 3 -5 -6 -7
leaf_value=0.0013923675251143817 -0.0058352082916678649 -0.0032653132970642661 0.00036233127802160793 0.00095059111659873672 -0.0050363459044459758 -0.010067439763532639
leaf_weight=16.82890047878027 0.83926400018390213 3.7862415302079162 5.2576935309916717 6.8671432556584477 2.8155032963259146 0.042161232297075912
leaf_count=26 36 34 24 22 54 14
internal_value=0 0.00595652 -0.00247022 0.00695504 -0.0527508 -0.0603765
internal_weight=0 32.74 15.9111 12.1248 3.69693 0.881425
internal_count=210 106 80 46 104 50
shrinkage=0.1


Tree=93
num_leaves=7
num_cat=0
split_feature=0 0 0 0 0 0
split_gain=0.0112002 0.00215275 0.00441861 0.00010041 6.3474e-05 6.97365e-05
threshold=0.35000000000000003 1.0000000180025095e-35 0.15000000000000005 0.25000000000000006 0.75000000000000011 0.45000000000000007
decision_type=2 2 2 2 2 2
left_child=1 -1 -3 -4 5 -2
right_child=4 2 3 -5 -6 -7
leaf_value=0.0013775723392599713 -0.0057599289523356904 -0.0032272280863844555 0.00035757227200172389 0.0009383278843135553 -0.0049866567007977938 -0.0099302909131920303
leaf_weight=16.827954970300198 0.83903347852174126 3.7857474260963491 5.2569644618779403 6.8645414467900991 2.8143522426253185 0.042109435613383539
leaf_count=26 36 34 24 22 54 14
internal_value=0 0.00589127 -0.00244953 0.00686461 -0.0521855 -0.0595923
internal_weight=0 32.7352 15.9073 12.1215 3.6955 0.881143
internal_count=210 106 80 46 104 50
shrinkage=0.1


Tree=94
num_leaves=7
num_cat=0
split_feature=0 0 0 0 0 0
split_gain=0.0109587 0.00210826 0.00431475 9.79954e-05 5.98503e-05 6.76664e-05
threshold=0.35000000000000003 1.0000000180025095e-35 0.15000000000000005 0.25000000000000006 0.75000000000000011 0.45000000000000007
decision_type=2 2 2 2 2 2
left_child=1 -1 -3 -4 5 -2
right_child=4 2 3 -5 -6 -7
leaf_value=0.0013629598994208823 -0.0056860912739542906 -0.0031899883248693536 0.00035283057413728702 0.00092662956792620454 -0.0049377905004453389 -0.0097964558988555273
leaf_weight=16.827022396028042 0.83880772156408001 3.7852640023920676 5.2562439767643792 6.8619810547679663 2.8132201784756035 0.042059108498506248
leaf_count=26 36 34 24 22 54 14
internal_value=0 0.00582719 -0.00242832 0.00677746 -0.0516302 -0.0588235
internal_weight=0 32.7305 15.9035 12.1182 3.69409 0.880867
internal_count=210 106 80 46 104 50
shrinkage=0.1


Tree=95
num_leaves=7
num_cat=0
split_feature=0 0 0 0 0 0
split_gain=0.0107241 0.00206535 0.00421459 9.56783e-05 5.64641e-05 6.56697e-05
threshold=0.35000000000000003 1.0000000180025095e-35 0.15000000000000005 0.25000000000000006 0.75000000000000011 0.45000000000000007
decision_type=2 2 2 2 2 2
left_child=1 -1 -3 -4 5 -2
right_child=4 2 3 -5 -6 -7
leaf_value=0.0013486727009590395 -0.0056139785329873786 -0.0031536909346790878 0.00034813507127692914 0.00091517657484074691 -0.0048896623944125819 -0.0096655206060351651
leaf_weight=16.826104074716568 0.83859001914970532 3.7847914265003046 5.2555369688197953 6.8594599552452564 2.8121061245910823 0.042010066666989594
leaf_count=26 36 34 24 22 54 14
internal_value=0 0.00576427 -0.00240809 0.00669192 -0.0510848 -0.0580726
internal_weight=0 32.7259 15.8998 12.115 3.69271 0.8806
internal_count=210 106 80 46 104 50
shrinkage=0.1


Tree=96
num_leaves=7
num_cat=0
split_feature=0 0 0 0 0 0
split_gain=0.0104974 0.00202323 0.00411644 9.33634e-05 5.32257e-05 6.37613e-05
threshold=0.35000000000000003 1.0000000180025095e-35 0.15000000000000005 0.25000000000000006 0.75000000000000011 0.45000000000000007
decision_type=2 2 2 2 2 2
left_child=1 -1 -3 -4 5 -2
right_child=4 2 3 -5 -6 -7
leaf_value=0.0013345993421201548 -0.0055433120697770798 -0.0031175967630941996 0.00034365182113757844 0.00090385681420652401 -0.0048426715214476244 -0.0095377310725247803
leaf_weight=16.825197070837021 0.83837754873093151 3.7843224455136797 5.2548425514250976 6.856970033608377 2.8110162919620052 0.0419624261194258
leaf_count=26 36 34 24 22 54 14
internal_value=0 0.00570284 -0.00238702 0.00660806 -0.0505517 -0.0573371
internal_weight=0 32.7213 15.8961 12.1118 3.69136 0.88034
internal_count=210 106 80 46 104 50
shrinkage=0.1


Tree=97
num_leaves=7
num_cat=0
split_feature=0 0 0 0 0 0
split_gain=0.0102758 0.00198209 0.00402238 9.1488e-05 5.01621e-05 6.19357e-05
threshold=0.35000000000000003 1.0000000180025095e-35 0.15000000000000005 0.25000000000000006 0.75000000000000011 0.45000000000000007
decision_type=2 2 2 2 2 2
left_child=1 -1 -3 -4 5 -2
right_child=4 2 3 -5 -6 -7
leaf_value=0.0013207092321697814 -0.0054737174345012261 -0.0030825612772181596 0.00033874963094608 0.00089336294557242632 -0.004796166606907193 -0.0094126420886596288
leaf_weight=16.824309393763542 0.83816822967492 3.7838680522982022 5.2541599208489043 6.8545178035274148 2.8099392573349178 0.041915915178833529
leaf_count=26 36 34 24 22 54 14
internal_value=0 0.00564218 -0.00236626 0.00652707 -0.0500251 -0.0566132
internal_weight=0 32.7169 15.8925 12.1087 3.69002 0.880084
internal_count=210 106 80 46 104 50
shrinkage=0.1


Tree=98
num_leaves=7
num_cat=0
split_feature=0 0 0 0 0 0
split_gain=0.0100619 0.00194274 0.00393063 8.91745e-05 4.72802e-05 6.01766e-05
threshold=0.35000000000000003 1.0000000180025095e-35 0.15000000000000005 0.25000000000000006 0.75000000000000011 0.45000000000000007
decision_type=2 2 2 2 2 2
left_child=1 -1 -3 -4 5 -2
right_child=4 2 3 -5 -6 -7
leaf_value=0.0013072261701040739 -0.0054059121363428551 -0.0030480953892699923 0.00033464027886642207 0.00088225803224663681 -0.0047507194244089364 -0.0092905095471071241
leaf_weight=16.823423571884632 0.83796789520420079 3.7834183941595247 5.2534834854304773 6.8521067500114441 2.808884801575914 0.041870801513141487
leaf_count=26 36 34 24 22 54 14
internal_value=0 0.00558294 -0.00234682 0.00644607 -0.0495109 -0.0559078
internal_weight=0 32.7124 15.889 12.1056 3.68872 0.879839
internal_count=210 106 80 46 104 50
shrinkage=0.1


Tree=99
num_leaves=7
num_cat=0
split_feature=0 0 0 0 0 0
split_gain=0.00985359 0.00190388 0.00384115 8.70136e-05 4.45365e-05 5.84919e-05
threshold=0.35000000000000003 1.0000000180025095e-35 0.15000000000000005 0.25000000000000006 0.75000000000000011 0.45000000000000007
decision_type=2 2 2 2 2 2
left_child=1 -1 -3 -4 5 -2
right_child=4 2 3 -5 -6 -7
leaf_value=0.0012938624772237063 -0.005339189413129451 -0.0030139775041107485 0.00033053249878930269 0.00087153485953336005 -0.004705958460161766 -0.0091709655999611724
leaf_weight=16.822553426027298 0.83777111640665614 3.7829749330412588 5.2528221029788238 6.8497218498960137 2.8078471589833498 0.04182675396441482
leaf_count=26 36 34 24 22 54 14
internal_value=0 0.00552471 -0.00232652 0.00636726 -0.0490047 -0.055214
internal_weight=0 32.7081 15.8855 12.1025 3.68745 0.879598
internal_count=210 106 80 46 104 50
shrinkage=0.1


end of trees

feature importances:
geographical=600

parameters:
[boosting: gbdt]
[objective: lambdarank]
[metric: ndcg]
[tree_learner: serial]
[device_type: cpu]
[data: ]
[valid: ]
[num_iterations: 100]
[learning_rate: 0.1]
[num_leaves: 16]
[num_threads: -1]
[max_depth: -1]
[min_data_in_leaf: 5]
[min_sum_hessian_in_leaf: 0.001]
[bagging_fraction: 1]
[pos_bagging_fraction: 1]
[neg_bagging_fraction: 1]
[bagging_freq: 0]
[bagging_seed: 3]
[feature_fraction: 1]
[feature_fraction_bynode: 1]
[feature_fraction_seed: 2]
[early_stopping_round: 0]
[first_metric_only: 0]
[max_delta_step: 0]
[lambda_l1: 0]
[lambda_l2: 0]
[min_gain_to_split: 0]
[drop_rate: 0.1]
[max_drop: 50]
[skip_drop: 0.5]
[xgboost_dart_mode: 0]
[uniform_drop: 0]
[drop_seed: 4]
[top_rate: 0.2]
[other_rate: 0.1]
[min_data_per_group: 100]
[max_cat_threshold: 32]
[cat_l2: 10]
[cat_smooth: 10]
[max_cat_to_onehot: 4]
[top_k: 20]
[monotone_constraints: ]
[feature_contri: ]
[forcedsplits_filename: ]
[forcedbins_filename: ]
[refit_decay_rate: 0.9]
[cegb_tradeoff: 1]
[cegb_penalty_split: 0]
[cegb_penalty_feature_lazy: ]
[cegb_penalty_feature_coupled: ]
[verbosity: -1]
[max_bin: 255]
[max_bin_by_feature: ]
[min_data_in_bin: 3]
[bin_construct_sample_cnt: 200000]
[histogram_pool_size: -1]
[data_random_seed: 1]
[output_model: LightGBM_model.txt]
[snapshot_freq: -1]
[input_model: ]
[output_result: LightGBM_predict_result.txt]
[initscore_filename: ]
[valid_data_initscores: ]
[pre_partition: 0]
[enable_bundle: 1]
[max_conflict_rate: 0]
[is_enable_sparse: 1]
[sparse_threshold: 0.8]
[use_missing: 1]
[zero_as_missing: 0]
[two_round: 0]
[save_binary: 0]
[header: 0]
[label_column: ]
[weight_column: ]
[group_column: ]
[ignore_column: ]
[categorical_feature: ]
[predict_raw_score: 0]
[predict_leaf_index: 0]
[predict_contrib: 0]
[num_iteration_predict: -1]
[pred_early_stop: 0]
[pred_early_stop_freq: 10]
[pred_early_stop_margin: 10]
[convert_model_language: ]
[convert_model: gbdt_prediction.cpp]
[num_class: 1]
[is_unbalance: 0]
[scale_pos_weight: 1]
[sigmoid: 1]
[boost_from_average: 1]
[reg_sqrt: 0]
[alpha: 0.9]
[fair_c: 1]
[poisson_max_delta_step: 0.7]
[tweedie_variance_power: 1.5]
[max_position: 20]
[lambdamart_norm: 1]
[label_gain: ]
[metric_freq: 1]
[is_provide_training_metric: 0]
[eval_at: 1]
[multi_error_top_k: 1]
[num_machines: 1]
[local_listen_port: 12400]
[time_out: 120]
[machine_list_filename: ]
[machines: ]
[gpu_platform_id: -1]
[gpu_device_id: -1]
[gpu_use_dp: 0]

end of parameters

pandas_categorical:null
