tree
version=v3
num_class=1
num_tree_per_iteration=1
label_index=0
max_feature_idx=0
objective=lambdarank
feature_names=geographical
feature_infos=[0:1]
tree_sizes=739 742 744 749 749 747 745 748 752 751 751 755 756 756 756 757 752 755 756 752 756 759 761 760 761 761 761 760 760 762 759 762 762 760 762 765 762 762 764 764 765 762 766 763 766 767 763 766 763 766 765 769 767 766 764 767 769 770 766 763 770 768 767 769 770 768 771 765 770 765 771 771 769 768 767 771 769 768 771 770 768 767 772 773 771 772 773 774 771 773 774 772 773 772 773 775 773 772 773 773

Tree=0
num_leaves=6
num_cat=0
split_feature=0 0 0 0 0
split_gain=10.5898 1.00398 0.269978 0.269532 0.142766
threshold=0.35000000000000003 1.0000000180025095e-35 0.75000000000000011 0.15000000000000005 0.25000000000000006
decision_type=2 2 2 2 2
left_child=1 -1 -2 -3 -5
right_child=2 3 -4 4 -6
leaf_value=0.13356820670138944 -0.13608544799135516 0.028429688773429676 -0.080513550002380793 0.094670122214403241 0.045830525337543074
leaf_weight=2.6415641102939844 1.0276582157239316 1.9848548499867318 5.8549067983403802 1.6841364027932288 0.92849650047719456
leaf_count=24 34 34 78 24 16
internal_value=0 0.844377 -0.888112 0.562089 0.773132
internal_weight=0 7.23905 6.88257 4.59749 2.61263
internal_count=210 98 112 74 40
shrinkage=0.1


Tree=1
num_leaves=6
num_cat=0
split_feature=0 0 0 0 0
split_gain=4.76727 1.06218 0.916905 0.741964 0.0138479
threshold=0.35000000000000003 1.0000000180025095e-35 0.15000000000000005 0.75000000000000011 0.25000000000000006
decision_type=2 2 2 2 2
left_child=1 -1 -3 -2 -4
right_child=3 2 4 -5 -6
leaf_value=0.033739350240694028 -0.12715614728393618 -0.034791859138358409 0.015386305684431355 -0.054861451939465344 0.0074505386932857453
leaf_weight=16.322215884923935 1.983095172792672 5.661405103281143 9.8419054560363275 4.9961214382201433 2.8315351251512757
leaf_count=24 34 34 24 78 16
internal_value=0 0.151847 -0.0133319 -0.754035 0.136133
internal_weight=0 34.6571 18.3348 6.97922 12.6734
internal_count=210 98 74 112 40
shrinkage=0.1


Tree=2
num_leaves=6
num_cat=0
split_feature=0 0 0 0 0
split_gain=2.99513 0.514238 0.495317 0.400285 0.00460741
threshold=0.35000000000000003 1.0000000180025095e-35 0.15000000000000005 0.75000000000000011 0.25000000000000006
decision_type=2 2 2 2 2
left_child=1 -1 -3 -2 -4
right_child=3 2 4 -5 -6
leaf_value=0.024573605092392564 -0.10484505599126273 -0.027040490387054934 0.011489873430602758 -0.047814537155495385 0.006567085790514059
leaf_weight=16.472641512751579 1.6572940601035941 4.898152299225333 9.9745692275464517 4.7813283503055573 2.3489589076489201
leaf_count=24 34 34 24 78 16
internal_value=0 0.11942 -0.00140293 -0.624941 0.105516
internal_weight=0 33.6943 17.2217 6.43862 12.3235
internal_count=210 98 74 112 40
shrinkage=0.1


Tree=3
num_leaves=6
num_cat=0
split_feature=0 0 0 0 0
split_gain=2.10003 0.347054 0.312753 0.255694 0.00352122
threshold=0.35000000000000003 1.0000000180025095e-35 0.15000000000000005 0.75000000000000011 0.25000000000000006
decision_type=2 2 2 2 2
left_child=1 -1 -3 -2 -4
right_child=3 2 4 -5 -6
leaf_value=0.020166734427761585 -0.089860182943776193 -0.022347070105222324 0.0089723937054956744 -0.042254075635312527 0.0045450250716289435
leaf_weight=16.531789794564247 1.4926615906879295 4.6345526445657041 9.9870702475309354 4.6209976654499769 2.1903826110064974
leaf_count=24 34 34 24 78 16
internal_value=0 0.098785 -0.00238247 -0.538772 0.0817603
internal_weight=0 33.3438 16.812 6.11366 12.1775
internal_count=210 98 74 112 40
shrinkage=0.1


Tree=4
num_leaves=6
num_cat=0
split_feature=0 0 0 0 0
split_gain=1.58548 0.262711 0.220869 0.178464 0.00252592
threshold=0.35000000000000003 1.0000000180025095e-35 0.15000000000000005 0.75000000000000011 0.25000000000000006
decision_type=2 2 2 2 2
left_child=1 -1 -3 -2 -4
right_child=3 2 4 -5 -6
leaf_value=0.017408762218277481 -0.079062459929671119 -0.019318790365201729 0.0073082841361825608 -0.038099853393158301 0.0034888086732936573
leaf_weight=16.564949735999107 1.3921932186931361 4.4962513316422728 9.979643162339924 4.5062048900872469 2.0949280429631463
leaf_count=24 34 34 24 78 16
internal_value=0 0.0850308 -0.00399453 -0.477682 0.0664561
internal_weight=0 33.1358 16.5708 5.8984 12.0746
internal_count=210 98 74 112 40
shrinkage=0.1


Tree=5
num_leaves=6
num_cat=0
split_feature=0 0 0 0 0
split_gain=1.25509 0.211204 0.166674 0.13152 0.00179837
threshold=0.35000000000000003 1.0000000180025095e-35 0.15000000000000005 0.75000000000000011 0.25000000000000006
decision_type=2 2 2 2 2
left_child=1 -1 -3 -2 -4
right_child=3 2 4 -5 -6
leaf_value=0.015467672350830339 -0.070805728962224965 -0.017164740456530724 0.0061271272909573082 -0.03486567321892111 0.0028594093249465526
leaf_weight=16.586019605398178 1.3230169294401992 4.4076535664498833 9.968577425926922 4.4194534299895167 2.0265768487006417
leaf_count=24 34 34 24 78 16
internal_value=0 0.0751056 -0.00535437 -0.43146 0.0557505
internal_weight=0 32.9888 16.4028 5.74247 11.9952
internal_count=210 98 74 112 40
shrinkage=0.1


Tree=6
num_leaves=6
num_cat=0
split_feature=0 0 0 0 0
split_gain=1.02668 0.176305 0.131272 0.100608 0.0012901
threshold=0.35000000000000003 1.0000000180025095e-35 0.15000000000000005 0.75000000000000011 0.25000000000000006
decision_type=2 2 2 2 2
left_child=1 -1 -3 -2 -4
right_child=3 2 4 -5 -6
leaf_value=0.01400453989322349 -0.064230973769890634 -0.015525366882822475 0.0052399252174649032 -0.032256316356062763 0.0024415075501818852
leaf_weight=16.600310251116753 1.2716697640717018 4.3444392187520871 9.9572926685214025 4.350932308472693 1.9739788398146636
leaf_count=24 34 34 24 78 16
internal_value=0 0.0675342 -0.0064231 -0.394881 0.0477694
internal_weight=0 32.876 16.2757 5.6226 11.9313
internal_count=210 98 74 112 40
shrinkage=0.1


Tree=7
num_leaves=6
num_cat=0
split_feature=0 0 0 0 0
split_gain=0.860395 0.15104 0.10654 0.0791049 0.000934988
threshold=0.35000000000000003 1.0000000180025095e-35 0.15000000000000005 0.75000000000000011 0.25000000000000006
decision_type=2 2 2 2 2
left_child=1 -1 -3 -2 -4
right_child=3 2 4 -5 -6
leaf_value=0.012850678644214875 -0.058841814745073343 -0.014220588190076862 0.0045464434178559198 -0.030093381904890377 0.0021422921107902273
leaf_weight=16.610397800803185 1.2316020317375649 4.2962127849459657 9.9466616827994567 4.2949953442439437 1.9318160172551875
leaf_count=24 34 34 24 78 16
internal_value=0 0.0615282 -0.00725468 -0.365 0.0415545
internal_weight=0 32.7851 16.1747 5.5266 11.8785
internal_count=210 98 74 112 40
shrinkage=0.1


Tree=8
num_leaves=6
num_cat=0
split_feature=0 0 0 0 0
split_gain=0.734562 0.131885 0.0883994 0.0635254 0.000683742
threshold=0.35000000000000003 1.0000000180025095e-35 0.15000000000000005 0.75000000000000011 0.25000000000000006
decision_type=2 2 2 2 2
left_child=1 -1 -3 -2 -4
right_child=3 2 4 -5 -6
leaf_value=0.011910720411611207 -0.054324719542386594 -0.013147241592852667 0.0039873077999115067 -0.028261910985927792 0.0019155345137878779
leaf_weight=16.61770486831665 1.1991946552880097 4.2577120503410706 9.9368889406323415 4.2481619953177869 1.8970896909013397
leaf_count=24 34 34 24 78 16
internal_value=0 0.056622 -0.00790582 -0.339994 0.0365518
internal_weight=0 32.7094 16.0917 5.44736 11.834
internal_count=210 98 74 112 40
shrinkage=0.1


Tree=9
num_leaves=6
num_cat=0
split_feature=0 0 0 0 0
split_gain=0.636477 0.116861 0.0746158 0.0518836 0.000502156
threshold=0.35000000000000003 1.0000000180025095e-35 0.15000000000000005 0.75000000000000011 0.25000000000000006
decision_type=2 2 2 2 2
left_child=1 -1 -3 -2 -4
right_child=3 2 4 -5 -6
leaf_value=0.011126283845392708 -0.05047312565697492 -0.012243459069084077 0.0035257160043204866 -0.026684932301185356 0.001738506725590874
leaf_weight=16.623089283704758 1.1722836974076916 4.225949790328742 9.9279826637357456 4.2081707501783967 1.8679205067455775
leaf_count=24 34 34 24 78 16
internal_value=0 0.0525238 -0.0084195 -0.318679 0.0324271
internal_weight=0 32.6449 16.0219 5.38045 11.7959
internal_count=210 98 74 112 40
shrinkage=0.1


Tree=10
num_leaves=6
num_cat=0
split_feature=0 0 0 0 0
split_gain=0.558186 0.104762 0.0638481 0.0429639 0.000368218
threshold=0.35000000000000003 1.0000000180025095e-35 0.15000000000000005 0.75000000000000011 0.25000000000000006
decision_type=2 2 2 2 2
left_child=1 -1 -3 -2 -4
right_child=3 2 4 -5 -6
leaf_value=0.010459106827727188 -0.047142397924150668 -0.011468278891366307 0.0031371237922856081 -0.025308548274003664 0.0015979494597268456
leaf_weight=16.62709367275238 1.1494668324012298 4.1990851107984755 9.919880732893942 4.1734764883294702 1.8430597605183727
leaf_count=24 34 34 24 78 16
internal_value=0 0.0490388 -0.008828 -0.300235 0.0289596
internal_weight=0 32.5891 15.962 5.32294 11.7629
internal_count=210 98 74 112 40
shrinkage=0.1


Tree=11
num_leaves=6
num_cat=0
split_feature=0 0 0 0 0
split_gain=0.494472 0.0948157 0.055246 0.0359939 0.000269818
threshold=0.35000000000000003 1.0000000180025095e-35 0.15000000000000005 0.75000000000000011 0.25000000000000006
decision_type=2 2 2 2 2
left_child=1 -1 -3 -2 -4
right_child=3 2 4 -5 -6
leaf_value=0.0098830347719359724 -0.044229490403348976 -0.010793439125683623 0.002805333539081373 -0.024093374842029183 0.0014811841257384715
leaf_weight=16.630080059170723 1.1298071166966099 4.1759172128513429 9.9125110413879138 4.1429820372723043 1.8216493818908936
leaf_count=24 34 34 24 78 16
internal_value=0 0.0460321 -0.00915546 -0.28408 0.0259977
internal_weight=0 32.5402 15.9101 5.27279 11.7342
internal_count=210 98 74 112 40
shrinkage=0.1


Tree=12
num_leaves=6
num_cat=0
split_feature=0 0 0 0 0
split_gain=0.441775 0.0864963 0.0482519 0.0304532 0.000196027
threshold=0.35000000000000003 1.0000000180025095e-35 0.15000000000000005 0.75000000000000011 0.25000000000000006
decision_type=2 2 2 2 2
left_child=1 -1 -3 -2 -4
right_child=3 2 4 -5 -6
leaf_value=0.0093793026971260712 -0.041656843477489908 -0.010199172921580263 0.0025182081077540662 -0.023010312571219264 0.001384590277544148
leaf_weight=16.632301986217499 1.1126351258717466 4.1556249391287539 9.905794255435465 4.1158887250348926 1.8030440174043185
leaf_count=24 34 34 24 78 16
internal_value=0 0.0434064 -0.00941892 -0.269783 0.0234364
internal_weight=0 32.4968 15.8645 5.22852 11.7088
internal_count=210 98 74 112 40
shrinkage=0.1


Tree=13
num_leaves=6
num_cat=0
split_feature=0 0 0 0 0
split_gain=0.397598 0.0794369 0.0424721 0.0259856 0.000140523
threshold=0.35000000000000003 1.0000000180025095e-35 0.15000000000000005 0.75000000000000011 0.25000000000000006
decision_type=2 2 2 2 2
left_child=1 -1 -3 -2 -4
right_child=3 2 4 -5 -6
leaf_value=0.0089342005423642384 -0.039366132297640313 -0.0096698806991940105 0.0022669151740463247 -0.022037346492578515 0.0013033766862942634
leaf_weight=16.633941009640694 1.0974702273961146 4.137618490494785 9.8996647298336011 4.0916003310121596 1.7867736760526902
leaf_count=24 34 34 24 78 16
internal_value=0 0.0410904 -0.00963074 -0.257023 0.021196
internal_weight=0 32.458 15.8241 5.18907 11.6864
internal_count=210 98 74 112 40
shrinkage=0.1


Tree=14
num_leaves=6
num_cat=0
split_feature=0 0 0 0 0
split_gain=0.360118 0.0733747 0.0376428 0.0223393 9.90811e-05
threshold=0.35000000000000003 1.0000000180025095e-35 0.15000000000000005 0.75000000000000011 0.25000000000000006
decision_type=2 2 2 2 2
left_child=1 -1 -3 -2 -4
right_child=3 2 4 -5 -6
leaf_value=0.0085373569488153278 -0.037311872146660131 -0.0091954341995886969 0.0020454168050927052 -0.021156860504541717 0.0012335434403657395
leaf_weight=16.635124579071999 1.083947243168949 4.1214759945869419 9.8940577544271928 4.0696491049602628 1.7724811378866441
leaf_count=24 34 34 24 78 16
internal_value=0 0.0390293 -0.00980165 -0.245547 0.0192207
internal_weight=0 32.4231 15.788 5.1536 11.6665
internal_count=210 98 74 112 40
shrinkage=0.1


Tree=15
num_leaves=6
num_cat=0
split_feature=0 0 0 0 0
split_gain=0.327997 0.0681169 0.0335569 0.0193294 6.79819e-05
threshold=0.35000000000000003 1.0000000180025095e-35 0.15000000000000005 0.75000000000000011 0.25000000000000006
decision_type=2 2 2 2 2
left_child=1 -1 -3 -2 -4
right_child=3 2 4 -5 -6
leaf_value=0.0081809128356102028 -0.035457708925555241 -0.0087664459145016579 0.0018481486860314035 -0.02035544091703163 0.0011735871547432627
leaf_weight=16.635950267314911 1.0717877824790765 4.1068638926371905 9.8889242466539127 4.049682640703395 1.7598759513348348
leaf_count=24 34 34 24 78 16
internal_value=0 0.0371813 -0.00993994 -0.235159 0.0174624
internal_weight=0 32.3916 15.7557 5.12147 11.6488
internal_count=210 98 74 112 40
shrinkage=0.1


Tree=16
num_leaves=6
num_cat=0
split_feature=0 0 0 0 0
split_gain=0.300219 0.0635127 0.030073 0.0168229 4.4894e-05
threshold=0.35000000000000003 1.0000000180025095e-35 0.15000000000000005 0.75000000000000011 0.25000000000000006
decision_type=2 2 2 2 2
left_child=1 -1 -3 -2 -4
right_child=3 2 4 -5 -6
leaf_value=0.0078584869647756669 -0.033775271137234185 -0.0083767600843000257 0.001671611958746741 -0.019621828787558582 0.0011219371891445964
leaf_weight=16.636492058634758 1.0607743395958085 4.0935432966798517 9.88421408459544 4.0314079392701387 1.7487352173775441
leaf_count=24 34 34 24 78 16
internal_value=0 0.0355133 -0.0100506 -0.225702 0.0158898
internal_weight=0 32.363 15.7265 5.09218 11.6329
internal_count=210 98 74 112 40
shrinkage=0.1


Tree=17
num_leaves=6
num_cat=0
split_feature=0 0 0 0 0
split_gain=0.27601 0.0594489 0.0270744 0.0147186 2.79389e-05
threshold=0.35000000000000003 1.0000000180025095e-35 0.15000000000000005 0.75000000000000011 0.25000000000000006
decision_type=2 2 2 2 2
left_child=1 -1 -3 -2 -4
right_child=3 2 4 -5 -6
leaf_value=0.0075651512373404676 -0.032241622939143587 -0.0080204367711671394 0.0015124439901260641 -0.018947198086299466 0.0010777595821031369
leaf_weight=16.636806488037109 1.0507384533993889 4.0813116645440433 9.8798952493816596 4.014597290661186 1.7388769453391439
leaf_count=24 34 34 24 78 16
internal_value=0 0.0339992 -0.0101382 -0.21705 0.0144739
internal_weight=0 32.3369 15.7001 5.06534 11.6188
internal_count=210 98 74 112 40
shrinkage=0.1


Tree=18
num_leaves=6
num_cat=0
split_feature=0 0 0 0 0
split_gain=0.254758 0.0558395 0.0244736 0.0129369 1.60474e-05
threshold=0.35000000000000003 1.0000000180025095e-35 0.15000000000000005 0.75000000000000011 0.25000000000000006
decision_type=2 2 2 2 2
left_child=1 -1 -3 -2 -4
right_child=3 2 4 -5 -6
leaf_value=0.0072969368693829627 -0.030836579999668878 -0.0076930750136442686 0.0013682743290026067 -0.018324169092832219 0.0010381223266158065
leaf_weight=16.636937126517296 1.0415339863393445 4.0700126825831804 9.8759273644536716 3.9990610296372324 1.7301588142290718
leaf_count=24 34 34 24 78 16
internal_value=0 0.0326174 -0.0102078 -0.209096 0.0131906
internal_weight=0 32.313 15.6761 5.0406 11.6061
internal_count=210 98 74 112 40
shrinkage=0.1


Tree=19
num_leaves=6
num_cat=0
split_feature=0 0 0 0 0
split_gain=0.235986 0.0526158 0.0222066 0.0114194 7.9636e-06
threshold=0.35000000000000003 1.0000000180025095e-35 0.15000000000000005 0.75000000000000011 0.25000000000000006
decision_type=2 2 2 2 2
left_child=1 -1 -3 -2 -4
right_child=3 2 4 -5 -6
leaf_value=0.0070506466273415258 -0.029544806969720228 -0.0073915914031215876 0.0012369145380381993 -0.017746557159404468 0.0010038895485537241
leaf_weight=16.636916562914848 1.033052279613911 4.059519748669115 9.8722812552005035 3.9846435533836484 1.7224542722105987
leaf_count=24 34 34 24 78 16
internal_value=0 0.0313507 -0.010263 -0.201756 0.012023
internal_weight=0 32.2912 15.6543 5.0177 11.5947
internal_count=210 98 74 112 40
shrinkage=0.1


Tree=20
num_leaves=6
num_cat=0
split_feature=0 0 0 0 0
split_gain=0.219308 0.0497145 0.0202158 0.0101192 2.98841e-06
threshold=0.35000000000000003 1.0000000180025095e-35 0.15000000000000005 0.75000000000000011 0.25000000000000006
decision_type=2 2 2 2 2
left_child=1 -1 -3 -2 -4
right_child=3 2 4 -5 -6
leaf_value=0.0068233234752327664 -0.028353078408365213 -0.007112178668257866 0.0011168771158350181 -0.01720918393475401 0.00097388586528501504
leaf_weight=16.636774703860283 1.0251973818521936 4.0497334734536681 9.8689326401799899 3.9712129719555378 1.7156616561114795
leaf_count=24 34 34 24 78 16
internal_value=0 0.0301846 -0.0103037 -0.194958 0.010957
internal_weight=0 32.2711 15.6343 4.99641 11.5846
internal_count=210 98 74 112 40
shrinkage=0.1


Tree=21
num_leaves=6
num_cat=0
split_feature=0 0 0 0 0
split_gain=0.204413 0.0470946 0.0184597 0.00899875 5.15235e-07
threshold=0.35000000000000003 1.0000000180025095e-35 0.15000000000000005 0.75000000000000011 0.25000000000000006
decision_type=2 2 2 2 2
left_child=1 -1 -3 -2 -4
right_child=3 2 4 -5 -6
leaf_value=0.0066128638810759414 -0.027249803283443803 -0.0068527815857686806 0.0010066699311823094 -0.01670762215316034 0.00094720700185743395
leaf_weight=16.63653390109539 1.0178914456628252 4.0405622394755456 9.8658573441207391 3.9586602349299937 1.7096989611163742
leaf_count=24 34 34 24 78 16
internal_value=0 0.0291068 -0.0103342 -0.188639 0.00997887
internal_weight=0 32.2527 15.6161 4.97655 11.5756
internal_count=210 98 74 112 40
shrinkage=0.1


Tree=22
num_leaves=6
num_cat=0
split_feature=0 0 0 0 0
split_gain=0.191041 0.0447159 0.0169026 0.00802803 4.95748e-08
threshold=0.35000000000000003 1.0000000180025095e-35 0.15000000000000005 0.75000000000000011 0.25000000000000006
decision_type=2 2 2 2 2
left_child=1 -1 -3 -2 -4
right_child=3 2 4 -5 -6
leaf_value=0.0064172207404280318 -0.026224968388200154 -0.0066110632617779608 0.00090511760918755987 -0.016237883444719735 0.00092358679157049416
leaf_weight=16.636209100484848 1.0110651121940453 4.031940626446155 9.8630350017920119 3.9468860041815788 1.7044957401230938
leaf_count=24 34 34 24 78 16
internal_value=0 0.0281068 -0.0103555 -0.182745 0.00907839
internal_weight=0 32.2357 15.5995 4.95795 11.5675
internal_count=210 98 74 112 40
shrinkage=0.1


Tree=23
num_leaves=6
num_cat=0
split_feature=0 0 0 0 0
split_gain=0.178998 0.0425494 0.0155188 0.00718359 1.16859e-06
threshold=0.35000000000000003 1.0000000180025095e-35 0.15000000000000005 0.75000000000000011 0.25000000000000006
decision_type=2 2 2 2 2
left_child=1 -1 -3 -2 -4
right_child=3 2 4 -5 -6
leaf_value=0.0062349844953238269 -0.025271282151079225 -0.0063856568628502504 0.00081166184192374468 -0.015797431292310496 0.00090143507171124753
leaf_weight=16.635814473032951 1.0046685771085311 4.023803248535839 9.8604487255215627 3.9358228070195764 1.6999864503741271
leaf_count=24 34 34 24 78 16
internal_value=0 0.0271772 -0.0103687 -0.17724 0.00824863
internal_weight=0 32.2201 15.5842 4.94049 11.5604
internal_count=210 98 74 112 40
shrinkage=0.1


Tree=24
num_leaves=6
num_cat=0
split_feature=0 0 0 0 0
split_gain=0.168096 0.0405691 0.0142819 0.00644585 3.71744e-06
threshold=0.35000000000000003 1.0000000180025095e-35 0.15000000000000005 0.75000000000000011 0.25000000000000006
decision_type=2 2 2 2 2
left_child=1 -1 -3 -2 -4
right_child=3 2 4 -5 -6
leaf_value=0.0060646615622608159 -0.024380937525209517 -0.0061746769379454371 0.00072440104891706534 -0.015382786080348088 0.00088467707950982879
leaf_weight=16.635364353656769 0.99864801822695781 4.0160980215296123 9.8580860896036011 3.92539091873914 1.6961094113066799
leaf_count=24 34 34 24 78 16
internal_value=0 0.0263095 -0.0103764 -0.172077 0.00747929
internal_weight=0 32.2057 15.5703 4.92404 11.5542
internal_count=210 98 74 112 40
shrinkage=0.1


Tree=25
num_leaves=6
num_cat=0
split_feature=0 0 0 0 0
split_gain=0.158199 0.0387495 0.0131707 0.00579914 7.19781e-06
threshold=0.35000000000000003 1.0000000180025095e-35 0.15000000000000005 0.75000000000000011 0.25000000000000006
decision_type=2 2 2 2 2
left_child=1 -1 -3 -2 -4
right_child=3 2 4 -5 -6
leaf_value=0.0059049969275410882 -0.023548397166470624 -0.0059762327173663483 0.00064379827820265547 -0.014991953025272106 0.00086700668041892576
leaf_weight=16.634865194559097 0.99296681978739676 4.0087769995443496 9.8559283120557648 3.9155362551100552 1.6928458772599704
leaf_count=24 34 34 24 78 16
internal_value=0 0.025498 -0.0103772 -0.167229 0.00676517
internal_weight=0 32.1924 15.5576 4.9085 11.5488
internal_count=210 98 74 112 40
shrinkage=0.1


Tree=26
num_leaves=6
num_cat=0
split_feature=0 0 0 0 0
split_gain=0.149177 0.0370752 0.012171 0.00522873 1.17671e-05
threshold=0.35000000000000003 1.0000000180025095e-35 0.15000000000000005 0.75000000000000011 0.25000000000000006
decision_type=2 2 2 2 2
left_child=1 -1 -3 -2 -4
right_child=3 2 4 -5 -6
leaf_value=0.0057550318499769498 -0.022767087746697084 -0.0057897380133761674 0.00056819813355275404 -0.014622726219364682 0.00085379264876140031
leaf_weight=16.634327992796898 0.98758006654679675 4.0018066754564616 9.8539682338014227 3.9062056252732873 1.6901298491284258
leaf_count=24 34 34 24 78 16
internal_value=0 0.0247368 -0.010374 -0.162663 0.00610011
internal_weight=0 32.1802 15.5459 4.89379 11.5441
internal_count=210 98 74 112 40
shrinkage=0.1


Tree=27
num_leaves=6
num_cat=0
split_feature=0 0 0 0 0
split_gain=0.14093 0.0355284 0.0112704 0.0047256 1.6982e-05
threshold=0.35000000000000003 1.0000000180025095e-35 0.15000000000000005 0.75000000000000011 0.25000000000000006
decision_type=2 2 2 2 2
left_child=1 -1 -3 -2 -4
right_child=3 2 4 -5 -6
leaf_value=0.0056138189291246839 -0.022033522374810533 -0.0056143632742557889 0.00049793140050445139 -0.014273079022762423 0.00084121539704617066
leaf_weight=16.633758872747421 0.98246585449669399 3.9951516133733067 9.8521929327398521 3.8973503254819661 1.6879540709778673
leaf_count=24 34 34 24 78 16
internal_value=0 0.0240213 -0.0103664 -0.158355 0.00548143
internal_weight=0 32.1691 15.5353 4.87982 11.5401
internal_count=210 98 74 112 40
shrinkage=0.1


Tree=28
num_leaves=6
num_cat=0
split_feature=0 0 0 0 0
split_gain=0.133367 0.0340956 0.0104545 0.00427942 2.2611e-05
threshold=0.35000000000000003 1.0000000180025095e-35 0.15000000000000005 0.75000000000000011 0.25000000000000006
decision_type=2 2 2 2 2
left_child=1 -1 -3 -2 -4
right_child=3 2 4 -5 -6
leaf_value=0.0054805546240018557 -0.021342709070482288 -0.0054486989074125818 0.00043236254734770513 -0.013941405928654364 0.00082864778138314911
leaf_weight=16.633161053061485 0.97759158036205795 3.98878087615594 9.8505912097170931 3.8889316027052701 1.6862815683707602
leaf_count=24 34 34 24 78 16
internal_value=0 0.0233471 -0.0103553 -0.154282 0.00490285
internal_weight=0 32.1588 15.5257 4.86652 11.5369
internal_count=210 98 74 112 40
shrinkage=0.1


Tree=29
num_leaves=6
num_cat=0
split_feature=0 0 0 0 0
split_gain=0.126415 0.0327662 0.00971288 0.00388262 2.89687e-05
threshold=0.35000000000000003 1.0000000180025095e-35 0.15000000000000005 0.75000000000000011 0.25000000000000006
decision_type=2 2 2 2 2
left_child=1 -1 -3 -2 -4
right_child=3 2 4 -5 -6
leaf_value=0.0053546318202728179 -0.020691232153697815 -0.0052918837212999944 0.00037046032145876903 -0.013626472093469866 0.00081915378079854212
leaf_weight=16.632540076971054 0.97293185919988801 3.982667468953875 9.8491563107818347 3.8809162708930671 1.685072022490204
leaf_count=24 34 34 24 78 16
internal_value=0 0.0227109 -0.0103415 -0.150426 0.00436011
internal_weight=0 32.1494 15.5169 4.85385 11.5342
internal_count=210 98 74 112 40
shrinkage=0.1


Tree=30
num_leaves=6
num_cat=0
split_feature=0 0 0 0 0
split_gain=0.120003 0.0315287 0.00904096 0.00352942 3.58785e-05
threshold=0.35000000000000003 1.0000000180025095e-35 0.15000000000000005 0.75000000000000011 0.25000000000000006
decision_type=2 2 2 2 2
left_child=1 -1 -3 -2 -4
right_child=3 2 4 -5 -6
leaf_value=0.005235333585948551 -0.020076000550379801 -0.0051440680728463174 0.0003123638379524524 -0.013326516368995352 0.00081181082742725708
leaf_weight=16.631903082132339 0.96846804057713476 3.9767947066575262 9.8478840524330717 3.873264410533011 1.6843222510069615
leaf_count=24 34 34 24 78 16
internal_value=0 0.0221089 -0.0103252 -0.146766 0.0038531
internal_weight=0 32.1409 15.509 4.84173 11.5322
internal_count=210 98 74 112 40
shrinkage=0.1


Tree=31
num_leaves=6
num_cat=0
split_feature=0 0 0 0 0
split_gain=0.114081 0.0303736 0.0084256 0.00321379 4.27312e-05
threshold=0.35000000000000003 1.0000000180025095e-35 0.15000000000000005 0.75000000000000011 0.25000000000000006
decision_type=2 2 2 2 2
left_child=1 -1 -3 -2 -4
right_child=3 2 4 -5 -6
leaf_value=0.0051221509385173626 -0.019494162982919859 -0.0050032529780623183 0.00025794165127462389 -0.013040873134540821 0.00080304867797723804
leaf_weight=16.631246700882912 0.96417978778481372 3.9711298383772347 9.8467625640332681 3.8659574901685119 1.6840188484638936
leaf_count=24 34 34 24 78 16
internal_value=0 0.0215389 -0.010306 -0.143291 0.00337552
internal_weight=0 32.1332 15.5019 4.83014 11.5308
internal_count=210 98 74 112 40
shrinkage=0.1


Tree=32
num_leaves=6
num_cat=0
split_feature=0 0 0 0 0
split_gain=0.108595 0.0292949 0.00786567 0.00293082 5.02617e-05
threshold=0.35000000000000003 1.0000000180025095e-35 0.15000000000000005 0.75000000000000011 0.25000000000000006
decision_type=2 2 2 2 2
left_child=1 -1 -3 -2 -4
right_child=3 2 4 -5 -6
leaf_value=0.0050146478906671959 -0.018942652480656838 -0.0048702199657327944 0.0002064124897108233 -0.012768299982337923 0.00079759142806355612
leaf_weight=16.630579933524132 0.96004794130567361 3.9656641604378793 9.8457905277609807 3.8589661922305822 1.6841286178678281
leaf_count=24 34 34 24 78 16
internal_value=0 0.020998 -0.0102856 -0.139984 0.00292764
internal_weight=0 32.1262 15.4956 4.81901 11.5299
internal_count=210 98 74 112 40
shrinkage=0.1


Tree=33
num_leaves=6
num_cat=0
split_feature=0 0 0 0 0
split_gain=0.103503 0.0282837 0.00735048 0.00311081 5.76071e-05
threshold=0.35000000000000003 1.0000000180025095e-35 0.15000000000000005 0.45000000000000007 0.25000000000000006
decision_type=2 2 2 2 2
left_child=1 -1 -3 -2 -4
right_child=3 2 4 -5 -6
leaf_value=0.0049122902064482393 -0.008367417766522443 -0.004743143146179938 0.00015792251420794154 -0.014900238669537184 0.0007907462967724683
leaf_weight=16.629899829626083 0.89579288649838307 3.9603745802305612 9.8449594955891353 3.9125309590017423 1.6846569487825043
leaf_count=24 30 34 24 82 16
internal_value=0 0.0204836 -0.0102632 -0.136832 0.00250388
internal_weight=0 32.1199 15.49 4.80832 11.5296
internal_count=210 98 74 112 40
shrinkage=0.1


Tree=34
num_leaves=6
num_cat=0
split_feature=0 0 0 0 0
split_gain=0.101775 0.0271007 0.00697406 0.00481591 3.10057e-05
threshold=0.35000000000000003 1.0000000180025095e-35 0.15000000000000005 0.75000000000000011 0.25000000000000006
decision_type=2 2 2 2 2
left_child=1 -1 -3 -2 -4
right_child=3 2 4 -5 -6
leaf_value=0.0048151856795276542 -0.020505969863275395 -0.0046178266900067646 0.00017732688232954282 -0.012223621425000865 0.0006409259907315055
leaf_weight=16.629330515861511 0.8587273651501155 3.9556626649573419 9.9059824422001821 3.8480027916375548 1.6885421425104148
leaf_count=24 34 34 24 78 16
internal_value=0 0.020089 -0.00992125 -0.137347 0.00244842
internal_weight=0 32.1795 15.5502 4.70673 11.5945
internal_count=210 98 74 112 40
shrinkage=0.1


Tree=35
num_leaves=6
num_cat=0
split_feature=0 0 0 0 0
split_gain=0.0970406 0.0262323 0.00653849 0.00438263 3.72748e-05
threshold=0.35000000000000003 1.0000000180025095e-35 0.15000000000000005 0.75000000000000011 0.25000000000000006
decision_type=2 2 2 2 2
left_child=1 -1 -3 -2 -4
right_child=3 2 4 -5 -6
leaf_value=0.0047208772643135416 -0.019905514177584606 -0.0045065446105840706 0.00012998183701463576 -0.011987276850540182 0.0006382802497834671
leaf_weight=16.628622144460678 0.85446335643064131 3.9508105879649493 9.9051592666655761 3.8418961558490992 1.6886613266542561
leaf_count=24 34 34 24 78 16
internal_value=0 0.0196009 -0.00993216 -0.134279 0.00204016
internal_weight=0 32.1733 15.5446 4.69636 11.5938
internal_count=210 98 74 112 40
shrinkage=0.1


Tree=36
num_leaves=6
num_cat=0
split_feature=0 0 0 0 0
split_gain=0.0926352 0.025414 0.00613807 0.00399549 4.41981e-05
threshold=0.35000000000000003 1.0000000180025095e-35 0.15000000000000005 0.75000000000000011 0.25000000000000006
decision_type=2 2 2 2 2
left_child=1 -1 -3 -2 -4
right_child=3 2 4 -5 -6
leaf_value=0.0046308681460792847 -0.019336762084224603 -0.0044005025153249153 8.494920220086593e-05 -0.011760413633923661 0.00063837573442241909
leaf_weight=16.627912268042564 0.8503683638991778 3.9460989427752766 9.904463133774696 3.8360181397292763 1.6891632862389094
leaf_count=24 34 34 24 78 16
internal_value=0 0.0191362 -0.00993912 -0.131352 0.00165582
internal_weight=0 32.1676 15.5397 4.68639 11.5936
internal_count=210 98 74 112 40
shrinkage=0.1


Tree=37
num_leaves=6
num_cat=0
split_feature=0 0 0 0 0
split_gain=0.0885316 0.0246391 0.00576721 0.00364814 5.09441e-05
threshold=0.35000000000000003 1.0000000180025095e-35 0.15000000000000005 0.75000000000000011 0.25000000000000006
decision_type=2 2 2 2 2
left_child=1 -1 -3 -2 -4
right_child=3 2 4 -5 -6
leaf_value=0.0045447487413340249 -0.018797061432558979 -0.0042985555399644463 4.2751754768903116e-05 -0.011542760072978648 0.00063678252622395451
leaf_weight=16.62719814479351 0.84642373700626095 3.9415114768780741 9.903887124732135 3.83036092761904 1.6900563770905144
leaf_count=24 34 34 24 78 16
internal_value=0 0.0186935 -0.00994062 -0.128557 0.00129344
internal_weight=0 32.1627 15.5355 4.67678 11.5939
internal_count=210 98 74 112 40
shrinkage=0.1


Tree=38
num_leaves=6
num_cat=0
split_feature=0 0 0 0 0
split_gain=0.0847001 0.0239075 0.00542589 0.00333627 5.82667e-05
threshold=0.35000000000000003 1.0000000180025095e-35 0.15000000000000005 0.75000000000000011 0.25000000000000006
decision_type=2 2 2 2 2
left_child=1 -1 -3 -2 -4
right_child=3 2 4 -5 -6
leaf_value=0.0044624085412651917 -0.018284518459693738 -0.0042014668938292988 2.5489594171143377e-06 -0.011333504776376145 0.00063763968205203525
leaf_weight=16.626484498381615 0.84261664224322785 3.9370420221239302 9.903429043479262 3.8249069922603667 1.6913155894726521
leaf_count=24 34 34 24 78 16
internal_value=0 0.018271 -0.0099394 -0.125884 0.000951891
internal_weight=0 32.1583 15.5318 4.66752 11.5947
internal_count=210 98 74 112 40
shrinkage=0.1


Tree=39
num_leaves=6
num_cat=0
split_feature=0 0 0 0 0
split_gain=0.0811145 0.0232146 0.00510906 0.00305493 6.52114e-05
threshold=0.35000000000000003 1.0000000180025095e-35 0.15000000000000005 0.75000000000000011 0.25000000000000006
decision_type=2 2 2 2 2
left_child=1 -1 -3 -2 -4
right_child=3 2 4 -5 -6
leaf_value=0.0043834967843458484 -0.017796411701593705 -0.0041082106023347647 -3.5269413224149286e-05 -0.011132140764254329 0.00063632825731566153
leaf_weight=16.625768467783928 0.8389293656218787 3.93267711671069 9.9030859265476447 3.8196430653333664 1.6929501174017794
leaf_count=24 34 34 24 78 16
internal_value=0 0.0178671 -0.00993532 -0.123323 0.000627797
internal_weight=0 32.1545 15.5287 4.65857 11.596
internal_count=210 98 74 112 40
shrinkage=0.1


Tree=40
num_leaves=6
num_cat=0
split_feature=0 0 0 0 0
split_gain=0.0777563 0.0225567 0.00481558 0.00280134 7.26786e-05
threshold=0.35000000000000003 1.0000000180025095e-35 0.15000000000000005 0.75000000000000011 0.25000000000000006
decision_type=2 2 2 2 2
left_child=1 -1 -3 -2 -4
right_child=3 2 4 -5 -6
leaf_value=0.0043077845839555144 -0.017331888804342419 -0.0040188014352436231 -7.1381680200467986e-05 -0.01093824598946524 0.00063727236743200554
leaf_weight=16.625049784779549 0.83535347215365519 3.9284138819202754 9.9028540188446623 3.8145580377895385 1.6949338559061295
leaf_count=24 34 34 24 78 16
internal_value=0 0.0174808 -0.0099279 -0.120869 0.00032183
internal_weight=0 32.1513 15.5262 4.64991 11.5978
internal_count=210 98 74 112 40
shrinkage=0.1


Tree=41
num_leaves=6
num_cat=0
split_feature=0 0 0 0 0
split_gain=0.074607 0.021932 0.00454309 0.00257238 8.01763e-05
threshold=0.35000000000000003 1.0000000180025095e-35 0.15000000000000005 0.75000000000000011 0.25000000000000006
decision_type=2 2 2 2 2
left_child=1 -1 -3 -2 -4
right_child=3 2 4 -5 -6
leaf_value=0.0042351044877745282 -0.016889442323578734 -0.0039329576099282285 -0.00010562831454202257 -0.010751458554652524 0.00063824355874116329
leaf_weight=16.624334216117859 0.83187905338127055 3.9242384661920342 9.9027342293411476 3.8096437565982342 1.697278066538275
leaf_count=24 34 34 24 78 16
internal_value=0 0.0171109 -0.00991777 -0.118515 3.21273e-05
internal_weight=0 32.1486 15.5243 4.64152 11.6
internal_count=210 98 74 112 40
shrinkage=0.1


Tree=42
num_leaves=6
num_cat=0
split_feature=0 0 0 0 0
split_gain=0.0716429 0.021339 0.00429115 0.00236492 8.81585e-05
threshold=0.35000000000000003 1.0000000180025095e-35 0.15000000000000005 0.75000000000000011 0.25000000000000006
decision_type=2 2 2 2 2
left_child=1 -1 -3 -2 -4
right_child=3 2 4 -5 -6
leaf_value=0.0041652513308092195 -0.016466752013019018 -0.0038510708909483826 -0.00013842523506311092 -0.010570955782145173 0.00064106930638961666
leaf_weight=16.623617693781853 0.8284897574922061 3.9201497626490864 9.902730022557078 3.8048805797006935 1.6999741774052388
leaf_count=24 34 34 24 78 16
internal_value=0 0.0167557 -0.00990653 -0.116252 -0.000242173
internal_weight=0 32.1465 15.5229 4.63337 11.6027
internal_count=210 98 74 112 40
shrinkage=0.1


Tree=43
num_leaves=6
num_cat=0
split_feature=0 0 0 0 0
split_gain=0.0688557 0.0207748 0.00405674 0.0021766 9.55706e-05
threshold=0.35000000000000003 1.0000000180025095e-35 0.15000000000000005 0.75000000000000011 0.25000000000000006
decision_type=2 2 2 2 2
left_child=1 -1 -3 -2 -4
right_child=3 2 4 -5 -6
leaf_value=0.0040980932639509441 -0.016063027591014765 -0.0037723920134738382 -0.00016923427905954185 -0.010396920597278765 0.0006417437575997496
leaf_weight=16.622900500893593 0.8251789581263429 3.9161352184601101 9.9028321029618365 3.800271533196792 1.7030390482395894
leaf_count=24 34 34 24 78 16
internal_value=0 0.016415 -0.00989317 -0.114078 -0.000502318
internal_weight=0 32.1449 15.522 4.62545 11.6059
internal_count=210 98 74 112 40
shrinkage=0.1


Tree=44
num_leaves=6
num_cat=0
split_feature=0 0 0 0 0
split_gain=0.0662274 0.020238 0.00383938 0.00200578 0.000103395
threshold=0.35000000000000003 1.0000000180025095e-35 0.15000000000000005 0.75000000000000011 0.25000000000000006
decision_type=2 2 2 2 2
left_child=1 -1 -3 -2 -4
right_child=3 2 4 -5 -6
leaf_value=0.004033457639648302 -0.015677166061164125 -0.0036971815728085384 -0.00019877387376586098 -0.010228571108725186 0.00064402618030664431
leaf_weight=16.622182056307793 0.8219401843380173 3.9121910422109041 9.9030457120388728 3.7957992085721344 1.7064511170610792
leaf_count=24 34 34 24 78 16
internal_value=0 0.0160875 -0.00987879 -0.111984 -0.000748928
internal_weight=0 32.1439 15.5217 4.61774 11.6095
internal_count=210 98 74 112 40
shrinkage=0.1


Tree=45
num_leaves=6
num_cat=0
split_feature=0 0 0 0 0
split_gain=0.0637482 0.0197257 0.00363564 0.00185034 0.000111636
threshold=0.35000000000000003 1.0000000180025095e-35 0.15000000000000005 0.75000000000000011 0.25000000000000006
decision_type=2 2 2 2 2
left_child=1 -1 -3 -2 -4
right_child=3 2 4 -5 -6
leaf_value=0.0039711587327052487 -0.015307978741022913 -0.0036244471721361849 -0.00022726284905920897 -0.010065883501292016 0.00064765533453898421
leaf_weight=16.62146532535553 0.81876099552027781 3.9083037036471042 9.903370149433611 3.7914615917252377 1.7102161291986711
leaf_count=24 34 34 24 78 16
internal_value=0 0.0157725 -0.00986251 -0.109969 -0.000984224
internal_weight=0 32.1434 15.5219 4.61022 11.6136
internal_count=210 98 74 112 40
shrinkage=0.1


Tree=46
num_leaves=6
num_cat=0
split_feature=0 0 0 0 0
split_gain=0.0614052 0.019236 0.00344674 0.0017086 0.000119228
threshold=0.35000000000000003 1.0000000180025095e-35 0.15000000000000005 0.75000000000000011 0.25000000000000006
decision_type=2 2 2 2 2
left_child=1 -1 -3 -2 -4
right_child=3 2 4 -5 -6
leaf_value=0.0039110322323033415 -0.014954196186662983 -0.0035549017614115996 -0.000253890867546474 -0.0099084496141108348 0.00064935415119064289
leaf_weight=16.620746806263924 0.81563554191961773 3.9044759511016283 9.9038025652989727 3.7872488421853632 1.714356477372349
leaf_count=24 34 34 24 78 16
internal_value=0 0.0154691 -0.00984452 -0.108026 -0.0012061
internal_weight=0 32.1434 15.5226 4.60288 11.6182
internal_count=210 98 74 112 40
shrinkage=0.1


Tree=47
num_leaves=6
num_cat=0
split_feature=0 0 0 0 0
split_gain=0.0591881 0.0187698 0.00327125 0.0015796 0.00012719
threshold=0.35000000000000003 1.0000000180025095e-35 0.15000000000000005 0.75000000000000011 0.25000000000000006
decision_type=2 2 2 2 2
left_child=1 -1 -3 -2 -4
right_child=3 2 4 -5 -6
leaf_value=0.0038530884621468145 -0.01461541163175057 -0.0034884647230662815 -0.00027952144512147215 -0.0097558680243680692 0.00065235075144226757
leaf_weight=16.620028927922249 0.81255904288263892 3.9007001705467674 9.9043431188911182 3.7831512301927432 1.7188517320901162
leaf_count=24 34 34 24 78 16
internal_value=0 0.0151767 -0.00982655 -0.106151 -0.00141715
internal_weight=0 32.1439 15.5239 4.59571 11.6232
internal_count=210 98 74 112 40
shrinkage=0.1


Tree=48
num_leaves=6
num_cat=0
split_feature=0 0 0 0 0
split_gain=0.0570876 0.0183241 0.00310728 0.00146154 0.00013569
threshold=0.35000000000000003 1.0000000180025095e-35 0.15000000000000005 0.75000000000000011 0.25000000000000006
decision_type=2 2 2 2 2
left_child=1 -1 -3 -2 -4
right_child=3 2 4 -5 -6
leaf_value=0.003797117914988202 -0.014290081764864009 -0.0034245802736691507 -0.0003043110264194043 -0.009608013199421641 0.00065703613602223401
leaf_weight=16.619311541318893 0.80951920978259184 3.8969659190624926 9.9049988510087115 3.7791662432719022 1.7237128270789988
leaf_count=24 34 34 24 78 16
internal_value=0 0.0148945 -0.00980771 -0.10434 -0.00161811
internal_weight=0 32.145 15.5257 4.58869 11.6287
internal_count=210 98 74 112 40
shrinkage=0.1


Tree=49
num_leaves=6
num_cat=0
split_feature=0 0 0 0 0
split_gain=0.0550949 0.0178971 0.00295312 0.00135365 0.000143819
threshold=0.35000000000000003 1.0000000180025095e-35 0.15000000000000005 0.75000000000000011 0.25000000000000006
decision_type=2 2 2 2 2
left_child=1 -1 -3 -2 -4
right_child=3 2 4 -5 -6
leaf_value=0.0037429805210893482 -0.013977810897067088 -0.0033627674647227213 -0.00032792404485711271 -0.0094645347630702755 0.00066051489575883198
leaf_weight=16.618588790297508 0.80651038070209213 3.8932673698291156 9.9057669267058355 3.7752831391990185 1.7289612973108894
leaf_count=24 34 34 24 78 16
internal_value=0 0.0146219 -0.0097878 -0.10259 -0.00181039
internal_weight=0 32.1466 15.528 4.58179 11.6347
internal_count=210 98 74 112 40
shrinkage=0.1


Tree=50
num_leaves=6
num_cat=0
split_feature=0 0 0 0 0
split_gain=0.0532062 0.0174885 0.00281016 0.00125504 0.000151866
threshold=0.35000000000000003 1.0000000180025095e-35 0.15000000000000005 0.75000000000000011 0.25000000000000006
decision_type=2 2 2 2 2
left_child=1 -1 -3 -2 -4
right_child=3 2 4 -5 -6
leaf_value=0.0036906764826944629 -0.013678299825453663 -0.0033037943877558193 -0.00035029280156074187 -0.0093255202941195849 0.00066400905771837426
leaf_weight=16.617868781089783 0.8035314537701187 3.8896043789572987 9.9066444141790253 3.7715057397726923 1.7345964722335345
leaf_count=24 34 34 24 78 16
internal_value=0 0.014359 -0.00976695 -0.1009 -0.00199157
internal_weight=0 32.1487 15.5308 4.57504 11.6412
internal_count=210 98 74 112 40
shrinkage=0.1


Tree=51
num_leaves=6
num_cat=0
split_feature=0 0 0 0 0
split_gain=0.0514075 0.0170985 0.00267711 0.00116443 0.000160401
threshold=0.35000000000000003 1.0000000180025095e-35 0.15000000000000005 0.75000000000000011 0.25000000000000006
decision_type=2 2 2 2 2
left_child=1 -1 -3 -2 -4
right_child=3 2 4 -5 -6
leaf_value=0.0036401089503868252 -0.013389720236420306 -0.0032475679293814015 -0.00037202299503512185 -0.0091902484438029942 0.0006688485910287498
leaf_weight=16.617146998643875 0.80056885915109788 3.8859711694531116 9.9076399337500316 3.7678160015493631 1.7406205646693713
leaf_count=24 34 34 24 78 16
internal_value=0 0.0141041 -0.00974726 -0.0992617 -0.00216484
internal_weight=0 32.1514 15.5342 4.56838 11.6483
internal_count=210 98 74 112 40
shrinkage=0.1


Tree=52
num_leaves=6
num_cat=0
split_feature=0 0 0 0 0
split_gain=0.0496973 0.0167231 0.00255236 0.0010824 0.000168534
threshold=0.35000000000000003 1.0000000180025095e-35 0.15000000000000005 0.45000000000000007 0.25000000000000006
decision_type=2 2 2 2 2
left_child=1 -1 -3 -2 -4
right_child=3 2 4 -5 -6
leaf_value=0.0035910537053847219 -0.0063282413940735334 -0.0031933104354608202 -0.00039257125717727479 -0.010457477873021499 0.00067268123472521524
leaf_weight=16.616419553756714 0.76215211692033236 3.8823590874671909 9.908753206022082 3.7996851278003305 1.7470570411533124
leaf_count=24 30 34 24 82 16
internal_value=0 0.0138575 -0.00972589 -0.097676 -0.00232904
internal_weight=0 32.1546 15.5382 4.56184 11.6558
internal_count=210 98 74 112 40
shrinkage=0.1


Tree=53
num_leaves=6
num_cat=0
split_feature=0 0 0 0 0
split_gain=0.0482519 0.0163406 0.00243571 0.0011362 0.000171958
threshold=0.35000000000000003 1.0000000180025095e-35 0.15000000000000005 0.75000000000000011 0.25000000000000006
decision_type=2 2 2 2 2
left_child=1 -1 -3 -2 -4
right_child=3 2 4 -5 -6
leaf_value=0.0035438282295358367 -0.013089490694237949 -0.0031375356843926154 -0.00040648552500501754 -0.0089154969140171469 0.00066764082000813013
leaf_weight=16.615736186504364 0.788980401470325 3.8789653354324374 9.9142534611746651 3.7604952552355826 1.7541315834969289
leaf_count=24 34 34 24 78 16
internal_value=0 0.0136349 -0.00966677 -0.0963936 -0.0024501
internal_weight=0 32.1631 15.5474 4.54948 11.6684
internal_count=210 98 74 112 40
shrinkage=0.1


Tree=54
num_leaves=6
num_cat=0
split_feature=0 0 0 0 0
split_gain=0.0466874 0.0159972 0.00232737 0.00105659 0.00017989
threshold=0.35000000000000003 1.0000000180025095e-35 0.15000000000000005 0.75000000000000011 0.25000000000000006
decision_type=2 2 2 2 2
left_child=1 -1 -3 -2 -4
right_child=3 2 4 -5 -6
leaf_value=0.0034977645631280442 -0.01282354343141409 -0.0030882152629170298 -0.00042545317594390393 -0.0087918227324688195 0.00067125741634731966
leaf_weight=16.61500395834446 0.7860111293848594 3.8753968817181859 9.9155727382749301 3.7570750321028754 1.761288081295789
leaf_count=24 34 34 24 78 16
internal_value=0 0.0134021 -0.00964773 -0.0948936 -0.0026003
internal_weight=0 32.1673 15.5523 4.54309 11.6769
internal_count=210 98 74 112 40
shrinkage=0.1


Tree=55
num_leaves=6
num_cat=0
split_feature=0 0 0 0 0
split_gain=0.0451948 0.0156669 0.00222547 0.000983626 0.000188332
threshold=0.35000000000000003 1.0000000180025095e-35 0.15000000000000005 0.75000000000000011 0.25000000000000006
decision_type=2 2 2 2 2
left_child=1 -1 -3 -2 -4
right_child=3 2 4 -5 -6
leaf_value=0.0034530624072854677 -0.01256770606772113 -0.0030406472160616044 -0.00044392594801574443 -0.0086713045876906456 0.00067616830229744141
leaf_weight=16.614269837737083 0.78304545674472947 3.871837051585314 9.9170156037434918 3.7537269418826327 1.7688690144568688
leaf_count=24 34 34 24 78 16
internal_value=0 0.0131763 -0.00962818 -0.0934382 -0.0027438
internal_weight=0 32.172 15.5577 4.53677 11.6859
internal_count=210 98 74 112 40
shrinkage=0.1


Tree=56
num_leaves=6
num_cat=0
split_feature=0 0 0 0 0
split_gain=0.0437701 0.0153498 0.00213072 0.000916345 0.000197133
threshold=0.35000000000000003 1.0000000180025095e-35 0.15000000000000005 0.75000000000000011 0.25000000000000006
decision_type=2 2 2 2 2
left_child=1 -1 -3 -2 -4
right_child=3 2 4 -5 -6
leaf_value=0.0034097030795973587 -0.012320974883836395 -0.0029953567752024593 -0.00046172757761132291 -0.0085539877121335473 0.00068202387310057168
leaf_weight=16.613530606031418 0.78007370460545533 3.8682795641943786 9.918588341213761 3.7504514923784882 1.776903321035207
leaf_count=24 34 34 24 78 16
internal_value=0 0.0129571 -0.00960864 -0.0920259 -0.00287957
internal_weight=0 32.1773 15.5638 4.53053 11.6955
internal_count=210 98 74 112 40
shrinkage=0.1


Tree=57
num_leaves=6
num_cat=0
split_feature=0 0 0 0 0
split_gain=0.0424082 0.0150443 0.00204171 0.000854657 0.000205632
threshold=0.35000000000000003 1.0000000180025095e-35 0.15000000000000005 0.75000000000000011 0.25000000000000006
decision_type=2 2 2 2 2
left_child=1 -1 -3 -2 -4
right_child=3 2 4 -5 -6
leaf_value=0.0033675613666479692 -0.01208347791015664 -0.0029517679560301579 -0.00047869959745130985 -0.0084394576804460945 0.00068706735136002265
leaf_weight=16.612785384058952 0.77709417860023566 3.8647178541868898 9.9202931774780136 3.7472387766465545 1.7854181490838534
leaf_count=24 34 34 24 78 16
internal_value=0 0.0127441 -0.00958862 -0.0906535 -0.00300891
internal_weight=0 32.1832 15.5704 4.52433 11.7057
internal_count=210 98 74 112 40
shrinkage=0.1


Tree=58
num_leaves=6
num_cat=0
split_feature=0 0 0 0 0
split_gain=0.0411059 0.014751 0.00195863 0.00079778 0.000213648
threshold=0.35000000000000003 1.0000000180025095e-35 0.15000000000000005 0.75000000000000011 0.25000000000000006
decision_type=2 2 2 2 2
left_child=1 -1 -3 -2 -4
right_child=3 2 4 -5 -6
leaf_value=0.0033266749000879572 -0.011854359381027359 -0.0029101911570013619 -0.00049480329046908036 -0.0083277901489163912 0.0006909244239032493
leaf_weight=16.612035199999809 0.77409931184956704 3.8611522992141518 9.9221299113705737 3.7440892596496269 1.7944207377731807
leaf_count=24 34 34 24 78 16
internal_value=0 0.0125371 -0.00956905 -0.08932 -0.00313206
internal_weight=0 32.1897 15.5777 4.51819 11.7166
internal_count=210 98 74 112 40
shrinkage=0.1


Tree=59
num_leaves=6
num_cat=0
split_feature=0 0 0 0 0
split_gain=0.03986 0.0144681 0.00188104 0.000803974 0.000222355
threshold=0.35000000000000003 1.0000000180025095e-35 0.15000000000000005 0.45000000000000007 0.25000000000000006
decision_type=2 2 2 2 2
left_child=1 -1 -3 -2 -4
right_child=3 2 4 -5 -6
leaf_value=0.003286899363958453 -0.005791139577833236 -0.0028704299152840294 -0.00051046627930538969 -0.0093941108399001119 0.00069646162334554207
leaf_weight=16.61127994954586 0.7410281915217628 3.85757452715188 9.9241041904315335 3.7710586562752724 1.8039177171885974
leaf_count=24 30 34 24 82 16
internal_value=0 0.0123357 -0.00954885 -0.0880239 -0.00324826
internal_weight=0 32.1969 15.5856 4.51209 11.728
internal_count=210 98 74 112 40
shrinkage=0.1


Tree=60
num_leaves=6
num_cat=0
split_feature=0 0 0 0 0
split_gain=0.0387742 0.0141808 0.00180799 0.000769838 0.000227495
threshold=0.35000000000000003 1.0000000180025095e-35 0.15000000000000005 0.75000000000000011 0.25000000000000006
decision_type=2 2 2 2 2
left_child=1 -1 -3 -2 -4
right_child=3 2 4 -5 -6
leaf_value=0.0032484462483642357 -0.011582698322809254 -0.0028295858489876093 -0.00052159448215643176 -0.0081006038476817005 0.00069626154463729218
leaf_weight=16.610547855496407 0.76483896758872916 3.8541410318575773 9.9287410052493197 3.7377781786490232 1.8140910565853126
leaf_count=24 34 34 24 78 16
internal_value=0 0.0121516 -0.00950269 -0.0869209 -0.00333454
internal_weight=0 32.2075 15.597 4.50262 11.7428
internal_count=210 98 74 112 40
shrinkage=0.1


Tree=61
num_leaves=6
num_cat=0
split_feature=0 0 0 0 0
split_gain=0.0376229 0.0139186 0.00173991 0.000720449 0.000235809
threshold=0.35000000000000003 1.0000000180025095e-35 0.15000000000000005 0.75000000000000011 0.25000000000000006
decision_type=2 2 2 2 2
left_child=1 -1 -3 -2 -4
right_child=3 2 4 -5 -6
leaf_value=0.003210765491654154 -0.011371471542918623 -0.0027932921822790939 -0.00053604489453306454 -0.0079970309824840685 0.00070082498847982724
leaf_weight=16.609775498509407 0.76174871326656912 3.8505315994843814 9.9309847382828575 3.7348057731287554 1.824584839865566
leaf_count=24 34 34 24 78 16
internal_value=0 0.0119598 -0.00948373 -0.0856869 -0.0034407
internal_weight=0 32.2159 15.6061 4.49655 11.7556
internal_count=210 98 74 112 40
shrinkage=0.1


Tree=62
num_leaves=6
num_cat=0
split_feature=0 0 0 0 0
split_gain=0.0365177 0.0136666 0.00167711 0.000674979 0.000244708
threshold=0.35000000000000003 1.0000000180025095e-35 0.15000000000000005 0.75000000000000011 0.25000000000000006
decision_type=2 2 2 2 2
left_child=1 -1 -3 -2 -4
right_child=3 2 4 -5 -6
leaf_value=0.0031741298508262254 -0.011167670005661254 -0.0027592012828013272 -0.00055009046607251504 -0.007895655529544977 0.00070666656464097341
leaf_weight=16.608996197581291 0.75862588157178734 3.8468989878892872 9.9333864189684373 3.73187960695941 1.8356431219726808
leaf_count=24 34 34 24 78 16
internal_value=0 0.0117728 -0.00946562 -0.0844843 -0.00354071
internal_weight=0 32.2249 15.6159 4.49051 11.769
internal_count=210 98 74 112 40
shrinkage=0.1


Tree=63
num_leaves=6
num_cat=0
split_feature=0 0 0 0 0
split_gain=0.0354569 0.0134237 0.00161879 0.000632942 0.000254103
threshold=0.35000000000000003 1.0000000180025095e-35 0.15000000000000005 0.75000000000000011 0.25000000000000006
decision_type=2 2 2 2 2
left_child=1 -1 -3 -2 -4
right_child=3 2 4 -5 -6
leaf_value=0.003138486260840458 -0.010970733358274594 -0.0027269358904446713 -0.00056372840111651988 -0.0077965276393649769 0.00071348405533307082
leaf_weight=16.608207136392593 0.75545978866284613 3.8432317050173852 9.9359535835683328 3.728999909828417 1.8473067516461021
leaf_count=24 34 34 24 78 16
internal_value=0 0.0115904 -0.00944767 -0.0833126 -0.00363495
internal_weight=0 32.2347 15.6265 4.48446 11.7833
internal_count=210 98 74 112 40
shrinkage=0.1


Tree=64
num_leaves=6
num_cat=0
split_feature=0 0 0 0 0
split_gain=0.0344371 0.0131888 0.00156401 0.000631345 0.000263072
threshold=0.35000000000000003 1.0000000180025095e-35 0.15000000000000005 0.45000000000000007 0.25000000000000006
decision_type=2 2 2 2 2
left_child=1 -1 -3 -2 -4
right_child=3 2 4 -5 -6
leaf_value=0.0031037078324657797 -0.0055163444858143222 -0.0026960296026234346 -0.00057669744922188499 -0.0087389796888110143 0.00071919924362734053
leaf_weight=16.607405103743076 0.72542281949426879 3.8395231943577501 9.9386904016137105 3.7529815809102729 1.859620436094702
leaf_count=24 30 34 24 82 16
internal_value=0 0.0114122 -0.00942947 -0.0821697 -0.00372441
internal_weight=0 32.2452 15.6378 4.4784 11.7983
internal_count=210 98 74 112 40
shrinkage=0.1


Tree=65
num_leaves=6
num_cat=0
split_feature=0 0 0 0 0
split_gain=0.0335337 0.0129504 0.00151229 0.000608402 0.000269382
threshold=0.35000000000000003 1.0000000180025095e-35 0.15000000000000005 0.75000000000000011 0.25000000000000006
decision_type=2 2 2 2 2
left_child=1 -1 -3 -2 -4
right_child=3 2 4 -5 -6
leaf_value=0.0030699951088973194 -0.010721673918008427 -0.0026642242391967177 -0.00058619585733473225 -0.0075945208954336018 0.00072123668203688399
leaf_weight=16.606616206467152 0.74696391122415551 3.8359057721681866 9.9432776682078821 3.7231861146865413 1.8727056020870811
leaf_count=24 34 34 24 78 16
internal_value=0 0.011248 -0.0093904 -0.0811707 -0.00378982
internal_weight=0 32.2585 15.6519 4.47015 11.816
internal_count=210 98 74 112 40
shrinkage=0.1


Tree=66
num_leaves=6
num_cat=0
split_feature=0 0 0 0 0
split_gain=0.0325853 0.0127325 0.00146527 0.000572254 0.000279224
threshold=0.35000000000000003 1.0000000180025095e-35 0.15000000000000005 0.75000000000000011 0.25000000000000006
decision_type=2 2 2 2 2
left_child=1 -1 -3 -2 -4
right_child=3 2 4 -5 -6
leaf_value=0.0030369685042245303 -0.010540277743379735 -0.0026368930526060835 -0.00059855312047572156 -0.0075015865216574197 0.00072846977610441298
leaf_weight=16.605788893997669 0.74362119828583573 3.8321069781668458 9.9463635860010964 3.7204275183612481 1.8863207064569003
leaf_count=24 34 34 24 78 16
internal_value=0 0.0110773 -0.00937399 -0.0800777 -0.00387004
internal_weight=0 32.2706 15.6648 4.46405 11.8327
internal_count=210 98 74 112 40
shrinkage=0.1


Tree=67
num_leaves=6
num_cat=0
split_feature=0 0 0 0 0
split_gain=0.0316725 0.012522 0.00142235 0.00053902 0.000288475
threshold=0.35000000000000003 1.0000000180025095e-35 0.15000000000000005 0.75000000000000011 0.25000000000000006
decision_type=2 2 2 2 2
left_child=1 -1 -3 -2 -4
right_child=3 2 4 -5 -6
leaf_value=0.0030047690228661877 -0.010365405489737552 -0.0026115416626399804 -0.00061005594471964678 -0.0074104397375736987 0.00073443920647302046
leaf_weight=16.6049445271492 0.74021338514285051 3.8282515462487909 9.9496520087122899 3.7177015129709616 1.9007010199129588
leaf_count=24 34 34 24 78 16
internal_value=0 0.0109104 -0.00935768 -0.079011 -0.0039441
internal_weight=0 32.2835 15.6786 4.45791 11.8504
internal_count=210 98 74 112 40
shrinkage=0.1


Tree=68
num_leaves=6
num_cat=0
split_feature=0 0 0 0 0
split_gain=0.0307916 0.0123185 0.00138238 0.000516858 0.000298413
threshold=0.35000000000000003 1.0000000180025095e-35 0.15000000000000005 0.45000000000000007 0.25000000000000006
decision_type=2 2 2 2 2
left_child=1 -1 -3 -2 -4
right_child=3 2 4 -5 -6
leaf_value=0.0029733158857944419 -0.0053275396296814034 -0.0025876015901014921 -0.00062140709738272735 -0.0082669306005740389 0.00074145929561759874
leaf_weight=16.604085564613342 0.71213252516463299 3.8243270507082316 9.9531487794592959 3.7396002792520449 1.9158678604289896
leaf_count=24 30 34 24 82 16
internal_value=0 0.0107467 -0.0093417 -0.0779672 -0.00401417
internal_weight=0 32.2974 15.6933 4.45173 11.869
internal_count=210 98 74 112 40
shrinkage=0.1


Tree=69
num_leaves=6
num_cat=0
split_feature=0 0 0 0 0
split_gain=0.0300029 0.0121126 0.00134436 0.000518189 0.000305087
threshold=0.35000000000000003 1.0000000180025095e-35 0.15000000000000005 0.75000000000000011 0.25000000000000006
decision_type=2 2 2 2 2
left_child=1 -1 -3 -2 -4
right_child=3 2 4 -5 -6
leaf_value=0.002942821980377841 -0.010136026153550637 -0.0025627569294661662 -0.00062959725565904577 -0.0072245268893008675 0.00074354793328755596
leaf_weight=16.603228501975536 0.73181162518449028 3.8204495699610534 9.9580618161708099 3.7121707416372374 1.9319661948829896
leaf_count=24 34 34 24 78 16
internal_value=0 0.010595 -0.0093084 -0.0770398 -0.0040648
internal_weight=0 32.3137 15.7105 4.44398 11.89
internal_count=210 98 74 112 40
shrinkage=0.1


Tree=70
num_leaves=6
num_cat=0
split_feature=0 0 0 0 0
split_gain=0.0291791 0.0119227 0.00131094 0.000489837 0.000314713
threshold=0.35000000000000003 1.0000000180025095e-35 0.15000000000000005 0.75000000000000011 0.25000000000000006
decision_type=2 2 2 2 2
left_child=1 -1 -3 -2 -4
right_child=3 2 4 -5 -6
leaf_value=0.0029128078723187805 -0.0099751023575725892 -0.0025422854914410073 -0.00063992577022902602 -0.0071382685302729164 0.00074961535271013532
leaf_weight=16.602328687906265 0.7281506794388396 3.8163800206966672 9.9619944840669614 3.7095255550229922 1.9487980464473371
leaf_count=24 34 34 24 78 16
internal_value=0 0.0104372 -0.00929373 -0.0760375 -0.00412574
internal_weight=0 32.3295 15.7272 4.43768 11.9108
internal_count=210 98 74 112 40
shrinkage=0.1


Tree=71
num_leaves=6
num_cat=0
split_feature=0 0 0 0 0
split_gain=0.0283838 0.0117397 0.00128047 0.000463694 0.000324912
threshold=0.35000000000000003 1.0000000180025095e-35 0.15000000000000005 0.75000000000000011 0.25000000000000006
decision_type=2 2 2 2 2
left_child=1 -1 -3 -2 -4
right_child=3 2 4 -5 -6
leaf_value=0.0028835420175378716 -0.0098197157448297809 -0.0025234699426976595 -0.00065004759110416698 -0.0070534830941016181 0.00075643318824631777
leaf_weight=16.601406492292881 0.72439257218502373 3.8122209052089575 9.9661757135763747 3.7069005251396447 1.9665732132270941
leaf_count=24 34 34 24 78 16
internal_value=0 0.0102824 -0.00927975 -0.0750568 -0.00418253
internal_weight=0 32.3464 15.745 4.43129 11.9327
internal_count=210 98 74 112 40
shrinkage=0.1


Tree=72
num_leaves=6
num_cat=0
split_feature=0 0 0 0 0
split_gain=0.0276148 0.0115621 0.00125277 0.000444771 0.000335762
threshold=0.35000000000000003 1.0000000180025095e-35 0.15000000000000005 0.45000000000000007 0.25000000000000006
decision_type=2 2 2 2 2
left_child=1 -1 -3 -2 -4
right_child=3 2 4 -5 -6
leaf_value=0.0028548937680373649 -0.0050923879417943503 -0.0025061670691603165 -0.00065993120340624421 -0.007843412558995037 0.00076412498558230645
leaf_weight=16.600459717214108 0.69770269427681242 3.8079598587937626 9.9706289819441718 3.7271153998444788 1.9853684250265369
leaf_count=24 30 34 24 82 16
internal_value=0 0.0101304 -0.00926559 -0.0740963 -0.00423458
internal_weight=0 32.3644 15.764 4.42482 11.956
internal_count=210 98 74 112 40
shrinkage=0.1


Tree=73
num_leaves=6
num_cat=0
split_feature=0 0 0 0 0
split_gain=0.026919 0.011383 0.0012268 0.000448177 0.00034344
threshold=0.35000000000000003 1.0000000180025095e-35 0.15000000000000005 0.75000000000000011 0.25000000000000006
decision_type=2 2 2 2 2
left_child=1 -1 -3 -2 -4
right_child=3 2 4 -5 -6
leaf_value=0.0028270876598705339 -0.0096140797067296065 -0.0024883637720306095 -0.00066704432357824958 -0.0068802194765909437 0.00076714094227378279
leaf_weight=16.599502719938755 0.71557183342520048 3.8036973227281115 9.9762780894525331 3.7015453464118764 2.0053367856889954
leaf_count=24 34 34 24 78 16
internal_value=0 0.00998833 -0.00923721 -0.073231 -0.00427008
internal_weight=0 32.3848 15.7853 4.41712 11.9816
internal_count=210 98 74 112 40
shrinkage=0.1


Tree=74
num_leaves=6
num_cat=0
split_feature=0 0 0 0 0
split_gain=0.0261953 0.011218 0.00120519 0.000426194 0.000353958
threshold=0.35000000000000003 1.0000000180025095e-35 0.15000000000000005 0.75000000000000011 0.25000000000000006
decision_type=2 2 2 2 2
left_child=1 -1 -3 -2 -4
right_child=3 2 4 -5 -6
leaf_value=0.002799746526260844 -0.0094718754691569505 -0.0024748774103627068 -0.00067600421794447758 -0.00679930125476403 0.00077362210549252646
leaf_weight=16.598497629165649 0.71145528589840878 3.799215914681553 9.981299121398477 3.6989620544482023 2.0263287080451837
leaf_count=24 34 34 24 78 16
internal_value=0 0.00984072 -0.00922536 -0.0723042 -0.00431375
internal_weight=0 32.4053 15.8068 4.41042 12.0076
internal_count=210 98 74 112 40
shrinkage=0.1


Tree=75
num_leaves=6
num_cat=0
split_feature=0 0 0 0 0
split_gain=0.0254928 0.0110581 0.00118584 0.000406159 0.000363596
threshold=0.35000000000000003 1.0000000180025095e-35 0.15000000000000005 0.75000000000000011 0.25000000000000006
decision_type=2 2 2 2 2
left_child=1 -1 -3 -2 -4
right_child=3 2 4 -5 -6
leaf_value=0.0027729506612751897 -0.0093349297514232401 -0.0024627976625750812 -0.00068433361335182091 -0.0067192133541643818 0.00077818379360095633
leaf_weight=16.597455702722073 0.7072032040450712 3.7946029349695882 9.9866426694206876 3.6963781912345439 2.0485726529732338
leaf_count=24 34 34 24 78 16
internal_value=0 0.0096951 -0.00921386 -0.0713929 -0.00435391
internal_weight=0 32.4273 15.8298 4.40358 12.0352
internal_count=210 98 74 112 40
shrinkage=0.1


Tree=76
num_leaves=6
num_cat=0
split_feature=0 0 0 0 0
split_gain=0.0248121 0.0109035 0.00116935 0.000390638 0.0003752
threshold=0.35000000000000003 1.0000000180025095e-35 0.15000000000000005 0.45000000000000007 0.25000000000000006
decision_type=2 2 2 2 2
left_child=1 -1 -3 -2 -4
right_child=3 2 4 -5 -6
leaf_value=0.0027467450391905888 -0.0048490418939938192 -0.0024525712576259281 -0.00069288622745185833 -0.0074536020027521008 0.00078569105584123532
leaf_weight=16.596378974616528 0.68147436034632747 3.7898498754948369 9.992337314411996 3.7151274371426553 2.0721224378794423
leaf_count=24 30 34 24 82 16
internal_value=0 0.00955161 -0.00920279 -0.0704989 -0.00438934
internal_weight=0 32.4507 15.8543 4.3966 12.0645
internal_count=210 98 74 112 40
shrinkage=0.1


Tree=77
num_leaves=6
num_cat=0
split_feature=0 0 0 0 0
split_gain=0.0241921 0.010747 0.00115436 0.00039631 0.000383445
threshold=0.35000000000000003 1.0000000180025095e-35 0.15000000000000005 0.75000000000000011 0.25000000000000006
decision_type=2 2 2 2 2
left_child=1 -1 -3 -2 -4
right_child=3 2 4 -5 -6
leaf_value=0.0027212369421072999 -0.009154697139895392 -0.0024419781674738391 -0.00069880224721505647 -0.006555578025077168 0.00078842491358695687
leaf_weight=16.595275469124317 0.69751666078809549 3.7850352730602017 9.9991291346959752 3.6910855682799593 2.0972018502652636
leaf_count=24 34 34 24 78 16
internal_value=0 0.00941685 -0.00917862 -0.0696868 -0.00440954
internal_weight=0 32.4766 15.8814 4.3886 12.0963
internal_count=210 98 74 112 40
shrinkage=0.1


Tree=78
num_leaves=6
num_cat=0
split_feature=0 0 0 0 0
split_gain=0.023547 0.0106029 0.00114316 0.000392795 0.00037985
threshold=0.35000000000000003 1.0000000180025095e-35 0.15000000000000005 0.25000000000000006 0.75000000000000011
decision_type=2 2 2 2 2
left_child=1 -1 -3 -4 -2
right_child=4 2 3 -5 -6
leaf_value=0.0026961056164728396 -0.0090304138002326329 -0.0024354050993958339 -0.00070591067891551693 0.00079147211516101537 -0.0064783842958138511
leaf_weight=16.594110853970051 0.69277375569799815 3.7799633496906599 10.005580112803726 2.1237011179327956 3.6885002673370764
leaf_count=24 34 34 24 16 78
internal_value=0 0.00927644 -0.00916947 -0.00443736 -0.0688192
internal_weight=0 32.5034 15.9092 12.1293 4.38127
internal_count=210 98 74 40 112
shrinkage=0.1


Tree=79
num_leaves=6
num_cat=0
split_feature=0 0 0 0 0
split_gain=0.022919 0.0104633 0.00113457 0.000403906 0.000364971
threshold=0.35000000000000003 1.0000000180025095e-35 0.15000000000000005 0.25000000000000006 0.75000000000000011
decision_type=2 2 2 2 2
left_child=1 -1 -3 -4 -2
right_child=4 2 3 -5 -6
leaf_value=0.0026714572105156617 -0.0089110112052643558 -0.0024306406042796233 -0.00071322964850321891 0.00079688424386078647 -0.0064017905023770992
leaf_weight=16.592895336449146 0.68784485413925611 3.7747116547543547 10.012464206665753 2.1518205218017092 3.6859022934222594
leaf_count=24 34 34 24 16 78
internal_value=0 0.00913744 -0.0091608 -0.00446096 -0.0679641
internal_weight=0 32.5319 15.939 12.1643 4.37375
internal_count=210 98 74 40 112
shrinkage=0.1


Tree=80
num_leaves=6
num_cat=0
split_feature=0 0 0 0 0
split_gain=0.0223073 0.0103286 0.00112892 0.000413698 0.000351544
threshold=0.35000000000000003 1.0000000180025095e-35 0.15000000000000005 0.25000000000000006 0.75000000000000011
decision_type=2 2 2 2 2
left_child=1 -1 -3 -4 -2
right_child=4 2 3 -5 -6
leaf_value=0.0026473261327700369 -0.0087963683305856202 -0.0024279939080886787 -0.00071972940761538785 0.00079982290984343784 -0.0063258036954930196
leaf_weight=16.591622322797775 0.6827083817915981 3.7692587373312554 10.019818184431641 2.1817656941711894 3.683288368396461
leaf_count=24 34 34 24 16 78
internal_value=0 0.00899968 -0.0091531 -0.00448018 -0.0671212
internal_weight=0 32.5625 15.9708 12.2016 4.366
internal_count=210 98 74 40 112
shrinkage=0.1


Tree=81
num_leaves=6
num_cat=0
split_feature=0 0 0 0 0
split_gain=0.0217109 0.0101985 0.00112577 0.000423487 0.000350472
threshold=0.35000000000000003 1.0000000180025095e-35 0.15000000000000005 0.25000000000000006 0.45000000000000007
decision_type=2 2 2 2 2
left_child=1 -1 -3 -4 -2
right_child=4 2 3 -5 -6
leaf_value=0.002623667562588737 -0.0045015136018565173 -0.0024271646590411666 -0.00072592834866795934 0.00080227476998221575 -0.0070069825043329349
leaf_weight=16.590288147330284 0.65751111990539257 3.7635909747332361 10.02767703309655 2.213631489314138 3.700494147837162
leaf_count=24 30 34 24 16 82
internal_value=0 0.008863 -0.00914613 -0.00449579 -0.0662897
internal_weight=0 32.5952 16.0049 12.2413 4.35801
internal_count=210 98 74 40 112
shrinkage=0.1


Tree=82
num_leaves=6
num_cat=0
split_feature=0 0 0 0 0
split_gain=0.0211642 0.0100665 0.00112397 0.000430614 0.000349983
threshold=0.35000000000000003 1.0000000180025095e-35 0.15000000000000005 0.25000000000000006 0.75000000000000011
decision_type=2 2 2 2 2
left_child=1 -1 -3 -4 -2
right_child=4 2 3 -5 -6
leaf_value=0.0026005844518076707 -0.0086527769278248422 -0.0024261190953000903 -0.00072993516547798984 0.00080136976296633791 -0.0061696677785502939
leaf_weight=16.588896811008453 0.67120478354627167 3.7577760620042708 10.036662516184149 2.2476329989731303 3.6778802829794586
leaf_count=24 34 34 24 16 78
internal_value=0 0.00873375 -0.00912709 -0.00449755 -0.0655289
internal_weight=0 32.631 16.0421 12.2843 4.34909
internal_count=210 98 74 40 112
shrinkage=0.1


Tree=83
num_leaves=6
num_cat=0
split_feature=0 0 0 0 0
split_gain=0.0205932 0.00994474 0.00112637 0.000439718 0.000339829
threshold=0.35000000000000003 1.0000000180025095e-35 0.15000000000000005 0.25000000000000006 0.75000000000000011
decision_type=2 2 2 2 2
left_child=1 -1 -3 -4 -2
right_child=4 2 3 -5 -6
leaf_value=0.0025777470144981236 -0.0085509829656798785 -0.0024293733106234084 -0.00073524692588284582 0.00080200450260188507 -0.0060949455673104547
leaf_weight=16.587415806949139 0.66535659553483029 3.7516332399100092 10.045635610818861 2.2837473647668949 3.6751919860253111
leaf_count=24 34 34 24 16 78
internal_value=0 0.00859839 -0.00912167 -0.00450505 -0.0647143
internal_weight=0 32.6684 16.081 12.3294 4.34055
internal_count=210 98 74 40 112
shrinkage=0.1


Tree=84
num_leaves=6
num_cat=0
split_feature=0 0 0 0 0
split_gain=0.0200348 0.00982782 0.00113111 0.000448159 0.000331088
threshold=0.35000000000000003 1.0000000180025095e-35 0.15000000000000005 0.25000000000000006 0.75000000000000011
decision_type=2 2 2 2 2
left_child=1 -1 -3 -4 -2
right_child=4 2 3 -5 -6
leaf_value=0.0025553812578830723 -0.0084543119298490337 -0.0024344458754114616 -0.00074019398656339488 0.00080107233886035807 -0.0060204141569728999
leaf_weight=16.5858493745327 0.65923266642494027 3.7452150378376272 10.055250198114662 2.3223013468086711 3.6724664845969528
leaf_count=24 34 34 24 16 78
internal_value=0 0.00846356 -0.00911756 -0.00451018 -0.0639082
internal_weight=0 32.7086 16.1228 12.3776 4.3317
internal_count=210 98 74 40 112
shrinkage=0.1


Tree=85
num_leaves=6
num_cat=0
split_feature=0 0 0 0 0
split_gain=0.0194879 0.00971483 0.00113921 0.000455517 0.00032369
threshold=0.35000000000000003 1.0000000180025095e-35 0.15000000000000005 0.25000000000000006 0.75000000000000011
decision_type=2 2 2 2 2
left_child=1 -1 -3 -4 -2
right_child=4 2 3 -5 -6
leaf_value=0.0025334032757520913 -0.0083626731700087165 -0.0024419641048642501 -0.00074438990003170068 0.00079828679283695998 -0.0059459705618496927
leaf_weight=16.584187351167202 0.65281261940253799 3.7385063893161741 10.06556180724874 2.3634937200695267 3.6696983320871368
leaf_count=24 34 34 24 16 78
internal_value=0 0.00832908 -0.00911409 -0.00451036 -0.0631096
internal_weight=0 32.7517 16.1676 12.4291 4.32251
internal_count=210 98 74 40 112
shrinkage=0.1


Tree=86
num_leaves=6
num_cat=0
split_feature=0 0 0 0 0
split_gain=0.0189521 0.00960559 0.00114941 0.000459506 0.000317575
threshold=0.35000000000000003 1.0000000180025095e-35 0.15000000000000005 0.25000000000000006 0.75000000000000011
decision_type=2 2 2 2 2
left_child=1 -1 -3 -4 -2
right_child=4 2 3 -5 -6
leaf_value=0.0025117992711932522 -0.0082760729406656762 -0.0024510686167181521 -0.00074736661531817647 0.00079036967661219788 -0.0058716022900326421
leaf_weight=16.582416005432606 0.64607895305380125 3.7314795856364098 10.076617380138485 2.4075289340689769 3.6668841622304171
leaf_count=24 34 34 24 16 78
internal_value=0 0.00819485 -0.00911109 -0.00450819 -0.0623179
internal_weight=0 32.798 16.2156 12.4841 4.31296
internal_count=210 98 74 40 112
shrinkage=0.1


Tree=87
num_leaves=6
num_cat=0
split_feature=0 0 0 0 0
split_gain=0.0185744 0.00935174 0.00116265 0.000463251 0.000312766
threshold=1.0000000180025095e-35 0.35000000000000003 0.15000000000000005 0.25000000000000006 0.75000000000000011
decision_type=2 2 2 2 2
left_child=-1 2 -2 -4 -3
right_child=1 4 3 -5 -6
leaf_value=0.0024905403732351501 -0.0024623798553332779 -0.0081946331364500212 -0.00074996615085796503 0.00078187615519532657 -0.0057971231646379963
leaf_weight=16.580531194806099 3.7241310256067726 0.63902366580441483 10.088460138067601 2.4545018281787625 3.6640182869741693
leaf_count=24 34 34 24 16 78
internal_value=0 -0.0200749 -0.00910864 -0.00450204 -0.0615317
internal_weight=0 20.5701 16.2671 12.543 4.30304
internal_count=210 186 74 40 112
shrinkage=0.1


Tree=88
num_leaves=6
num_cat=0
split_feature=0 0 0 0 0
split_gain=0.0182428 0.00906476 0.00117889 0.000464145 0.000309333
threshold=1.0000000180025095e-35 0.35000000000000003 0.15000000000000005 0.25000000000000006 0.75000000000000011
decision_type=2 2 2 2 2
left_child=-1 2 -2 -4 -3
right_child=1 4 3 -5 -6
leaf_value=0.0024696237648971797 -0.0024758770921840937 -0.0081187289029315737 -0.00075138966037216416 0.00076933513611049213 -0.0057224118225957183
leaf_weight=16.578516654670238 3.7164367299992653 0.63162380771245707 10.101160735823212 2.5046881400048724 3.661093142000027
leaf_count=24 34 34 24 16 78
internal_value=0 -0.0198606 -0.00910682 -0.00449233 -0.06075
internal_weight=0 20.615 16.3223 12.6058 4.29272
internal_count=210 186 74 40 112
shrinkage=0.1


Tree=89
num_leaves=6
num_cat=0
split_feature=0 0 0 0 0
split_gain=0.0179185 0.00878339 0.00119733 0.000461587 0.00030718
threshold=1.0000000180025095e-35 0.35000000000000003 0.15000000000000005 0.25000000000000006 0.75000000000000011
decision_type=2 2 2 2 2
left_child=-1 2 -2 -4 -3
right_child=1 4 3 -5 -6
leaf_value=0.0024490826441618428 -0.0024910351095143619 -0.0080482182110629113 -0.00075163293832553654 0.00075191744475575225 -0.0056474866050649835
leaf_weight=16.576361812651157 3.7083809704054209 0.62386959115974505 10.114760749042032 2.5582394162192932 3.6581071596592665
leaf_count=24 34 34 24 16 78
internal_value=0 -0.0196468 -0.00910589 -0.00448118 -0.0599727
internal_weight=0 20.6634 16.3814 12.673 4.28198
internal_count=210 186 74 40 112
shrinkage=0.1


Tree=90
num_leaves=6
num_cat=0
split_feature=0 0 0 0 0
split_gain=0.0175997 0.0085077 0.00121829 0.000456359 0.000306249
threshold=1.0000000180025095e-35 0.35000000000000003 0.15000000000000005 0.25000000000000006 0.75000000000000011
decision_type=2 2 2 2 2
left_child=-1 2 -2 -4 -3
right_child=1 4 3 -5 -6
leaf_value=0.0024288009222213237 -0.0025079298457492466 -0.0079829975383840669 -0.00075076820998492189 0.00073095870126594503 -0.0055723114594624021
leaf_weight=16.574051357805729 3.6999586247839096 0.61575690220342849 10.129304912872611 2.6152681624516836 3.6550582133932039
leaf_count=24 34 34 24 16 78
internal_value=0 -0.0194325 -0.00910476 -0.00446708 -0.0591988
internal_weight=0 20.7153 16.4445 12.7446 4.27082
internal_count=210 186 74 40 112
shrinkage=0.1


Tree=91
num_leaves=6
num_cat=0
split_feature=0 0 0 0 0
split_gain=0.0172872 0.0082377 0.00124155 0.000445759 0.000306614
threshold=1.0000000180025095e-35 0.35000000000000003 0.15000000000000005 0.25000000000000006 0.75000000000000011
decision_type=2 2 2 2 2
left_child=-1 2 -2 -4 -3
right_child=1 4 3 -5 -6
leaf_value=0.0024088379748627336 -0.0025264301768375482 -0.0079235288921410598 -0.00074793372181967271 0.00070299991903945873 -0.0054968989156560883
leaf_weight=16.571577578783035 3.6911667478270891 0.60728402138920401 10.14482977427542 2.6759240217506877 3.6519462105352432
leaf_count=24 34 34 24 16 78
internal_value=0 -0.0192181 -0.0091037 -0.00445098 -0.0584289
internal_weight=0 20.7712 16.5119 12.8208 4.25923
internal_count=210 186 74 40 112
shrinkage=0.1


Tree=92
num_leaves=6
num_cat=0
split_feature=0 0 0 0 0
split_gain=0.0169794 0.00797323 0.00126635 0.000428591 0.000308113
threshold=1.0000000180025095e-35 0.35000000000000003 0.15000000000000005 0.25000000000000006 0.75000000000000011
decision_type=2 2 2 2 2
left_child=-1 2 -2 -4 -3
right_child=1 4 3 -5 -6
leaf_value=0.0023890893055363458 -0.0025459398636144691 -0.0078692510435708525 -0.00074266900456185887 0.00066655309637269592 -0.0054212418697035906
leaf_weight=16.568925939500332 3.6820230861194494 0.59847295159124669 10.16132740722969 2.7401439575478426 3.6487716530682519
leaf_count=24 34 34 24 16 78
internal_value=0 -0.019003 -0.00910198 -0.00443364 -0.0576619
internal_weight=0 20.8307 16.5835 12.9015 4.24724
internal_count=210 186 74 40 112
shrinkage=0.1


Tree=93
num_leaves=6
num_cat=0
split_feature=0 0 0 0 0
split_gain=0.0166775 0.00771506 0.00129232 0.000408099 0.000310732
threshold=1.0000000180025095e-35 0.35000000000000003 0.15000000000000005 0.25000000000000006 0.75000000000000011
decision_type=2 2 2 2 2
left_child=-1 2 -2 -4 -3
right_child=1 4 3 -5 -6
leaf_value=0.0023696342282927339 -0.0025661806005155123 -0.0078203939902162112 -0.00073598498810278825 0.00062579593227357448 -0.0053455905721324585
leaf_weight=16.566100724041462 3.6725697086658391 0.58936772192828257 10.178752937354146 2.807668959721922 3.6455470472574234
leaf_count=24 34 34 24 16 78
internal_value=0 -0.018788 -0.00909951 -0.00441567 -0.0569001
internal_weight=0 20.8939 16.659 12.9864 4.23491
internal_count=210 186 74 40 112
shrinkage=0.1


Tree=94
num_leaves=6
num_cat=0
split_feature=0 0 0 0 0
split_gain=0.0163802 0.00746364 0.00131872 0.000379431 0.000314347
threshold=1.0000000180025095e-35 0.35000000000000003 0.15000000000000005 0.25000000000000006 0.75000000000000011
decision_type=2 2 2 2 2
left_child=-1 2 -2 -4 -3
right_child=1 4 3 -5 -6
leaf_value=0.0023503808673830695 -0.0025865533937195419 -0.0077766351034266479 -0.00072594386966431924 0.00057417304620243541 -0.0052700808436354938
leaf_weight=16.563090741634369 3.6628364261705491 0.58000201804679719 10.19707052502781 2.8783850995823732 3.6422795878024772
leaf_count=24 34 34 24 16 78
internal_value=0 -0.0185727 -0.00909527 -0.00439741 -0.056144
internal_weight=0 20.9606 16.7383 13.0755 4.22228
internal_count=210 186 74 40 112
shrinkage=0.1


Tree=95
num_leaves=6
num_cat=0
split_feature=0 0 0 0 0
split_gain=0.0160882 0.00721925 0.00134479 0.000346572 0.000318745
threshold=1.0000000180025095e-35 0.35000000000000003 0.15000000000000005 0.25000000000000006 0.75000000000000011
decision_type=2 2 2 2 2
left_child=-1 2 -2 -4 -3
right_child=1 4 3 -5 -6
leaf_value=0.0023313592280379803 -0.0026065608897318424 -0.0077372506185556331 -0.00071374716973692095 0.00051647086826978213 -0.0051949474717402442
leaf_weight=16.559919230639935 3.6529199769720497 0.57047238174709392 10.216111237648873 2.9515690058469763 3.6389896408654749
leaf_count=24 34 34 24 16 78
internal_value=0 -0.0183581 -0.00908938 -0.00437991 -0.0553948
internal_weight=0 21.0301 16.8206 13.1677 4.20946
internal_count=210 186 74 40 112
shrinkage=0.1


Tree=96
num_leaves=6
num_cat=0
split_feature=0 0 0 0 0
split_gain=0.0158006 0.00698355 0.00136888 0.000323645 0.000307516
threshold=1.0000000180025095e-35 0.35000000000000003 0.15000000000000005 0.75000000000000011 0.25000000000000006
decision_type=2 2 2 2 2
left_child=-1 2 -2 -3 -4
right_child=1 3 4 -5 -6
leaf_value=0.0023124903654940529 -0.002624957144016594 -0.0077015451177411169 -0.00069823153296964032 -0.0051207215571194217 0.00044914707657780757
leaf_weight=16.556593887507915 3.642901710001758 0.56086550746112962 10.235710342414675 3.6357011676300317 3.0266028353944412
leaf_count=24 34 34 24 78 16
internal_value=0 -0.0181439 -0.00908002 -0.0546565 -0.00436387
internal_weight=0 21.1018 16.9052 4.19657 13.2623
internal_count=210 186 74 112 40
shrinkage=0.1


Tree=97
num_leaves=6
num_cat=0
split_feature=0 0 0 0 0
split_gain=0.0155182 0.00675807 0.00139023 0.000328763 0.00026531
threshold=1.0000000180025095e-35 0.35000000000000003 0.15000000000000005 0.75000000000000011 0.25000000000000006
decision_type=2 2 2 2 2
left_child=-1 2 -2 -3 -4
right_child=1 3 4 -5 -6
leaf_value=0.0022938109663362093 -0.0026411826521780847 -0.007668754278122818 -0.00068005689763699691 -0.0050480253681279355 0.00037535686910198453
leaf_weight=16.553158491849899 3.6329270100686761 0.55132538767065753 10.255571006331591 3.6324511906132102 3.102321019396185
leaf_count=24 34 34 24 78 16
internal_value=0 -0.0179318 -0.00906673 -0.0539338 -0.00434941
internal_weight=0 21.1746 16.9908 4.18378 13.3579
internal_count=210 186 74 112 40
shrinkage=0.1


Tree=98
num_leaves=6
num_cat=0
split_feature=0 0 0 0 0
split_gain=0.0152413 0.00654282 0.0014082 0.000333649 0.000221409
threshold=1.0000000180025095e-35 0.35000000000000003 0.15000000000000005 0.75000000000000011 0.25000000000000006
decision_type=2 2 2 2 2
left_child=-1 2 -2 -3 -4
right_child=1 3 4 -5 -6
leaf_value=0.0022753075184488154 -0.0026548117676790119 -0.0076370833147134734 -0.00065927354281379417 -0.0049771418379417976 0.00029585980165690187
leaf_weight=16.549660190939903 3.6231446482706877 0.54199388111010094 10.275365173816679 3.6292693428695202 3.1774908574298015
leaf_count=24 34 34 24 78 16
internal_value=0 -0.0177226 -0.00904951 -0.0532276 -0.00433676
internal_weight=0 21.2473 17.076 4.17126 13.4529
internal_count=210 186 74 112 40
shrinkage=0.1


Tree=99
num_leaves=6
num_cat=0
split_feature=0 0 0 0 0
split_gain=0.01497 0.00634013 0.00142094 0.000337923 0.000178068
threshold=1.0000000180025095e-35 0.35000000000000003 0.15000000000000005 0.75000000000000011 0.25000000000000006
decision_type=2 2 2 2 2
left_child=-1 2 -2 -3 -4
right_child=1 3 4 -5 -6
leaf_value=0.0022569569955898576 -0.0026644907949023404 -0.0076054965137106363 -0.00063639603799526103 -0.0049089288696016684 0.00021258242071107411
leaf_weight=16.546162582933903 3.6137158765923294 0.53303561377106135 10.294697341974823 3.6262009683996439 3.2506428342312566
leaf_count=24 34 34 24 78 16
internal_value=0 -0.0175173 -0.00902683 -0.0525451 -0.00432656
internal_weight=0 21.3183 17.1591 4.15924 13.5453
internal_count=210 186 74 112 40
shrinkage=0.1


end of trees

feature importances:
geographical=500

parameters:
[boosting: gbdt]
[objective: lambdarank]
[metric: ndcg]
[tree_learner: serial]
[device_type: cpu]
[data: ]
[valid: ]
[num_iterations: 100]
[learning_rate: 0.1]
[num_leaves: 16]
[num_threads: -1]
[max_depth: -1]
[min_data_in_leaf: 5]
[min_sum_hessian_in_leaf: 0.001]
[bagging_fraction: 1]
[pos_bagging_fraction: 1]
[neg_bagging_fraction: 1]
[bagging_freq: 0]
[bagging_seed: 3]
[feature_fraction: 1]
[feature_fraction_bynode: 1]
[feature_fraction_seed: 2]
[early_stopping_round: 0]
[first_metric_only: 0]
[max_delta_step: 0]
[lambda_l1: 0]
[lambda_l2: 0]
[min_gain_to_split: 0]
[drop_rate: 0.1]
[max_drop: 50]
[skip_drop: 0.5]
[xgboost_dart_mode: 0]
[uniform_drop: 0]
[drop_seed: 4]
[top_rate: 0.2]
[other_rate: 0.1]
[min_data_per_group: 100]
[max_cat_threshold: 32]
[cat_l2: 10]
[cat_smooth: 10]
[max_cat_to_onehot: 4]
[top_k: 20]
[monotone_constraints: ]
[feature_contri: ]
[forcedsplits_filename: ]
[forcedbins_filename: ]
[refit_decay_rate: 0.9]
[cegb_tradeoff: 1]
[cegb_penalty_split: 0]
[cegb_penalty_feature_lazy: ]
[cegb_penalty_feature_coupled: ]
[verbosity: -1]
[max_bin: 255]
[max_bin_by_feature: ]
[min_data_in_bin: 3]
[bin_construct_sample_cnt: 200000]
[histogram_pool_size: -1]
[data_random_seed: 1]
[output_model: LightGBM_model.txt]
[snapshot_freq: -1]
[input_model: ]
[output_result: LightGBM_predict_result.txt]
[initscore_filename: ]
[valid_data_initscores: ]
[pre_partition: 0]
[enable_bundle: 1]
[max_conflict_rate: 0]
[is_enable_sparse: 1]
[sparse_threshold: 0.8]
[use_missing: 1]
[zero_as_missing: 0]
[two_round: 0]
[save_binary: 0]
[header: 0]
[label_column: ]
[weight_column: ]
[group_column: ]
[ignore_column: ]
[categorical_feature: ]
[predict_raw_score: 0]
[predict_leaf_index: 0]
[predict_contrib: 0]
[num_iteration_predict: -1]
[pred_early_stop: 0]
[pred_early_stop_freq: 10]
[pred_early_stop_margin: 10]
[convert_model_language: ]
[convert_model: gbdt_prediction.cpp]
[num_class: 1]
[is_unbalance: 0]
[scale_pos_weight: 1]
[sigmoid: 1]
[boost_from_average: 1]
[reg_sqrt: 0]
[alpha: 0.9]
[fair_c: 1]
[poisson_max_delta_step: 0.7]
[tweedie_variance_power: 1.5]
[max_position: 20]
[lambdamart_norm: 1]
[label_gain: ]
[metric_freq: 1]
[is_provide_training_metric: 0]
[eval_at: 1]
[multi_error_top_k: 1]
[num_machines: 1]
[local_listen_port: 12400]
[time_out: 120]
[machine_list_filename: ]
[machines: ]
[gpu_platform_id: -1]
[gpu_device_id: -1]
[gpu_use_dp: 0]

end of parameters

pandas_categorical:null
