tree
version=v3
num_class=1
num_tree_per_iteration=1
label_index=0
max_feature_idx=0
objective=lambdarank
feature_names=geographical
feature_infos=[0:1]
tree_sizes=838 843 846 848 847 845 848 857 854 849 855 855 858 859 859 855 860 859 855 860 863 863 864 862 858 862 860 863 863 862 865 861 864 863 861 864 862 867 867 860 864 867 865 866 860 866 861 862 868 866 861 869 871 868 868 868 868 869 861 866 868 865 861 868 865 867 868 872 866 868 866 869 862 873 870 871 867 869 869 866 865 866 863 872 873 875 873 869 872 870 864 870 870 869 872 872 872 874 869 862

Tree=0
num_leaves=7
num_cat=0
split_feature=0 0 0 0 0 0
split_gain=9.51733 0.87554 1.38255 0.337595 0.104234 0.226919
threshold=0.35000000000000003 1.0000000180025095e-35 0.15000000000000005 0.25000000000000006 0.75000000000000011 0.45000000000000007
decision_type=2 2 2 2 2 2
left_child=1 -1 -3 -4 5 -2
right_child=4 2 3 -5 -6 -7
leaf_value=0.13214699733257682 -0.078368617330415322 -0.013217666899538044 0.072831408134235956 0.15102758438240893 -0.069369716376741414 -0.16986650323654795
leaf_weight=2.717301532626152 1.2640379592776296 1.5933105126023295 1.1989132557064295 1.0233890237286687 6.0866755759343505 0.34503568336367602
leaf_count=26 32 32 18 10 78 14
internal_value=0 0.887662 0.578724 1.08841 -0.753535 -0.979886
internal_weight=0 6.53291 3.81561 2.2223 7.69575 1.60907
internal_count=210 86 60 28 124 46
shrinkage=0.1


Tree=1
num_leaves=7
num_cat=0
split_feature=0 0 0 0 0 0
split_gain=3.83654 0.761716 1.23127 0.446859 0.21916 0.37924
threshold=0.35000000000000003 0.25000000000000006 1.0000000180025095e-35 0.15000000000000005 0.75000000000000011 0.45000000000000007
decision_type=2 2 2 2 2 2
left_child=1 2 -1 -4 5 -2
right_child=4 -3 3 -5 -6 -7
leaf_value=0.025368747233635219 -0.061632649147160504 0.049516166189911913 -0.043157872835485493 0.0027010594988858055 -0.044962973136505269 -0.15312496673061748
leaf_weight=16.502014704048641 2.6684534512460218 5.8472083508968344 4.4860961027443391 4.0368747301399708 6.1703362576663494 0.54569601826369751
leaf_count=26 32 10 32 18 78 14
internal_value=0 0.170205 0.0942773 -0.21437 -0.559924 -0.771661
internal_weight=0 30.8722 25.025 8.52297 9.38449 3.21415
internal_count=210 86 76 50 124 46
shrinkage=0.1


Tree=2
num_leaves=7
num_cat=0
split_feature=0 0 0 0 0 0
split_gain=2.59289 0.563388 0.649838 0.193206 0.111737 0.232016
threshold=0.35000000000000003 0.25000000000000006 1.0000000180025095e-35 0.15000000000000005 0.75000000000000011 0.45000000000000007
decision_type=2 2 2 2 2 2
left_child=1 2 -1 -4 5 -2
right_child=4 -3 3 -5 -6 -7
leaf_value=0.018821524099855859 -0.053173197892849501 0.042514330128261633 -0.029418471313532164 0.00097543731822795896 -0.040534230061499948 -0.13622126882681962
leaf_weight=16.50102752447129 2.3847933858633028 5.553067408502101 4.5125883836299163 3.8981050625443459 5.860486482270062 0.39164883084595192
leaf_count=26 32 10 32 18 78 14
internal_value=0 0.137112 0.0729068 -0.153318 -0.483631 -0.648881
internal_weight=0 30.4648 24.9117 8.41069 8.63693 2.77644
internal_count=210 86 76 50 124 46
shrinkage=0.1


Tree=3
num_leaves=7
num_cat=0
split_feature=0 0 0 0 0 0
split_gain=1.85972 0.439417 0.457699 0.130662 0.0594176 0.169804
threshold=0.35000000000000003 0.25000000000000006 1.0000000180025095e-35 0.15000000000000005 0.75000000000000011 0.45000000000000007
decision_type=2 2 2 2 2 2
left_child=1 2 -1 -4 5 -2
right_child=4 -3 3 -5 -6 -7
leaf_value=0.015521926290004229 -0.045120736991025187 0.037435170494293291 -0.024643717339377536 0.00044845939934210768 -0.036427826797974655 -0.12339623121320059
leaf_weight=16.524581592530019 2.2469340320676552 5.3616533055901519 4.5451606977730972 3.8189508467912674 5.6692401189357042 0.31613006442785246
leaf_count=26 32 10 32 18 78 14
internal_value=0 0.11468 0.0587401 -0.131869 -0.421402 -0.547753
internal_weight=0 30.2503 24.8887 8.36411 8.2323 2.56306
internal_count=210 86 76 50 124 46
shrinkage=0.1


Tree=4
num_leaves=7
num_cat=0
split_feature=0 0 0 0 0 0
split_gain=1.40905 0.35279 0.353615 0.0999344 0.03116 0.132725
threshold=0.35000000000000003 0.25000000000000006 1.0000000180025095e-35 0.15000000000000005 0.75000000000000011 0.45000000000000007
decision_type=2 2 2 2 2 2
left_child=1 2 -1 -4 5 -2
right_child=4 -3 3 -5 -6 -7
leaf_value=0.013406079026567442 -0.038574902332930927 0.033535131603807437 -0.021794065761915192 0.00021104115319430162 -0.033211599756490677 -0.11310573472106969
leaf_weight=16.54409425705672 2.1720551727339621 5.2218507453799239 4.569029748439787 3.7639601733535528 5.5393665544688702 0.26846936345100392
leaf_count=26 32 10 32 18 78 14
internal_value=0 0.0990479 0.0494463 -0.118545 -0.373593 -0.467737
internal_weight=0 30.0989 24.8771 8.33299 7.97989 2.44052
internal_count=210 86 76 50 124 46
shrinkage=0.1


Tree=5
num_leaves=7
num_cat=0
split_feature=0 0 0 0 0 0
split_gain=1.11088 0.28964 0.28682 0.0809044 0.0152151 0.107511
threshold=0.35000000000000003 0.25000000000000006 1.0000000180025095e-35 0.15000000000000005 0.75000000000000011 0.45000000000000007
decision_type=2 2 2 2 2 2
left_child=1 2 -1 -4 5 -2
right_child=4 -3 3 -5 -6 -7
leaf_value=0.011901758549728381 -0.03321245664310906 0.030428964489479095 -0.01975530644465702 8.704721052665524e-05 -0.030688537576850916 -0.10452042933291775
leaf_weight=16.558125339448459 2.127933625131845 5.1121124550700179 4.5870607821270806 3.7224155478179455 5.4457150334492326 0.23476141272112719
leaf_count=26 32 10 32 18 78 14
internal_value=0 0.0875033 0.0429378 -0.108665 -0.335961 -0.402977
internal_weight=0 29.9797 24.8676 8.30948 7.80841 2.3627
internal_count=210 86 76 50 124 46
shrinkage=0.1


Tree=6
num_leaves=7
num_cat=0
split_feature=0 0 0 0 0 0
split_gain=0.901595 0.241973 0.24007 0.0677922 0.00621149 0.0892697
threshold=0.35000000000000003 0.25000000000000006 1.0000000180025095e-35 0.15000000000000005 0.75000000000000011 0.45000000000000007
decision_type=2 2 2 2 2 2
left_child=1 2 -1 -4 5 -2
right_child=4 -3 3 -5 -6 -7
leaf_value=0.010764562231091299 -0.028676646941535568 0.02787983290965414 -0.01817717527104214 1.8805665557138665e-05 -0.0286799467895376 -0.097158560996185028
leaf_weight=16.56796810775996 2.1015524473041292 5.0215105935931197 4.6009546862915141 3.6893690526485443 5.3759238431230187 0.209307909477502
leaf_count=26 32 10 32 18 78 14
internal_value=0 0.0785758 0.0381297 -0.100796 -0.305437 -0.348794
internal_weight=0 29.8798 24.8583 8.29032 7.68678 2.31086
internal_count=210 86 76 50 124 46
shrinkage=0.1


Tree=7
num_leaves=7
num_cat=0
split_feature=0 0 0 0 0 0
split_gain=0.747776 0.204893 0.205516 0.0581922 0.00318355 0.0740295
threshold=0.35000000000000003 0.25000000000000006 1.0000000180025095e-35 0.15000000000000005 0.45000000000000007 0.75000000000000011
decision_type=2 2 2 2 2 2
left_child=1 2 -1 -4 -2 -6
right_child=4 -3 3 -5 5 -7
leaf_value=0.009869090557930631 -0.024672108681972643 0.025735501429846354 -0.016901623594171224 -1.7065790360266895e-05 -0.090720573383798228 -0.027072867258254425
leaf_weight=16.574710862711079 2.0872429544106117 4.9435068368911734 4.6116946637630445 3.6620947374030948 0.18923826981335867 5.3237374033778906
leaf_count=26 32 10 32 18 14 78
internal_value=0 0.0714263 0.0344366 -0.0942828 -0.279983 -0.292576
internal_weight=0 29.792 24.8485 8.27379 7.60022 5.51298
internal_count=210 86 76 50 124 92
shrinkage=0.1


Tree=8
num_leaves=7
num_cat=0
split_feature=0 0 0 0 0 0
split_gain=0.630357 0.175224 0.178954 0.0508845 0.00684953 0.0586792
threshold=0.35000000000000003 0.25000000000000006 1.0000000180025095e-35 0.15000000000000005 0.45000000000000007 0.75000000000000011
decision_type=2 2 2 2 2 2
left_child=1 2 -1 -4 -2 -6
right_child=4 -3 3 -5 5 -7
leaf_value=0.0091430854077659759 -0.020939101605952817 0.023891039776814262 -0.015840651164374189 -2.9941018414600272e-05 -0.085008482368525692 -0.025804426526515285
leaf_weight=16.579052805900581 2.082951550371944 4.873397007584571 4.6198255196213704 3.6389009784907103 0.1728847506456076 5.2863968452438712
leaf_count=26 32 10 32 18 14 78
internal_value=0 0.065539 0.031522 -0.0887425 -0.258178 -0.276793
internal_weight=0 29.7112 24.8378 8.25873 7.54223 5.45928
internal_count=210 86 76 50 124 92
shrinkage=0.1


Tree=9
num_leaves=7
num_cat=0
split_feature=0 0 0 0 0 0
split_gain=0.537586 0.150757 0.157914 0.0451828 0.0130436 0.0467695
threshold=0.35000000000000003 0.25000000000000006 1.0000000180025095e-35 0.15000000000000005 0.45000000000000007 0.75000000000000011
decision_type=2 2 2 2 2 2
left_child=1 2 -1 -4 -2 -6
right_child=4 -3 3 -5 5 -7
leaf_value=0.00854259522264216 -0.017179103576775 0.022267318414526231 -0.01494010387173976 -2.2181494155052875e-05 -0.079887982919199949 -0.024864021151781567
leaf_weight=16.581292439252145 2.0892855711281291 4.8067535236477843 4.6254898188635689 3.61861258931458 0.15914532635360945 5.2642069216817617
leaf_count=26 32 10 32 18 14 78
internal_value=0 0.0605745 0.0291885 -0.0839213 -0.238924 -0.264787
internal_weight=0 29.6321 24.8254 8.2441 7.51264 5.42335
internal_count=210 86 76 50 124 92
shrinkage=0.1


Tree=10
num_leaves=7
num_cat=0
split_feature=0 0 0 0 0 0
split_gain=0.461316 0.129685 0.140796 0.0406838 0.0248858 0.0371522
threshold=0.35000000000000003 0.25000000000000006 1.0000000180025095e-35 0.15000000000000005 0.45000000000000007 0.75000000000000011
decision_type=2 2 2 2 2 2
left_child=1 2 -1 -4 -2 -6
right_child=4 -3 3 -5 5 -7
leaf_value=0.0080400885606422608 -0.012903753194148297 0.020789548940958028 -0.014162244134521523 1.194582884820702e-05 -0.075267649014534935 -0.024320065842167327
leaf_weight=16.581267172470696 2.1109593566507092 4.7372273281216613 4.62822820805013 3.6002027168869972 0.14713413291610766 5.2624371256679296
leaf_count=26 32 10 32 18 14 78
internal_value=0 0.0562822 0.0273328 -0.0796058 -0.221123 -0.257058
internal_weight=0 29.5469 24.8097 8.22843 7.52053 5.40957
internal_count=210 86 76 50 124 92
shrinkage=0.1


Tree=11
num_leaves=7
num_cat=0
split_feature=0 0 0 0 0 0
split_gain=0.419103 0.0378729 0.126347 0.101463 0.03719 0.0287758
threshold=0.45000000000000007 0.25000000000000006 1.0000000180025095e-35 0.35000000000000003 0.15000000000000005 0.75000000000000011
decision_type=2 2 2 2 2 2
left_child=1 2 -1 -3 -4 -2
right_child=5 3 4 -5 -6 -7
leaf_value=0.0076213056783787994 -0.071108395575154734 0.019342471047367249 -0.013472928202052706 -0.0068655262748261447 9.9740708094072625e-05 -0.024479422118184047
leaf_weight=16.577661672607071 0.1357357194647183 4.6491300389170638 4.6256681410595757 2.1651395782828331 3.5822244714945555 5.3019343600608408
leaf_count=26 14 10 32 32 18 78
internal_value=0 0.0441269 0.0259746 0.110152 -0.0754932 -0.256434
internal_weight=0 31.5998 24.7856 6.81427 8.20789 5.43767
internal_count=210 118 76 42 50 92
shrinkage=0.1


Tree=12
num_leaves=7
num_cat=0
split_feature=0 0 0 0 0 0
split_gain=0.519063 0.0672838 0.112418 0.0348422 0.0194691 0.0174138
threshold=0.45000000000000007 0.25000000000000006 1.0000000180025095e-35 0.15000000000000005 0.75000000000000011 0.35000000000000003
decision_type=2 2 2 2 2 2
left_child=1 2 -1 -4 -2 -3
right_child=4 5 3 -5 -6 -7
leaf_value=0.0073018769000404013 -0.067642862305649101 0.017466770771224844 -0.012784379306170025 0.00039184705137144943 -0.027097578498709887 0.0068361761553793329
leaf_weight=16.562649341300137 0.12103287526406248 4.4580909907817832 4.6016205418854934 3.5591220203787088 5.5091194598935544 2.3548487881198525
leaf_count=26 14 10 32 18 78 32
internal_value=0 0.0499331 0.0256859 -0.0703787 -0.279692 0.137924
internal_weight=0 31.5363 24.7234 8.16074 5.63015 6.81294
internal_count=210 118 76 50 92 42
shrinkage=0.1


Tree=13
num_leaves=7
num_cat=0
split_feature=0 0 0 0 0 0
split_gain=0.302101 0.0787929 0.0993512 0.0530431 0.0309261 0.0121264
threshold=0.35000000000000003 0.25000000000000006 1.0000000180025095e-35 0.75000000000000011 0.15000000000000005 0.45000000000000007
decision_type=2 2 2 2 2 2
left_child=1 2 -1 5 -4 -2
right_child=3 -3 4 -5 -6 -7
leaf_value=0.0069540694189389532 -0.026480881879184986 0.01701032969027047 -0.011889205876787072 -0.010874287800173507 0.00051178611487223994 -0.059656929762373606
leaf_weight=16.567298445850618 2.9235861795023079 4.4090161509811869 4.6368732000701112 4.8415509555488825 3.5511147230863571 0.11448949482291926
leaf_count=26 32 10 32 78 18 14
internal_value=0 0.0469401 0.0250043 -0.173736 -0.0651092 -0.277311
internal_weight=0 29.1643 24.7553 7.87963 8.18799 3.03808
internal_count=210 86 76 124 50 46
shrinkage=0.1


Tree=14
num_leaves=7
num_cat=0
split_feature=0 0 0 0 0 0
split_gain=0.261759 0.110636 0.0683626 0.0872367 0.0272329 0.00895448
threshold=0.35000000000000003 0.75000000000000011 0.25000000000000006 1.0000000180025095e-35 0.15000000000000005 0.45000000000000007
decision_type=2 2 2 2 2 2
left_child=2 5 3 -1 -5 -2
right_child=1 -3 -4 4 -6 -7
leaf_value=0.0066832043013553199 -0.029166602042923259 -0.006465547063127121 0.016382130358277472 -0.011017876580470749 0.00064728648722204836 -0.059402091874634966
leaf_weight=16.558918487280614 3.1215225085616098 5.1219174144789577 4.1526163630187503 4.6121865999884886 3.5353294503875077 0.10112362937070418
leaf_count=26 32 78 10 32 18 14
internal_value=0 -0.15599 0.0451045 0.0251507 -0.0595619 -0.301154
internal_weight=0 8.34456 28.8591 24.7064 8.14752 3.22265
internal_count=210 124 86 76 50 46
shrinkage=0.1


Tree=15
num_leaves=7
num_cat=0
split_feature=0 0 0 0 0 0
split_gain=0.420456 0.0556928 0.0851504 0.0252469 0.0111828 0.0101895
threshold=0.45000000000000007 0.25000000000000006 1.0000000180025095e-35 0.15000000000000005 0.75000000000000011 0.35000000000000003
decision_type=2 2 2 2 2 2
left_child=1 2 -1 -4 -2 -3
right_child=4 5 3 -5 -6 -7
leaf_value=0.0063883640616544434 -0.057537195459828175 0.015341124279092847 -0.010964791099093768 0.00026711705168246016 -0.024882267003862993 0.0070967774744719594
leaf_weight=16.569463182240732 0.1069521444151168 4.4321400411427012 4.6173322238028032 3.532160890288651 5.3887535207904875 2.265384984202683
leaf_count=26 14 10 32 18 78 32
internal_value=0 0.0446384 0.0227223 -0.0609665 -0.255178 0.125525
internal_weight=0 31.4165 24.719 8.14949 5.49571 6.69753
internal_count=210 118 76 50 92 42
shrinkage=0.1


Tree=16
num_leaves=7
num_cat=0
split_feature=0 0 0 0 0 0
split_gain=0.230831 0.0626271 0.0571315 0.0747996 0.0228675 0.0064004
threshold=0.35000000000000003 0.75000000000000011 0.25000000000000006 1.0000000180025095e-35 0.15000000000000005 0.45000000000000007
decision_type=2 2 2 2 2 2
left_child=2 5 3 -1 -5 -2
right_child=1 -3 -4 4 -6 -7
leaf_value=0.0061543877628598177 -0.025454667668286281 -0.0080555789399383276 0.01482322027654954 -0.010159037516297339 0.00053039760073425525 -0.051355409549895537
leaf_weight=16.566382523626096 2.9714038353413339 4.8789963736198843 4.2681617327034465 4.6353095672093314 3.5218226285651326 0.098572544869966694
leaf_count=26 32 78 10 32 18 14
internal_value=0 -0.150965 0.0413917 0.0229472 -0.055439 -0.262863
internal_weight=0 7.94897 28.9917 24.7235 8.15713 3.06998
internal_count=210 124 86 76 50 46
shrinkage=0.1


Tree=17
num_leaves=7
num_cat=0
split_feature=0 0 0 0 0 0
split_gain=0.685564 0.150738 0.0370177 0.0687485 0.0222095 0.00445001
threshold=0.45000000000000007 0.35000000000000003 0.25000000000000006 1.0000000180025095e-35 0.15000000000000005 0.75000000000000011
decision_type=2 2 2 2 2 2
left_child=1 2 3 -1 -5 -2
right_child=5 -3 -4 4 -6 -7
leaf_value=0.0060170371396446719 -0.053496476208834014 0.028662169838236613 0.012617616606065205 -0.0098586281801285487 0.00073905011809040474 -0.03080175321761108
leaf_weight=16.543874239549051 0.087693287059663713 2.6635983083397141 4.0771017782390109 4.5490841371938568 3.4981764499098063 5.8561359834857285
leaf_count=26 14 32 10 32 18 78
internal_value=0 0.0590679 0.0379256 0.023294 -0.0525177 -0.311366
internal_weight=0 31.3318 28.6682 24.5911 8.04726 5.94383
internal_count=210 118 86 76 50 92
shrinkage=0.1


Tree=18
num_leaves=7
num_cat=0
split_feature=0 0 0 0 0 0
split_gain=0.206329 0.0496604 0.0681249 0.0205283 0.0158405 0.00545618
threshold=0.35000000000000003 0.25000000000000006 1.0000000180025095e-35 0.15000000000000005 0.75000000000000011 0.45000000000000007
decision_type=2 2 2 2 2 2
left_child=1 2 -1 -4 5 -2
right_child=4 -3 3 -5 -6 -7
leaf_value=0.0057268099971306613 -0.019808887328888414 0.01351332375298037 -0.0097770426774754192 0.00034577322587922869 -0.011172707678986061 -0.043590292323906862
leaf_weight=16.572559591382749 2.797521020751446 4.4526440724730483 4.6632500719279033 3.5121244839392602 4.558263149112463 0.099920561187900478
leaf_count=26 32 10 32 18 78 14
internal_value=0 0.03791 0.0204177 -0.054283 -0.148476 -0.20629
internal_weight=0 29.2006 24.7479 8.17537 7.4557 2.89744
internal_count=210 86 76 50 124 46
shrinkage=0.1


Tree=19
num_leaves=7
num_cat=0
split_feature=0 0 0 0 0 0
split_gain=0.191128 0.0452203 0.0627276 0.0188146 0.0181318 0.00458443
threshold=0.35000000000000003 0.25000000000000006 1.0000000180025095e-35 0.15000000000000005 0.75000000000000011 0.45000000000000007
decision_type=2 2 2 2 2 2
left_child=1 2 -1 -4 5 -2
right_child=4 -3 3 -5 -6 -7
leaf_value=0.0055298948098525449 -0.01970736867014674 0.012984810263888799 -0.0093396103374495561 0.00035783697363732543 -0.010340490251145036 -0.041862484666537747
leaf_weight=16.573543630540378 2.8056517397053535 4.4120821543037883 4.6619266071356815 3.5047776773571968 4.5758933247998357 0.096614195383153745
leaf_count=26 32 10 32 18 78 14
internal_value=0 0.0365849 0.0199527 -0.0517791 -0.14262 -0.204449
internal_weight=0 29.1523 24.7402 8.1667 7.47816 2.90227
internal_count=210 86 76 50 124 46
shrinkage=0.1


Tree=20
num_leaves=7
num_cat=0
split_feature=0 0 0 0 0 0
split_gain=0.177392 0.0412396 0.0578367 0.0224137 0.0172727 0.00378067
threshold=0.35000000000000003 0.25000000000000006 1.0000000180025095e-35 0.75000000000000011 0.15000000000000005 0.45000000000000007
decision_type=2 2 2 2 2 2
left_child=1 2 -1 5 -4 -2
right_child=3 -3 4 -5 -6 -7
leaf_value=0.0053506134715731275 -0.019893257173758807 0.012502769607541545 -0.0089221898199742938 -0.0093445416663782699 0.00037581714400730719 -0.040362395396087519
leaf_weight=16.573864031583078 2.8232562430202957 4.3631751984357825 4.6594217149540764 4.6067828992381692 3.4977234611287713 0.093213049927726277
leaf_count=26 32 10 32 78 18 14
internal_value=0 0.0353935 0.0195797 -0.136875 -0.0493527 -0.205475
internal_weight=0 29.0942 24.731 7.52325 8.15715 2.91647
internal_count=210 86 76 124 50 46
shrinkage=0.1


Tree=21
num_leaves=7
num_cat=0
split_feature=0 0 0 0 0 0
split_gain=0.164604 0.0376054 0.0533019 0.0311697 0.0158641 0.00300248
threshold=0.35000000000000003 0.25000000000000006 1.0000000180025095e-35 0.75000000000000011 0.15000000000000005 0.45000000000000007
decision_type=2 2 2 2 2 2
left_child=1 2 -1 5 -4 -2
right_child=3 -3 4 -5 -6 -7
leaf_value=0.0051885556071138896 -0.020570669771851648 0.012069972708710297 -0.0085126701069937662 -0.0079995299160482598 0.00040529223925285832 -0.039187143025091777
leaf_weight=16.573171649128206 2.8594080721959467 4.2956791780889025 4.6544822724536044 4.6641893968917429 3.4907011329196393 0.089340079342946299
leaf_count=26 32 10 32 78 18 14
internal_value=0 0.0343393 0.0193312 -0.130872 -0.0469079 -0.211347
internal_weight=0 29.014 24.7184 7.61294 8.14518 2.94875
internal_count=210 86 76 124 50 46
shrinkage=0.1


Tree=22
num_leaves=7
num_cat=0
split_feature=0 0 0 0 0 0
split_gain=0.151579 0.0538283 0.0340927 0.0488608 0.0145344 0.00218848
threshold=0.35000000000000003 0.75000000000000011 0.25000000000000006 1.0000000180025095e-35 0.15000000000000005 0.45000000000000007
decision_type=2 2 2 2 2 2
left_child=2 5 3 -1 -5 -2
right_child=1 -3 -4 4 -6 -7
leaf_value=0.0050472142890853645 -0.022328901961737164 -0.0057530443636505677 0.011702073540772073 -0.0080827045875207556 0.00046341924003269556 -0.038711562864547605
leaf_weight=16.570157595910139 2.9453992731869216 4.7930069961585104 4.1758932135999194 4.6426806198433024 3.4829412004910409 0.083862179541028925
leaf_count=26 32 78 10 32 18 14
internal_value=0 -0.123479 0.0334544 0.0193239 -0.0441952 -0.227824
internal_weight=0 7.82227 28.8717 24.6958 8.12562 3.02926
internal_count=210 124 86 76 50 46
shrinkage=0.1


Tree=23
num_leaves=7
num_cat=0
split_feature=0 0 0 0 0 0
split_gain=0.130641 0.158491 0.0289803 0.043144 0.0130918 0.00145402
threshold=0.35000000000000003 0.75000000000000011 0.25000000000000006 1.0000000180025095e-35 0.15000000000000005 0.45000000000000007
decision_type=2 2 2 2 2 2
left_child=2 5 3 -1 -5 -2
right_child=1 -3 -4 4 -6 -7
leaf_value=0.0049594407221106654 -0.027328301871226358 3.8953702000586585e-05 0.011457725462927481 -0.0074699519718876423 0.00067188282191606727 -0.041930356650623474
leaf_weight=16.554669336415834 3.3159471568651484 5.3300024513155222 3.7666215077042571 4.5861491076648218 3.4686569976620376 0.069625217001885065
leaf_count=26 32 78 10 32 18 14
internal_value=0 -0.107085 0.0328907 0.0203881 -0.0396382 -0.276286
internal_weight=0 8.71557 28.3761 24.6095 8.05481 3.38557
internal_count=210 124 86 76 50 46
shrinkage=0.1


Tree=24
num_leaves=7
num_cat=0
split_feature=0 0 0 0 0 0
split_gain=0.265851 0.0379876 0.0463024 0.0125771 0.00267951 0.00114133
threshold=0.45000000000000007 0.25000000000000006 1.0000000180025095e-35 0.15000000000000005 0.75000000000000011 0.35000000000000003
decision_type=2 2 2 2 2 2
left_child=1 2 -1 -4 -2 -3
right_child=4 5 3 -5 -6 -7
leaf_value=0.0047517497598082228 -0.038354500418165252 0.011250775151310202 -0.0078711941820539897 8.117880651195916e-05 -0.020505494971339671 0.0084185813904959893
leaf_weight=16.579999746754773 0.0854958132840683 4.362598802894353 4.6423579566180688 3.4793184148147702 5.1744841951876879 2.1115624187514186
leaf_count=26 14 10 32 18 78 32
internal_value=0 0.0350863 0.0172157 -0.0446441 -0.207956 0.10327
internal_weight=0 31.1758 24.7017 8.12168 5.25998 6.47416
internal_count=210 118 76 50 92 42
shrinkage=0.1


Tree=25
num_leaves=7
num_cat=0
split_feature=0 0 0 0 0 0
split_gain=0.119383 0.138767 0.0253037 0.0386298 0.011602 0.000876982
threshold=0.35000000000000003 0.75000000000000011 0.25000000000000006 1.0000000180025095e-35 0.15000000000000005 0.45000000000000007
decision_type=2 2 2 2 2 2
left_child=2 5 3 -1 -5 -2
right_child=1 -3 -4 4 -6 -7
leaf_value=0.0047024276648747424 -0.026147819307061084 -0.00021151693569361474 0.010693485687505598 -0.0070312151274176523 0.00063384371977378141 -0.037579039589500707
leaf_weight=16.557562788017101 3.2437634156085537 5.215435522608459 3.8126966655254355 4.5980354854837042 3.461174932308495 0.068530680437106528
leaf_count=26 32 78 10 32 18 14
internal_value=0 -0.103774 0.0311282 0.0193871 -0.0373932 -0.263843
internal_weight=0 8.52773 28.4295 24.6168 8.05921 3.31229
internal_count=210 124 86 76 50 46
shrinkage=0.1


Tree=26
num_leaves=7
num_cat=0
split_feature=0 0 0 0 0 0
split_gain=0.268239 0.0417178 0.0414246 0.0113069 0.00171644 6.28528e-05
threshold=0.45000000000000007 0.25000000000000006 1.0000000180025095e-35 0.15000000000000005 0.75000000000000011 0.35000000000000003
decision_type=2 2 2 2 2 2
left_child=1 2 -1 -4 -2 -3
right_child=4 5 3 -5 -6 -7
leaf_value=0.0045260740892913535 -0.035253498633983221 0.01047455848817192 -0.0074249010646509897 0.00012242098979231932 -0.020632894768672652 0.01113850712477938
leaf_weight=16.577892336063094 0.081558371079153313 4.3213597759604445 4.6396538903936726 3.4692182457074523 5.1906785476021469 2.1278565139509737
leaf_count=26 14 10 32 18 78 32
internal_value=0 0.0353205 0.0166115 -0.0419593 -0.208591 0.106936
internal_weight=0 31.136 24.6868 8.10887 5.27224 6.44922
internal_count=210 118 76 50 92 42
shrinkage=0.1


Tree=27
num_leaves=7
num_cat=0
split_feature=0 0 0 0 0 0
split_gain=0.112267 0.0893576 0.0228126 0.0355091 0.010491 0.00057828
threshold=0.35000000000000003 0.75000000000000011 0.25000000000000006 1.0000000180025095e-35 0.15000000000000005 0.45000000000000007
decision_type=2 2 2 2 2 2
left_child=2 5 3 -1 -5 -2
right_child=1 -3 -4 4 -6 -7
leaf_value=0.0044602257847726435 -0.023378896491123551 -0.0020289222922879979 0.0099791322881130386 -0.006739751863297597 0.00054239719554113528 -0.032492280235306439
leaf_weight=16.564403960481293 3.0715019316412495 4.9545299960300326 3.9675907008349887 4.6253247177228314 3.4568903590552509 0.071242165751755127
leaf_count=26 32 78 10 32 18 14
internal_value=0 -0.103955 0.0294174 0.0180887 -0.0362506 -0.235855
internal_weight=0 8.09727 28.6142 24.6466 8.08222 3.14274
internal_count=210 124 86 76 50 46
shrinkage=0.1


Tree=28
num_leaves=7
num_cat=0
split_feature=0 0 0 0 0 0
split_gain=0.333594 0.0651507 0.0369328 0.0147395 0.0105581 0.000752153
threshold=0.45000000000000007 0.25000000000000006 1.0000000180025095e-35 0.35000000000000003 0.15000000000000005 0.75000000000000011
decision_type=2 2 2 2 2 2
left_child=1 2 -1 -3 -4 -2
right_child=5 3 4 -5 -6 -7
leaf_value=0.0043469915900765889 -0.032806280638736883 0.0094452908470624083 -0.0070282418308768996 0.019483947150421094 0.00027975271735396402 -0.022783332143770707
leaf_weight=16.569752789102502 0.075937650515696897 4.2103900201618663 4.6194132720120233 2.2411646246910095 3.4559157039038837 5.3316552247852087
leaf_count=26 14 10 32 32 18 78
internal_value=0 0.0398642 0.0164451 0.129326 -0.0390071 -0.229241
internal_weight=0 31.0966 24.6451 6.45155 8.07533 5.40759
internal_count=210 118 76 42 50 92
shrinkage=0.1


Tree=29
num_leaves=7
num_cat=0
split_feature=0 0 0 0 0 0
split_gain=0.10644 0.0282317 0.0209377 0.033727 0.00981887 0.000647799
threshold=0.35000000000000003 0.75000000000000011 0.25000000000000006 1.0000000180025095e-35 0.15000000000000005 0.45000000000000007
decision_type=2 2 2 2 2 2
left_child=2 5 3 -1 -5 -2
right_child=1 -3 -4 4 -6 -7
leaf_value=0.0042370167892069252 -0.018028371652980844 -0.0057098285340348451 0.009291953853620397 -0.0066276648576094879 0.00040798649263916421 -0.027329375195983455
leaf_weight=16.572668362408884 2.8473098031245168 4.606377134565264 4.1954761259257785 4.6587236467748863 3.4544219402596354 0.076905073365196461
leaf_count=26 32 78 10 32 18 14
internal_value=0 -0.105882 0.0276081 0.0165081 -0.0363202 -0.18273
internal_weight=0 7.53059 28.8813 24.6858 8.11315 2.92421
internal_count=210 124 86 76 50 46
shrinkage=0.1


Tree=30
num_leaves=7
num_cat=0
split_feature=0 0 0 0 0 0
split_gain=0.0996984 0.0514749 0.019208 0.0313148 0.00912086 0.000380714
threshold=0.35000000000000003 0.75000000000000011 0.25000000000000006 1.0000000180025095e-35 0.15000000000000005 0.45000000000000007
decision_type=2 2 2 2 2 2
left_child=2 5 3 -1 -5 -2
right_child=1 -3 -4 4 -6 -7
leaf_value=0.0041533280744505147 -0.020116799682138416 -0.0035729219832661748 0.0090700765213587407 -0.0063276110243203499 0.00046068470694704962 -0.027448358378895827
leaf_weight=16.56956413760782 2.9369805371388789 4.7423338345251977 4.0799894370138636 4.645453517790882 3.4487319937907159 0.072578433726448455
leaf_count=26 32 78 10 32 18 14
internal_value=0 -0.100645 0.0271429 0.0166289 -0.0343529 -0.202936
internal_weight=0 7.75189 28.7437 24.6637 8.09419 3.00956
internal_count=210 124 86 76 50 46
shrinkage=0.1


Tree=31
num_leaves=7
num_cat=0
split_feature=0 0 0 0 0 0
split_gain=0.087389 0.160961 0.0162109 0.02775 0.00827715 0.000171553
threshold=0.35000000000000003 0.75000000000000011 0.25000000000000006 1.0000000180025095e-35 0.15000000000000005 0.45000000000000007
decision_type=2 2 2 2 2 2
left_child=2 5 3 -1 -5 -2
right_child=1 -3 -4 4 -6 -7
leaf_value=0.0041161998082655761 -0.025687432949532109 0.0020956152384160828 0.008913212021100814 -0.0058339829621615186 0.00065855223342420777 -0.031109760642300151
leaf_weight=16.554078302346177 3.3315128418616937 5.3210423281416297 3.6574964672327033 4.5814779438078386 3.4364328715018928 0.059388366760685929
leaf_count=26 32 78 10 32 18 14
internal_value=0 -0.0875519 0.0270195 0.0177742 -0.0305132 -0.257824
internal_weight=0 8.71194 28.2295 24.572 8.01791 3.3909
internal_count=210 124 86 76 50 46
shrinkage=0.1


Tree=32
num_leaves=7
num_cat=0
split_feature=0 0 0 0 0 0
split_gain=0.224206 0.0365457 0.0310839 0.00820876 0.00143869 0.000606462
threshold=0.45000000000000007 0.25000000000000006 1.0000000180025095e-35 0.15000000000000005 0.35000000000000003 0.75000000000000011
decision_type=2 2 2 2 2 2
left_child=1 2 -1 -4 -3 -2
right_child=5 4 3 -5 -6 -7
leaf_value=0.0039555719549255837 -0.028129283968351456 0.0089267380726165396 -0.0063475875030925832 9.2333657808428237e-05 0.012132229877533094 -0.019094646811197297
leaf_weight=16.579092333093293 0.075392784841823324 4.2861221991479388 4.6462816600687784 3.448306392878294 2.0794734936207533 5.1205187123268843
leaf_count=26 14 10 32 18 32 78
internal_value=0 0.0321835 0.0147548 -0.0360417 0.0997389 -0.192257
internal_weight=0 31.0393 24.6737 8.09459 6.3656 5.19591
internal_count=210 118 76 50 42 92
shrinkage=0.1


Tree=33
num_leaves=7
num_cat=0
split_feature=0 0 0 0 0 0
split_gain=0.0831621 0.121874 0.0149135 0.02587 0.0076055 6.7886e-05
threshold=0.35000000000000003 0.75000000000000011 0.25000000000000006 1.0000000180025095e-35 0.15000000000000005 0.45000000000000007
decision_type=2 2 2 2 2 2
left_child=2 5 3 -1 -5 -2
right_child=1 -3 -4 4 -6 -7
leaf_value=0.0039391174702865447 -0.023866303991344609 0.00086575623003573013 0.0084186074163769831 -0.0056298173943108943 0.00058793860712339082 -0.02720944862529014
leaf_weight=16.559661163948483 3.1821192442439483 5.0960945670958608 3.7896359004080287 4.6065960819832963 3.4335639337077737 0.061921253101900102
leaf_count=26 32 78 10 32 18 14
internal_value=0 -0.0877903 0.0257907 0.0167948 -0.0297451 -0.239301
internal_weight=0 8.34014 28.3895 24.5998 8.04016 3.24404
internal_count=210 124 86 76 50 46
shrinkage=0.1


Tree=34
num_leaves=7
num_cat=0
split_feature=0 0 0 0 0 0
split_gain=0.248065 0.0460144 0.0284048 0.00915349 0.00768149 0.000278933
threshold=0.45000000000000007 0.25000000000000006 1.0000000180025095e-35 0.35000000000000003 0.15000000000000005 0.75000000000000011
decision_type=2 2 2 2 2 2
left_child=1 2 -1 -3 -4 -2
right_child=5 3 4 -5 -6 -7
leaf_value=0.0038168871131199706 -0.026261511097638968 0.0082989677027280485 -0.006071096676653581 0.016341166275031137 0.00016543549481239396 -0.02001283503899335
leaf_weight=16.575187317095704 0.072436186310368508 4.231901988387107 4.6375156594440323 2.1263842503540218 3.4399013170041144 5.1789548196829855
leaf_count=26 14 10 32 32 18 78
internal_value=0 0.0340358 0.0144731 0.109885 -0.0341517 -0.20099
internal_weight=0 31.0109 24.6526 6.35829 8.07742 5.25139
internal_count=210 118 76 42 50 92
shrinkage=0.1


Tree=35
num_leaves=7
num_cat=0
split_feature=0 0 0 0 0 0
split_gain=0.080443 0.0546759 0.0140298 0.0247856 0.00715223 7.23195e-05
threshold=0.35000000000000003 0.75000000000000011 0.25000000000000006 1.0000000180025095e-35 0.15000000000000005 0.45000000000000007
decision_type=2 2 2 2 2 2
left_child=2 5 3 -1 -5 -2
right_child=1 -3 -4 4 -6 -7
leaf_value=0.0037647434913344047 -0.019492175364083292 -0.0023403632765692187 0.0079203460753552776 -0.0055501701194489092 0.0004695049221723375 -0.022792736255886997
leaf_weight=16.568222390487797 2.9462015051394697 4.7403280315920711 4.0221309065818778 4.6437442190945131 3.4328552964143455 0.067916921281721332
leaf_count=26 32 78 10 32 18 14
internal_value=0 -0.090361 0.0244428 0.0155056 -0.0299158 -0.195665
internal_weight=0 7.75445 28.667 24.6448 8.0766 3.01412
internal_count=210 124 86 76 50 46
shrinkage=0.1


Tree=36
num_leaves=7
num_cat=0
split_feature=0 0 0 0 0 0
split_gain=0.526426 0.288467 0.0089328 0.0243914 0.00759615 2.72872e-05
threshold=0.45000000000000007 0.35000000000000003 0.25000000000000006 1.0000000180025095e-35 0.15000000000000005 0.75000000000000011
decision_type=2 2 2 2 2 2
left_child=1 2 3 -1 -5 -2
right_child=5 -3 -4 4 -6 -7
leaf_value=0.0037567855686575303 -0.025664417785603813 0.037420184250546343 0.0067122320420041157 -0.00564951388981448 0.00058692063244935168 -0.027774033689498562
leaf_weight=16.552096672356139 0.061979468446223929 2.5444907308556131 3.9141450859606257 4.5551189873367539 3.4190642493776977 5.7014572760090232
leaf_count=26 14 32 10 32 18 78
internal_value=0 0.0516197 0.0227591 0.0156792 -0.0297554 -0.277513
internal_weight=0 30.9849 28.4404 24.5263 7.97418 5.76344
internal_count=210 118 86 76 50 92
shrinkage=0.1


Tree=37
num_leaves=7
num_cat=0
split_feature=0 0 0 0 0 0
split_gain=0.0755888 0.0134134 0.0250043 0.00809294 0.00723123 0.000245119
threshold=0.35000000000000003 0.25000000000000006 1.0000000180025095e-35 0.75000000000000011 0.15000000000000005 0.45000000000000007
decision_type=2 2 2 2 2 2
left_child=1 2 -1 5 -4 -2
right_child=3 -3 4 -5 -6 -7
leaf_value=0.0036152949993775042 -0.013189894398974679 0.0074688054816115096 -0.0057205880691395235 -0.0064777797430504288 0.00032395007560707213 -0.019003908707865461
leaf_weight=16.574219431728132 2.7420109151862557 4.2545857466757289 4.6751954238861781 4.396875511854887 3.4321311097592115 0.074484211858361862
leaf_count=26 32 10 32 78 18 14
internal_value=0 0.0228311 0.013892 -0.0915859 -0.0316171 -0.133437
internal_weight=0 28.9361 24.6815 7.21337 8.10733 2.8165
internal_count=210 86 76 124 50 46
shrinkage=0.1


Tree=38
num_leaves=7
num_cat=0
split_feature=0 0 0 0 0 0
split_gain=0.0725103 0.0126073 0.0238082 0.00968428 0.00686151 0.000192732
threshold=0.35000000000000003 0.25000000000000006 1.0000000180025095e-35 0.75000000000000011 0.15000000000000005 0.45000000000000007
decision_type=2 2 2 2 2 2
left_child=1 2 -1 5 -4 -2
right_child=3 -3 4 -5 -6 -7
leaf_value=0.0035473677967409038 -0.013392883497360251 0.0072823658521675759 -0.005559509554878086 -0.0060272785643381037 0.00033037963843524418 -0.018580103704875686
leaf_weight=16.574367840774364 2.7489704163745041 4.2333307042717925 4.6735168932937068 4.4118434281554073 3.4291968178004026 0.073544576531275982
leaf_count=26 32 10 32 78 18 14
internal_value=0 0.0224053 0.013756 -0.0895373 -0.0306682 -0.13528
internal_weight=0 28.9104 24.6771 7.23436 8.10271 2.82251
internal_count=210 86 76 124 50 46
shrinkage=0.1


Tree=39
num_leaves=7
num_cat=0
split_feature=0 0 0 0 0 0
split_gain=0.0696158 0.0121077 0.0118461 0.022658 0.0065071 0.000141405
threshold=0.35000000000000003 0.75000000000000011 0.25000000000000006 1.0000000180025095e-35 0.15000000000000005 0.45000000000000007
decision_type=2 2 2 2 2 2
left_child=2 5 3 -1 -5 -2
right_child=1 -3 -4 4 -6 -7
leaf_value=0.0034832028510170805 -0.013740998975984124 -0.005485989577016597 0.0071057810263554016 -0.00539844072677586 0.00033932069870720315 -0.018215896061150483
leaf_weight=16.574294514954097 2.7604743984993543 4.4335535226855427 4.2074575237929812 4.6712175491265935 3.4262844338081777 0.072469181090127552
leaf_count=26 32 78 10 32 18 14
internal_value=0 -0.0874895 0.0220138 0.01365 -0.0297063 -0.138555
internal_weight=0 7.2665 28.8793 24.6718 8.0975 2.83294
internal_count=210 124 86 76 50 46
shrinkage=0.1


Tree=40
num_leaves=7
num_cat=0
split_feature=0 0 0 0 0 0
split_gain=0.0668657 0.0161078 0.0111221 0.0215336 0.00616333 9.08266e-05
threshold=0.35000000000000003 0.75000000000000011 0.25000000000000006 1.0000000180025095e-35 0.15000000000000005 0.45000000000000007
decision_type=2 2 2 2 2 2
left_child=2 5 3 -1 -5 -2
right_child=1 -3 -4 4 -6 -7
leaf_value=0.0034228926403640902 -0.014319735987175447 -0.004788972721929706 0.0069404077154477219 -0.0052340217814070876 0.00035236634552671543 -0.017938153222672917
leaf_weight=16.573892714455731 2.7796602926682676 4.4666890767402947 4.1734950207173815 4.667835849337278 3.4233288899995387 0.071146203787065931
leaf_count=26 32 78 10 32 18 14
internal_value=0 -0.0853722 0.0216624 0.0135841 -0.0287045 -0.1441
internal_weight=0 7.3175 28.8386 24.6651 8.09116 2.85081
internal_count=210 124 86 76 50 46
shrinkage=0.1


Tree=41
num_leaves=7
num_cat=0
split_feature=0 0 0 0 0 0
split_gain=0.0641835 0.0236465 0.0104146 0.0204004 0.00582308 4.20415e-05
threshold=0.35000000000000003 0.75000000000000011 0.25000000000000006 1.0000000180025095e-35 0.15000000000000005 0.45000000000000007
decision_type=2 2 2 2 2 2
left_child=2 5 3 -1 -5 -2
right_child=1 -3 -4 4 -6 -7
leaf_value=0.0033672961108245757 -0.015319411912071507 -0.003790467539864434 0.0067881863967514493 -0.0050594496311974733 0.00037336193167071866 -0.017812246902457526
leaf_weight=16.572894206270583 2.8139701189938928 4.5222015676554292 4.1233606636524192 4.6622706186026317 3.4201814499683678 0.069320267939474323
leaf_count=26 32 78 10 32 18 14
internal_value=0 -0.0830254 0.0213646 0.013585 -0.0276049 -0.153793
internal_weight=0 7.40549 28.7787 24.6553 8.08245 2.88329
internal_count=210 124 86 76 50 46
shrinkage=0.1


Tree=42
num_leaves=7
num_cat=0
split_feature=0 0 0 0 0 0
split_gain=0.0613251 0.0415153 0.00967552 0.0191889 0.00547458 4.21533e-06
threshold=0.35000000000000003 0.75000000000000011 0.25000000000000006 1.0000000180025095e-35 0.15000000000000005 0.45000000000000007
decision_type=2 2 2 2 2 2
left_child=2 5 3 -1 -5 -2
right_child=1 -3 -4 4 -6 -7
leaf_value=0.0033196845320902467 -0.017243441469494761 -0.0020898834684844173 0.0066564775088691691 -0.0048599148348478678 0.00041221006418526554 -0.01805029396204768
leaf_weight=16.57046437449754 2.8866307183634485 4.6341304094530642 4.032469540834426 4.6509539689868671 3.4163987496867776 0.066236227110493817
leaf_count=26 32 78 10 32 18 14
internal_value=0 -0.0799471 0.0211563 0.0137243 -0.0262725 -0.172615
internal_weight=0 7.587 28.6703 24.6378 8.06735 2.95287
internal_count=210 124 86 76 50 46
shrinkage=0.1


Tree=43
num_leaves=7
num_cat=0
split_feature=0 0 0 0 0 0
split_gain=0.0568182 0.110992 0.00855464 0.0175072 0.00506545 2.27408e-05
threshold=0.35000000000000003 0.75000000000000011 0.25000000000000006 1.0000000180025095e-35 0.15000000000000005 0.45000000000000007
decision_type=2 2 2 2 2 2
left_child=2 5 3 -1 -5 -2
right_child=1 -3 -4 4 -6 -7
leaf_value=0.0032966386367973425 -0.021949951777711991 0.0019625303847280724 0.0065579098948952627 -0.0045562051543706029 0.00052734941599558247 -0.019951825559683931
leaf_weight=16.561663951724775 3.1312895880546407 4.9984057310502976 3.7655202969908705 4.6113038170151395 3.4093124098144472 0.05801385425729666
leaf_count=26 32 78 10 32 18 14
internal_value=0 -0.0733778 0.0211937 0.0143948 -0.0239535 -0.219136
internal_weight=0 8.18771 28.3478 24.5823 8.02062 3.1893
internal_count=210 124 86 76 50 46
shrinkage=0.1


Tree=44
num_leaves=7
num_cat=0
split_feature=0 0 0 0 0 0
split_gain=0.23138 0.0698761 0.0098474 0.0196415 0.00528037 1.34463e-06
threshold=0.45000000000000007 0.35000000000000003 0.25000000000000006 1.0000000180025095e-35 0.15000000000000005 0.75000000000000011
decision_type=2 2 2 2 2 2
left_child=1 2 3 -1 -5 -2
right_child=5 -3 -4 4 -6 -7
leaf_value=0.003210424068552974 -0.01989088518393695 0.020811813273689767 0.0065040552886638835 -0.0050097824575557936 0.0001730157920568023 -0.019439096270568373
leaf_weight=16.573611550964426 0.066727296623866006 2.1205775593407443 4.1573131419718257 4.6334896227344853 3.4143298915587366 5.1664681830443442
leaf_count=26 14 32 10 32 18 78
internal_value=0 0.0329324 0.0200237 0.0124226 -0.0281095 -0.194449
internal_weight=0 30.8993 28.7787 24.6214 8.04782 5.2332
internal_count=210 118 86 76 50 92
shrinkage=0.1


Tree=45
num_leaves=7
num_cat=0
split_feature=0 0 0 0 0 0
split_gain=0.0556463 0.0386249 0.00831346 0.0172751 0.00490089 4.83771e-07
threshold=0.35000000000000003 0.75000000000000011 0.25000000000000006 1.0000000180025095e-35 0.15000000000000005 0.45000000000000007
decision_type=2 2 2 2 2 2
left_child=2 5 3 -1 -5 -2
right_child=1 -3 -4 4 -6 -7
leaf_value=0.0031700619545102227 -0.016605128492427991 -0.0019269029447888293 0.0062228298000984623 -0.0045844990798176236 0.00040596162989869769 -0.016329985215484212
leaf_weight=16.57021743059159 2.8731156892608847 4.6078055964317173 4.0287357345223418 4.6523580923676473 3.4103799425065517 0.065356766106560715
leaf_count=26 32 78 10 32 18 14
internal_value=0 -0.0764013 0.0201155 0.013228 -0.0247363 -0.16599
internal_weight=0 7.54628 28.6617 24.633 8.06274 2.93847
internal_count=210 124 86 76 50 46
shrinkage=0.1


Tree=46
num_leaves=7
num_cat=0
split_feature=0 0 0 0 0 0
split_gain=0.0521171 0.0976582 0.00743193 0.01587 0.00455311 5.3431e-05
threshold=0.35000000000000003 0.75000000000000011 0.25000000000000006 1.0000000180025095e-35 0.15000000000000005 0.45000000000000007
decision_type=2 2 2 2 2 2
left_child=2 5 3 -1 -5 -2
right_child=1 -3 -4 4 -6 -7
leaf_value=0.003147600976443253 -0.020928522381857068 0.0016974303817577322 0.0061322528412548699 -0.004316431217986921 0.00050363317654137133 -0.017871222471964581
leaf_weight=16.562840931117542 3.08267467888072 4.921074309386313 3.7981621362268916 4.6185034285299462 3.4042886020615697 0.058243367675458894
leaf_count=26 32 78 10 32 18 14
internal_value=0 -0.0709546 0.0201536 0.0137935 -0.0227115 -0.208718
internal_weight=0 8.06199 28.3838 24.5856 8.02279 3.14092
internal_count=210 124 86 76 50 46
shrinkage=0.1


Tree=47
num_leaves=7
num_cat=0
split_feature=0 0 0 0 0 0
split_gain=0.246486 0.0943323 0.00812054 0.0177085 0.00482323 1.66053e-05
threshold=0.45000000000000007 0.35000000000000003 0.25000000000000006 1.0000000180025095e-35 0.15000000000000005 0.75000000000000011
decision_type=2 2 2 2 2 2
left_child=1 2 3 -1 -5 -2
right_child=5 -3 -4 4 -6 -7
leaf_value=0.0030794473512050459 -0.018400184425103046 0.023618044476294456 0.0060091474378618434 -0.0047442126541113903 0.00021374078787949886 -0.020010820274835254
leaf_weight=16.571020870469521 0.064807743794516592 2.1495007711928329 4.1185419596731654 4.6265289941802603 3.407159882131964 5.2037854876834899
leaf_count=26 14 32 10 32 18 78
internal_value=0 0.0341157 0.0189942 0.012115 -0.026415 -0.19991
internal_weight=0 30.8728 28.7233 24.6047 8.03369 5.26859
internal_count=210 118 86 76 50 92
shrinkage=0.1


Tree=48
num_leaves=7
num_cat=0
split_feature=0 0 0 0 0 0
split_gain=0.050891 0.0277952 0.00726616 0.0158419 0.00446953 1.72242e-06
threshold=0.35000000000000003 0.75000000000000011 0.25000000000000006 1.0000000180025095e-35 0.15000000000000005 0.45000000000000007
decision_type=2 2 2 2 2 2
left_child=2 5 3 -1 -5 -2
right_child=1 -3 -4 4 -6 -7
leaf_value=0.003031469884042421 -0.015051680130392764 -0.0024913339376665036 0.0058259378960396312 -0.0043854157955003047 0.00038090636657557315 -0.014534362029698503
leaf_weight=16.571086825802929 2.8261948649305846 4.5300135540310293 4.0647603906691065 4.6588472560979408 3.4055668199434876 0.065861187234986462
leaf_count=26 32 78 10 32 18 14
internal_value=0 -0.0738096 0.0190876 0.0126245 -0.0237262 -0.150399
internal_weight=0 7.42207 28.7003 24.6355 8.06441 2.89206
internal_count=210 124 86 76 50 46
shrinkage=0.1


Tree=49
num_leaves=7
num_cat=0
split_feature=0 0 0 0 0 0
split_gain=0.0487092 0.05501 0.00670866 0.0148506 0.00419894 4.07079e-05
threshold=0.35000000000000003 0.75000000000000011 0.25000000000000006 1.0000000180025095e-35 0.15000000000000005 0.45000000000000007
decision_type=2 2 2 2 2 2
left_child=2 5 3 -1 -5 -2
right_child=1 -3 -4 4 -6 -7
leaf_value=0.0029999562446695227 -0.017713585243236084 -0.00030809621315580285 0.0057317148851880545 -0.0041927561848041873 0.00043203219962202198 -0.015123033408622373
leaf_weight=16.567561767995365 2.9311626045964654 4.6897339771967381 3.9421412609517565 4.6422406230121833 3.4017109638080001 0.061940654879435786
leaf_count=26 32 78 10 32 18 14
internal_value=0 -0.0706809 0.0190179 0.0128833 -0.0223698 -0.1766
internal_weight=0 7.68284 28.5537 24.6115 8.04395 2.9931
internal_count=210 124 86 76 50 46
shrinkage=0.1


Tree=50
num_leaves=7
num_cat=0
split_feature=0 0 0 0 0 0
split_gain=0.464861 0.330988 0.00606131 0.0144869 0.00338501 0.000412102
threshold=0.45000000000000007 0.35000000000000003 1.0000000180025095e-35 0.15000000000000005 0.25000000000000006 0.75000000000000011
decision_type=2 2 2 2 2 2
left_child=1 2 -1 -4 -5 -2
right_child=5 -3 3 4 -6 -7
leaf_value=0.0030120055769010412 -0.017840673097345824 0.039863608066579556 -0.0043724020983233912 0.00051381692322358097 0.0048412288370479721 -0.0263751836269247
leaf_weight=16.554151213727899 0.05715309877996233 2.4812925667501977 4.5570184593088907 3.3910331903025508 3.8711269907653332 5.6232065362855792
leaf_count=26 14 32 32 18 10 78
internal_value=0 0.0483988 0.01777 0.000472338 0.0282056 -0.262893
internal_weight=0 30.8546 28.3733 11.8192 7.26216 5.68036
internal_count=210 118 86 60 28 92
shrinkage=0.1


Tree=51
num_leaves=7
num_cat=0
split_feature=0 0 0 0 0 0
split_gain=0.0461514 0.00710335 0.00665311 0.0154386 0.00438815 1.05243e-05
threshold=0.35000000000000003 0.75000000000000011 0.25000000000000006 1.0000000180025095e-35 0.15000000000000005 0.45000000000000007
decision_type=2 2 2 2 2 2
left_child=2 5 3 -1 -5 -2
right_child=1 -3 -4 4 -6 -7
leaf_value=0.0029022554892410291 -0.011114724802686963 -0.0046760485282043816 0.0054676881618749579 -0.0044177414111877741 0.00030262325876451412 -0.012364076626100869
leaf_weight=16.573486564680941 2.7176402742043133 4.3399778134189546 4.1844806149601927 4.6754637290723604 3.4026298969984055 0.0691409429127815
leaf_count=26 32 78 10 32 18 14
internal_value=0 -0.0720589 0.0178092 0.0115511 -0.0242944 -0.111457
internal_weight=0 7.12676 28.8361 24.6516 8.07809 2.78678
internal_count=210 124 86 76 50 46
shrinkage=0.1


Tree=52
num_leaves=7
num_cat=0
split_feature=0 0 0 0 0 0
split_gain=0.0447626 0.00863314 0.00630692 0.0148296 0.00419956 4.09861e-06
threshold=0.35000000000000003 0.75000000000000011 0.25000000000000006 1.0000000180025095e-35 0.15000000000000005 0.45000000000000007
decision_type=2 2 2 2 2 2
left_child=2 5 3 -1 -5 -2
right_child=1 -3 -4 4 -6 -7
leaf_value=0.0028611676038824176 -0.011401869336068758 -0.0042993566413485548 0.0053556999119306814 -0.0043104925425892487 0.00030846585979770228 -0.012185117320725351
leaf_weight=16.573400322347887 2.7255371592473234 4.3557209670543671 4.1666258014738551 4.6736766663379949 3.4006734522990882 0.068488222546875366
leaf_count=26 32 78 10 32 18 14
internal_value=0 -0.0708243 0.0175737 0.0114909 -0.0236513 -0.114211
internal_weight=0 7.14975 28.8144 24.6478 8.07435 2.79403
internal_count=210 124 86 76 50 46
shrinkage=0.1


Tree=53
num_leaves=7
num_cat=0
split_feature=0 0 0 0 0 0
split_gain=0.0434461 0.0109216 0.00597372 0.0142286 0.0040149 3.22309e-07
threshold=0.35000000000000003 0.75000000000000011 0.25000000000000006 1.0000000180025095e-35 0.15000000000000005 0.45000000000000007
decision_type=2 2 2 2 2 2
left_child=2 5 3 -1 -5 -2
right_child=1 -3 -4 4 -6 -7
leaf_value=0.0028220080803429432 -0.011823263566449608 -0.0038360526488151561 0.0052486911191835309 -0.004200789645178925 0.00031672000609977172 -0.012044141738543207
leaf_weight=16.573151149787016 2.7375654890201981 4.3777001828420907 4.1443750448524943 4.6712954672984761 3.3986972696147859 0.067698033642955013
leaf_count=26 32 78 10 32 18 14
internal_value=0 -0.0695749 0.0173601 0.0114526 -0.0229823 -0.118286
internal_weight=0 7.18296 28.7875 24.6431 8.06999 2.80526
internal_count=210 124 86 76 50 46
shrinkage=0.1


Tree=54
num_leaves=7
num_cat=0
split_feature=0 0 0 0 0 0
split_gain=0.0421876 0.0146334 0.00564975 0.0136267 0.00383117 1.60917e-06
threshold=0.35000000000000003 0.75000000000000011 0.25000000000000006 1.0000000180025095e-35 0.15000000000000005 0.45000000000000007
decision_type=2 2 2 2 2 2
left_child=2 5 3 -1 -5 -2
right_child=1 -3 -4 4 -6 -7
leaf_value=0.0027850888615079741 -0.012459705020900425 -0.0032276924078715741 0.0051475227213476559 -0.0040861112587603646 0.00032826818175843984 -0.011962524110898022
leaf_weight=16.572646158747382 2.7565522233489896 4.4101379227358848 4.1146381031721821 4.6678982719313336 3.396652047522366 0.066673217836068832
leaf_count=26 32 78 10 32 18 14
internal_value=0 -0.0682642 0.0171738 0.0114452 -0.0222685 -0.12448
internal_weight=0 7.23336 28.7518 24.6372 8.06455 2.82323
internal_count=210 124 86 76 50 46
shrinkage=0.1


Tree=55
num_leaves=7
num_cat=0
split_feature=0 0 0 0 0 0
split_gain=0.0409581 0.0214533 0.00532561 0.0130054 0.00364509 1.42419e-05
threshold=0.35000000000000003 0.75000000000000011 0.25000000000000006 1.0000000180025095e-35 0.15000000000000005 0.45000000000000007
decision_type=2 2 2 2 2 2
left_child=2 5 3 -1 -5 -2
right_child=1 -3 -4 4 -6 -7
leaf_value=0.0027512547353012082 -0.013483713536172571 -0.0023483224603112088 0.0050535773222085316 -0.0039615497357131093 0.00034615797073380208 -0.011988539138699827
leaf_weight=16.571666309610016 2.7889859257265921 4.462650669971481 4.0704133361577979 4.6625011302530748 3.3944237749092281 0.065195847651921102
leaf_count=26 32 78 10 32 18 14
internal_value=0 -0.0667874 0.0170275 0.0114896 -0.0214669 -0.134496
internal_weight=0 7.31683 28.699 24.6286 8.05692 2.85418
internal_count=210 124 86 76 50 46
shrinkage=0.1


Tree=56
num_leaves=7
num_cat=0
split_feature=0 0 0 0 0 0
split_gain=0.0396605 0.036936 0.00497698 0.0123198 0.00344942 5.76055e-05
threshold=0.35000000000000003 0.75000000000000011 0.25000000000000006 1.0000000180025095e-35 0.15000000000000005 0.45000000000000007
decision_type=2 2 2 2 2 2
left_child=2 5 3 -1 -5 -2
right_child=1 -3 -4 4 -6 -7
leaf_value=0.0027229622064617303 -0.015338353127678532 -0.00086523984002718568 0.0049709000970656319 -0.0038150391765144308 0.0003784132596995336 -0.012272984563342483
leaf_weight=16.569560158066459 2.8541059764102097 4.5636139342095703 3.9914250373840323 4.6520677036605758 3.3916785162873566 0.06265115167479951
leaf_count=26 32 78 10 32 18 14
internal_value=0 -0.0648294 0.0169535 0.0116416 -0.0204685 -0.152725
internal_weight=0 7.48037 28.6047 24.6133 8.04375 2.91676
internal_count=210 124 86 76 50 46
shrinkage=0.1


Tree=57
num_leaves=7
num_cat=0
split_feature=0 0 0 0 0 0
split_gain=0.0377192 0.0914301 0.00445322 0.0113684 0.00321833 0.000197283
threshold=0.35000000000000003 0.75000000000000011 0.25000000000000006 1.0000000180025095e-35 0.15000000000000005 0.45000000000000007
decision_type=2 2 2 2 2 2
left_child=2 5 3 -1 -5 -2
right_child=1 -3 -4 4 -6 -7
leaf_value=0.0027119691798145286 -0.019592614913112923 0.0024873491471971887 0.0049035847097789924 -0.0035939021165235629 0.00046428409635980249 -0.013614381765333167
leaf_weight=16.562990880571313 3.0486967656761403 4.8558794900309294 3.7793973460793486 4.6200999957509321 3.3866630140691996 0.056218559388071195
leaf_count=26 32 78 10 32 18 14
internal_value=0 -0.0608219 0.0170796 0.0121639 -0.0187739 -0.194844
internal_weight=0 7.96079 28.3492 24.5698 8.00676 3.10492
internal_count=210 124 86 76 50 46
shrinkage=0.1


Tree=58
num_leaves=7
num_cat=0
split_feature=0 0 0 0 0 0
split_gain=0.239886 0.128781 0.00486586 0.0129031 0.0035108 0.000167369
threshold=0.45000000000000007 0.35000000000000003 0.25000000000000006 1.0000000180025095e-35 0.15000000000000005 0.75000000000000011
decision_type=2 2 2 2 2 2
left_child=1 2 3 -1 -5 -2
right_child=5 -3 -4 4 -6 -7
leaf_value=0.0026638922569248297 -0.014542976607760896 0.026976649190045124 0.0048062494625107132 -0.0040176009917734278 0.00022016769792478161 -0.019787150104513287
leaf_weight=16.568927279673527 0.06157864653505285 2.150041250512003 4.063939541578292 4.6206004538107646 3.3886292427778244 5.2032700788695365
leaf_count=26 14 32 10 32 18 78
internal_value=0 0.0337272 0.0160088 0.0107088 -0.0222464 -0.197258
internal_weight=0 30.7921 28.6421 24.5782 8.00923 5.26485
internal_count=210 118 86 76 50 92
shrinkage=0.1


Tree=59
num_leaves=7
num_cat=0
split_feature=0 0 0 0 0 0
split_gain=0.036849 0.0222185 0.00446639 0.0115854 0.00322783 3.71376e-05
threshold=0.35000000000000003 0.75000000000000011 0.25000000000000006 1.0000000180025095e-35 0.15000000000000005 0.45000000000000007
decision_type=2 2 2 2 2 2
left_child=2 5 3 -1 -5 -2
right_child=1 -3 -4 4 -6 -7
leaf_value=0.0026216007157473932 -0.013281587763846784 -0.0019269783280787636 0.0046923176895615031 -0.0037099188859042141 0.00034595657048863395 -0.010848773251783262
leaf_weight=16.570849018171437 2.7893983907997604 4.4592412933707237 4.0525237079709759 4.6613699570298177 3.3886275002732873 0.064191474491963052
leaf_count=26 32 78 10 32 18 14
internal_value=0 -0.0633638 0.0161603 0.0110968 -0.0200261 -0.132269
internal_weight=0 7.31283 28.6734 24.6208 8.05 2.85359
internal_count=210 124 86 76 50 46
shrinkage=0.1


Tree=60
num_leaves=7
num_cat=0
split_feature=0 0 0 0 0 0
split_gain=0.0357558 0.0391924 0.00416843 0.0109717 0.003055 0.000100885
threshold=0.35000000000000003 0.75000000000000011 0.25000000000000006 1.0000000180025095e-35 0.15000000000000005 0.45000000000000007
decision_type=2 2 2 2 2 2
left_child=2 5 3 -1 -5 -2
right_child=1 -3 -4 4 -6 -7
leaf_value=0.0025976755686932225 -0.015282138085514919 -0.00036534089343188058 0.0046195802047798579 -0.0035689112083602788 0.00037980668394325869 -0.011189366539069323
leaf_weight=16.568589143455036 2.8599301299545909 4.5682466975413263 3.9685436971485606 4.6500321568455529 3.3859606459736824 0.061522787931607925
leaf_count=26 32 78 10 32 18 14
internal_value=0 -0.0615021 0.0161212 0.0112704 -0.0190512 -0.151959
internal_weight=0 7.4897 28.5731 24.6046 8.03599 2.92145
internal_count=210 124 86 76 50 46
shrinkage=0.1


Tree=61
num_leaves=7
num_cat=0
split_feature=0 0 0 0 0 0
split_gain=0.0339802 0.102821 0.00370101 0.0100364 0.00284262 0.000279654
threshold=0.35000000000000003 0.75000000000000011 1.0000000180025095e-35 0.25000000000000006 0.15000000000000005 0.45000000000000007
decision_type=2 2 2 2 2 2
left_child=2 5 -1 4 -4 -2
right_child=1 -3 3 -5 -6 -7
leaf_value=0.0025935989209054542 -0.01999208283441262 0.0033090023603119484 -0.003341320455608371 0.0045568817814008898 0.00047593887956048193 -0.012753157850832557
leaf_weight=16.561059719882909 3.084954739315434 4.9058864943217486 4.612476332113145 3.7270360216498375 3.3806132776662707 0.054306520440149934
leaf_count=26 32 78 32 10 18 14
internal_value=0 -0.0573435 0.0163125 0.00271402 -0.0172684 -0.198669
internal_weight=0 8.04515 28.2812 11.7201 7.99309 3.13926
internal_count=210 124 86 60 50 46
shrinkage=0.1


Tree=62
num_leaves=7
num_cat=0
split_feature=0 0 0 0 0 0
split_gain=0.213089 0.112653 0.0044147 0.0117041 0.00310355 0.000179792
threshold=0.45000000000000007 0.35000000000000003 0.25000000000000006 1.0000000180025095e-35 0.15000000000000005 0.75000000000000011
decision_type=2 2 2 2 2 2
left_child=1 2 3 -1 -5 -2
right_child=5 -3 -4 4 -6 -7
leaf_value=0.0025370542962262544 -0.013329592208588573 0.025474113636861185 0.0045725674429205644 -0.0038016152154261096 0.00018299183255493295 -0.018768526708012274
leaf_weight=16.570112524554144 0.061503525532315417 2.1086690647061905 4.0777564309537402 4.627075848868115 3.3845626288093626 5.1474831998348236
leaf_count=26 14 32 10 32 18 78
internal_value=0 0.031666 0.0152529 0.0101979 -0.021183 -0.187043
internal_weight=0 30.7682 28.6595 24.5818 8.01164 5.20899
internal_count=210 118 86 76 50 92
shrinkage=0.1


Tree=63
num_leaves=7
num_cat=0
split_feature=0 0 0 0 0 0
split_gain=0.0333835 0.0284986 0.00373047 0.0102706 0.00284432 8.87234e-05
threshold=0.35000000000000003 0.75000000000000011 0.25000000000000006 1.0000000180025095e-35 0.15000000000000005 0.45000000000000007
decision_type=2 2 2 2 2 2
left_child=2 5 3 -1 -5 -2
right_child=1 -3 -4 4 -6 -7
leaf_value=0.0025080392210539131 -0.013855440544013255 -0.0010266112970538745 0.0043747903122479982 -0.0034511295704385964 0.00035889284058343297 -0.010044633630989466
leaf_weight=16.569298736751087 2.8143942414317276 4.4949587800074369 4.0083742327988139 4.6563952437136304 3.3829237506724894 0.062450500321574398
leaf_count=26 32 78 10 32 18 14
internal_value=0 -0.0600078 0.0154581 0.0108502 -0.0184788 -0.137727
internal_weight=0 7.3718 28.617 24.6086 8.03932 2.87684
internal_count=210 124 86 76 50 46
shrinkage=0.1


Tree=64
num_leaves=7
num_cat=0
split_feature=0 0 0 0 0 0
split_gain=0.0323103 0.0585214 0.0035126 0.00955521 0.00267828 0.000212709
threshold=0.35000000000000003 0.75000000000000011 1.0000000180025095e-35 0.25000000000000006 0.15000000000000005 0.45000000000000007
decision_type=2 2 2 2 2 2
left_child=2 5 -1 4 -4 -2
right_child=1 -3 3 -5 -6 -7
leaf_value=0.002492742144361744 -0.016815113434720221 0.0012264286332905642 -0.0032911405848731951 0.0043148531268786539 0.00041016028167060217 -0.01072289984948668
leaf_weight=16.565591731108729 2.9291243981570001 4.669469163287431 4.6378039179835451 3.8789989128708831 3.3796545739751309 0.058454254874959477
leaf_count=26 32 78 32 10 18 14
internal_value=0 -0.057664 0.0155131 0.00240395 -0.0173091 -0.166959
internal_weight=0 7.65705 28.462 11.8965 8.01746 2.98758
internal_count=210 124 86 60 50 46
shrinkage=0.1


Tree=65
num_leaves=7
num_cat=0
split_feature=0 0 0 0 0 0
split_gain=0.391889 0.321804 0.00443147 0.00920124 0.00194023 0.000721401
threshold=0.45000000000000007 0.35000000000000003 1.0000000180025095e-35 0.15000000000000005 0.25000000000000006 0.75000000000000011
decision_type=2 2 2 2 2 2
left_child=1 2 -1 -4 -5 -2
right_child=5 -3 3 4 -6 -7
leaf_value=0.0025057665924029756 -0.013076994887704155 0.039670205027366678 -0.0035448186555257382 0.00043208031068329538 0.0037124190747046121 -0.024535924393346231
leaf_weight=16.556278769858189 0.055493489024228342 2.3884095079265526 4.5673531552311015 3.3723455034196377 3.8748367205262184 5.508694033138454
leaf_count=26 14 32 32 18 10 78
internal_value=0 0.0441775 0.0145001 -0.000294804 0.0218597 -0.244216
internal_weight=0 30.7592 28.3708 11.8145 7.24718 5.56419
internal_count=210 118 86 60 28 92
shrinkage=0.1


Tree=66
num_leaves=7
num_cat=0
split_feature=0 0 0 0 0 0
split_gain=0.0307265 0.00755842 0.00365571 0.0101318 0.00276597 1.43329e-05
threshold=0.35000000000000003 0.75000000000000011 1.0000000180025095e-35 0.15000000000000005 0.25000000000000006 0.45000000000000007
decision_type=2 2 2 2 2 2
left_child=2 5 -1 -4 -5 -2
right_child=1 -3 3 4 -6 -7
leaf_value=0.002420019782588797 -0.010009621707141536 -0.0032806475716724627 -0.0035176668384329039 0.00029223868532635909 0.0041495061101263272 -0.0085179865890016027
leaf_weight=16.571687193587426 2.7055170766543593 4.3115770190488547 4.6729981792159361 3.3813961497507989 4.1292003113776445 0.065989501075819024
leaf_count=26 32 78 32 18 10 14
internal_value=0 -0.058997 0.0145323 0.0013824 0.024129 -0.0997411
internal_weight=0 7.08308 28.7553 12.1836 7.5106 2.77151
internal_count=210 124 86 60 28 46
shrinkage=0.1


Tree=67
num_leaves=7
num_cat=0
split_feature=0 0 0 0 0 0
split_gain=0.0300303 0.00947745 0.00355658 0.0097064 0.00264743 2.44057e-05
threshold=0.35000000000000003 0.75000000000000011 1.0000000180025095e-35 0.15000000000000005 0.25000000000000006 0.45000000000000007
decision_type=2 2 2 2 2 2
left_child=2 5 -1 -4 -5 -2
right_child=1 -3 3 4 -6 -7
leaf_value=0.0023932162572216521 -0.010418155259111481 -0.0028920761742993141 -0.0034362509693459404 0.00029903041947804333 0.0040770295936102064 -0.0084628823686458861
leaf_weight=16.571440026164058 2.7163005855400111 4.3313075851183385 4.6708290195092541 3.3799448364879936 4.1105897966772318 0.065374116966267937
leaf_count=26 32 78 32 18 10 14
internal_value=0 -0.0581733 0.0144012 0.00141395 0.0237229 -0.103722
internal_weight=0 7.11298 28.7328 12.1614 7.49053 2.78167
internal_count=210 124 86 60 28 46
shrinkage=0.1


Tree=68
num_leaves=7
num_cat=0
split_feature=0 0 0 0 0 0
split_gain=0.0293678 0.012469 0.00345593 0.0092769 0.0025307 4.11874e-05
threshold=0.35000000000000003 0.75000000000000011 1.0000000180025095e-35 0.15000000000000005 0.25000000000000006 0.45000000000000007
decision_type=2 2 2 2 2 2
left_child=2 5 -1 -4 -5 -2
right_child=1 -3 3 4 -6 -7
leaf_value=0.0023678243777573741 -0.011001281031335339 -0.0023876604678446647 -0.0033502504211090239 0.00030828771271877373 0.0040075078536877459 -0.0084460415276091643
leaf_weight=16.571005754172806 2.7325321040116246 4.3592817306052893 4.6678486261516792 3.3784343902952969 4.0860621780157089 0.064572110277367645
leaf_count=26 32 78 32 18 10 14
internal_value=0 -0.0573128 0.0142894 0.0014655 0.0233324 -0.109423
internal_weight=0 7.15639 28.7034 12.1323 7.4645 2.7971
internal_count=210 124 86 60 28 46
shrinkage=0.1


Tree=69
num_leaves=7
num_cat=0
split_feature=0 0 0 0 0 0
split_gain=0.0287342 0.0176403 0.00335215 0.00883501 0.00241345 7.11272e-05
threshold=0.35000000000000003 0.75000000000000011 1.0000000180025095e-35 0.15000000000000005 0.25000000000000006 0.45000000000000007
decision_type=2 2 2 2 2 2
left_child=2 5 -1 -4 -5 -2
right_child=1 -3 3 4 -6 -7
leaf_value=0.0023444605126271218 -0.011884076833761107 -0.001679768624146752 -0.0032568984366671688 0.00032220180535224511 0.0039422910678754159 -0.0084972774087974483
leaf_weight=16.570244805887345 2.7586594494059677 4.4021329469978809 4.6633803183212859 3.3767959319520742 4.0508367232978344 0.06343521358212445
leaf_count=26 32 78 32 18 10 14
internal_value=0 -0.0563627 0.0142065 0.00154613 0.022965 -0.118079
internal_weight=0 7.22423 28.6613 12.091 7.42763 2.82209
internal_count=210 124 86 60 28 46
shrinkage=0.1


Tree=70
num_leaves=7
num_cat=0
split_feature=0 0 0 0 0 0
split_gain=0.0281019 0.0281983 0.00324274 0.0083513 0.00228872 0.000131089
threshold=0.35000000000000003 0.75000000000000011 1.0000000180025095e-35 0.15000000000000005 0.25000000000000006 0.45000000000000007
decision_type=2 2 2 2 2 2
left_child=2 5 -1 -4 -5 -2
right_child=1 -3 3 4 -6 -7
leaf_value=0.0023245193996668133 -0.013359115618466352 -0.00055820459944029999 -0.0031482941124107351 0.00034513716814417114 0.0038826669880320666 -0.008695262160379363
leaf_weight=16.568782575428489 2.8062786448281254 4.4770590520929545 4.6555812554433924 3.374840494710952 3.9926181174814701 0.06158929009689007
leaf_count=26 32 78 32 18 10 14
internal_value=0 -0.0551728 0.0141733 0.0016715 0.0226222 -0.13259
internal_weight=0 7.34493 28.5918 12.023 7.36746 2.86787
internal_count=210 124 86 60 28 46
shrinkage=0.1


Tree=71
num_leaves=7
num_cat=0
split_feature=0 0 0 0 0 0
split_gain=0.0273384 0.0576712 0.00312581 0.0077349 0.00212756 0.000274891
threshold=0.35000000000000003 0.75000000000000011 1.0000000180025095e-35 0.15000000000000005 0.25000000000000006 0.45000000000000007
decision_type=2 2 2 2 2 2
left_child=2 5 -1 -4 -5 -2
right_child=1 -3 3 4 -6 -7
leaf_value=0.0023132890402565438 -0.01631945776752498 0.0016419911354748008 -0.0030010882241882221 0.00039437858129642205 0.0038313449049530695 -0.0093496113043525595
leaf_weight=16.565194019116465 2.9192246794700618 4.6489790340419859 4.6371593093499524 3.3718431151937693 3.8661957811564207 0.057705144776264095
leaf_count=26 32 78 32 18 10 14
internal_value=0 -0.0531689 0.0142565 0.00187448 0.0223023 -0.161844
internal_weight=0 7.62591 28.4404 11.8752 7.23804 2.97693
internal_count=210 124 86 60 28 46
shrinkage=0.1


Tree=72
num_leaves=7
num_cat=0
split_feature=0 0 0 0 0 0
split_gain=0.393246 0.349371 0.00398951 0.00750567 0.00142595 0.00088621
threshold=0.45000000000000007 0.35000000000000003 1.0000000180025095e-35 0.15000000000000005 0.25000000000000006 0.75000000000000011
decision_type=2 2 2 2 2 2
left_child=1 2 -1 -4 -5 -2
right_child=5 -3 3 4 -6 -7
leaf_value=0.0023328248399024196 -0.011741398245409705 0.041111380789098366 -0.0032496764604301991 0.00042872747258724029 0.0032469313410292155 -0.02457083251467674
leaf_weight=16.555345044005669 0.054372748214517645 2.39445472578518 4.5621087609324587 3.3644453892484307 3.8497606031596661 5.5162403529975563
leaf_count=26 14 32 32 18 10 78
internal_value=0 0.0443196 0.01332 -0.000749843 0.0193262 -0.244456
internal_weight=0 30.7261 28.3317 11.7763 7.21421 5.57061
internal_count=210 118 86 60 28 92
shrinkage=0.1


Tree=73
num_leaves=7
num_cat=0
split_feature=0 0 0 0 0 0
split_gain=0.0259278 0.00708159 0.00327852 0.00836883 0.0021665 2.82692e-05
threshold=0.35000000000000003 0.75000000000000011 1.0000000180025095e-35 0.15000000000000005 0.25000000000000006 0.45000000000000007
decision_type=2 2 2 2 2 2
left_child=2 5 -1 -4 -5 -2
right_child=1 -3 3 4 -6 -7
leaf_value=0.0022486377858177988 -0.0094336509311815364 -0.0028915125605674277 -0.0032344385924624347 0.00027983184905242176 0.0036980750628950116 -0.0073275838313937572
leaf_weight=16.571173360571269 2.6956215403042729 4.2916242368519306 4.6725571800488961 3.3737763552926481 4.1166382413357496 0.065277008834527694
leaf_count=26 32 78 32 18 10 14
internal_value=0 -0.0543311 0.0133351 0.000867081 0.0215846 -0.0938386
internal_weight=0 7.05252 28.7341 12.163 7.49041 2.7609
internal_count=210 124 86 60 28 46
shrinkage=0.1


Tree=74
num_leaves=7
num_cat=0
split_feature=0 0 0 0 0 0
split_gain=0.025407 0.00880672 0.00319411 0.00803308 0.00207746 4.05003e-05
threshold=0.35000000000000003 0.75000000000000011 1.0000000180025095e-35 0.15000000000000005 0.25000000000000006 0.45000000000000007
decision_type=2 2 2 2 2 2
left_child=2 5 -1 -4 -5 -2
right_child=1 -3 3 4 -6 -7
leaf_value=0.0022258346394184443 -0.0098233166387397958 -0.0025376771299543115 -0.0031624147841898976 0.0002859664108786619 0.00363669078581962 -0.0072921467599633104
leaf_weight=16.57093054428697 2.7056377236731346 4.3099900258239359 4.6705247862264496 3.3725074091926217 4.0996946655213833 0.064726641576271393
leaf_count=26 32 78 32 18 10 14
internal_value=0 -0.0536523 0.0132299 0.000908864 0.0212437 -0.0976418
internal_weight=0 7.08035 28.7137 12.1427 7.4722 2.77036
internal_count=210 124 86 60 28 46
shrinkage=0.1


Tree=75
num_leaves=7
num_cat=0
split_feature=0 0 0 0 0 0
split_gain=0.0249144 0.0114408 0.00310806 0.0076944 0.00198918 5.93124e-05
threshold=0.35000000000000003 0.75000000000000011 1.0000000180025095e-35 0.15000000000000005 0.25000000000000006 0.45000000000000007
decision_type=2 2 2 2 2 2
left_child=2 5 -1 -4 -5 -2
right_child=1 -3 3 4 -6 -7
leaf_value=0.0022041846740594464 -0.010367630550676956 -0.0020823449430017551 -0.0030864819739357553 0.00029447947204133326 0.0035775884318732967 -0.0072880975102149166
leaf_weight=16.570533495396379 2.720357866492122 4.3355041518807411 4.6677914888132346 3.3711868114769459 4.0776189398020506 0.064014255360234418
leaf_count=26 32 78 32 18 10 14
internal_value=0 -0.0529479 0.0131412 0.000968699 0.0209172 -0.102968
internal_weight=0 7.11988 28.6871 12.1166 7.44881 2.78437
internal_count=210 124 86 60 28 46
shrinkage=0.1


Tree=76
num_leaves=7
num_cat=0
split_feature=0 0 0 0 0 0
split_gain=0.0244499 0.0158432 0.00301901 0.0073449 0.00190073 9.04256e-05
threshold=0.35000000000000003 0.75000000000000011 1.0000000180025095e-35 0.15000000000000005 0.25000000000000006 0.45000000000000007
decision_type=2 2 2 2 2 2
left_child=2 5 -1 -4 -5 -2
right_child=1 -3 3 4 -6 -7
leaf_value=0.0021842020750060492 -0.011168391335509642 -0.0014553052385262951 -0.0030039713435681603 0.00030652630162400149 0.0035217469659222624 -0.0073371800857942584
leaf_weight=16.569868791848425 2.7433460296597327 4.3734869866166264 4.6638020705431682 3.3697642378974706 4.0465891379863024 0.06302070477977384
leaf_count=26 32 78 32 18 10 14
internal_value=0 -0.052182 0.0130771 0.00105467 0.0206085 -0.110824
internal_weight=0 7.17985 28.65 12.0802 7.41635 2.80637
internal_count=210 124 86 60 28 46
shrinkage=0.1


Tree=77
num_leaves=7
num_cat=0
split_feature=0 0 0 0 0 0
split_gain=0.0239998 0.024347 0.00292499 0.00696694 0.00180683 0.000147845
threshold=0.35000000000000003 0.75000000000000011 1.0000000180025095e-35 0.15000000000000005 0.25000000000000006 0.45000000000000007
decision_type=2 2 2 2 2 2
left_child=2 5 -1 -4 -5 -2
right_child=1 -3 3 4 -6 -7
leaf_value=0.002166907677780027 -0.012453975903361681 -0.00049522396616000068 -0.0029093862496175605 0.00032582580981527925 0.0034697967376584662 -0.0074956774714803782
leaf_weight=16.568665105849508 2.7832698391284789 4.436818583169952 4.6571933925151807 3.368099604267627 3.9973813239485025 0.061464797123335191
leaf_count=26 32 78 32 18 10 14
internal_value=0 -0.0512538 0.0130532 0.00117939 0.0203212 -0.123468
internal_weight=0 7.28155 28.5913 12.0227 7.36548 2.84473
internal_count=210 124 86 60 28 46
shrinkage=0.1


Tree=78
num_leaves=7
num_cat=0
split_feature=0 0 0 0 0 0
split_gain=0.0235072 0.0456017 0.00282285 0.00650876 0.0016922 0.000273623
threshold=0.35000000000000003 0.75000000000000011 1.0000000180025095e-35 0.15000000000000005 0.25000000000000006 0.45000000000000007
decision_type=2 2 2 2 2 2
left_child=2 5 -1 -4 -5 -2
right_child=1 -3 3 4 -6 -7
leaf_value=0.0021557691852431746 -0.01486437262314283 0.0012612743314794667 -0.0027871727619907128 0.00036333901181130515 0.0034238206197595468 -0.0079534934265612194
leaf_weight=16.566008307039741 2.8688753684982653 4.5681400189641863 4.6432306072674674 3.3657370144501328 3.9001358840614557 0.058458299667108686
leaf_count=26 32 78 32 18 10 14
internal_value=0 -0.0498265 0.0131158 0.00137272 0.0200613 -0.147264
internal_weight=0 7.49547 28.4751 11.9091 7.26587 2.92733
internal_count=210 124 86 60 28 46
shrinkage=0.1


Tree=79
num_leaves=7
num_cat=0
split_feature=0 0 0 0 0 0
split_gain=0.0224298 0.138993 0.00272688 0.00559018 0.00141495 0.000551775
threshold=0.35000000000000003 0.75000000000000011 1.0000000180025095e-35 0.15000000000000005 0.25000000000000006 0.45000000000000007
decision_type=2 2 2 2 2 2
left_child=2 5 -1 -4 -5 -2
right_child=1 -3 3 4 -6 -7
leaf_value=0.0021732963284055431 -0.020871090529677755 0.0057942991798479032 -0.002538990856591556 0.0004913263741175046 0.0033525887331147617 -0.010144293459245198
leaf_weight=16.555309974588457 3.199007106479256 5.0631918720901012 4.5850843244697881 3.3593792240135372 3.5597522985190153 0.048683427565265336
leaf_count=26 32 78 32 18 10 14
internal_value=0 -0.0456305 0.0135152 0.00168934 0.0196339 -0.207103
internal_weight=0 8.31088 28.0595 11.5042 6.91913 3.24769
internal_count=210 124 86 60 28 46
shrinkage=0.1


Tree=80
num_leaves=7
num_cat=0
split_feature=0 0 0 0 0 0
split_gain=0.1573 0.0925625 0.00288349 0.0077628 0.00197409 0.000254168
threshold=0.45000000000000007 0.35000000000000003 1.0000000180025095e-35 0.25000000000000006 0.15000000000000005 0.75000000000000011
decision_type=2 2 2 2 2 2
left_child=1 2 -1 4 -4 -2
right_child=5 -3 3 -5 -6 -7
leaf_value=0.0020986246150224291 -0.0098454649003068447 0.023387408299478316 -0.0030807555281446627 0.0036151263732418222 0.00010028460776433971 -0.016364074615442037
leaf_weight=16.57149635814131 0.060535604367031648 2.0204570940695694 4.6372255755122733 4.0842863209545603 3.3676345306448638 5.0263392517808825
leaf_count=26 14 32 32 10 18 78
internal_value=0 0.0270027 0.0124192 0.000675627 -0.017425 -0.162865
internal_weight=0 30.6811 28.6606 12.0891 8.00486 5.08687
internal_count=210 118 86 60 50 92
shrinkage=0.1


Tree=81
num_leaves=7
num_cat=0
split_feature=0 0 0 0 0 0
split_gain=0.022297 0.0546593 0.00266858 0.00590029 0.00150817 0.000351134
threshold=0.35000000000000003 0.75000000000000011 1.0000000180025095e-35 0.15000000000000005 0.25000000000000006 0.45000000000000007
decision_type=2 2 2 2 2 2
left_child=2 5 -1 -4 -5 -2
right_child=1 -3 3 4 -6 -7
leaf_value=0.0021045755645607614 -0.015585379138603472 0.0019799700389642478 -0.0026440306482427194 0.00037892409902466639 0.00327611322945377 -0.0076624835687529834
leaf_weight=16.564328962005678 2.901223717955872 4.6153221819549799 4.6371963552664948 3.3625779517460614 3.8586383126676083 0.057037429796764523
leaf_count=26 32 78 32 18 10 14
internal_value=0 -0.0482143 0.0128473 0.0013953 0.0192703 -0.154326
internal_weight=0 7.57358 28.4227 11.8584 7.22122 2.95826
internal_count=210 124 86 60 28 46
shrinkage=0.1


Tree=82
num_leaves=7
num_cat=0
split_feature=0 0 0 0 0 0
split_gain=0.422797 0.400935 0.0151497 0.00350559 0.00557694 0.000853195
threshold=0.75000000000000011 0.35000000000000003 0.45000000000000007 1.0000000180025095e-35 0.15000000000000005 0.25000000000000006
decision_type=2 2 2 2 2 2
left_child=1 3 -3 -1 -5 -6
right_child=-2 2 -4 4 5 -7
leaf_value=0.0021374390216885521 -0.025338146270319065 0.044166331211531573 -0.010202116145306949 -0.0028623891913468432 0.00045525902597162233 0.0026443869148643473
leaf_weight=16.55215798411519 5.5745465997606507 2.442064206115901 0.052350727230077498 4.5467368413228524 3.3540366468951106 3.7945103850215673
leaf_count=26 78 32 14 32 18 10
internal_value=0 0.0459467 0.430253 0.0120102 -0.00124274 0.0161727
internal_weight=0 30.7419 2.49441 28.2474 11.6953 7.14855
internal_count=210 132 46 86 60 28
shrinkage=0.1


Tree=83
num_leaves=7
num_cat=0
split_feature=0 0 0 0 0 0
split_gain=0.020965 0.00594796 0.00284499 0.00652871 0.00156746 4.69529e-05
threshold=0.35000000000000003 0.75000000000000011 1.0000000180025095e-35 0.15000000000000005 0.25000000000000006 0.45000000000000007
decision_type=2 2 2 2 2 2
left_child=2 5 -1 -4 -5 -2
right_child=1 -3 3 4 -6 -7
leaf_value=0.0020488572519819573 -0.0085986646230143248 -0.0025658329059681326 -0.0028980508200411341 0.00026725189841509311 0.0031784088225656759 -0.0058702872414080976
leaf_weight=16.570070598274473 2.6806129144970323 4.2613597468007356 4.6723967865109426 3.3646771146450192 4.1073253266513348 0.064594334049615898
leaf_count=26 32 78 32 18 10 14
internal_value=0 -0.0490437 0.0119671 0.000340183 0.018675 -0.0853447
internal_weight=0 7.00657 28.7145 12.1444 7.472 2.74521
internal_count=210 124 86 60 28 46
shrinkage=0.1


Tree=84
num_leaves=7
num_cat=0
split_feature=0 0 0 0 0 0
split_gain=0.0206007 0.00722477 0.00277768 0.00628554 0.00150651 5.90972e-05
threshold=0.35000000000000003 0.75000000000000011 1.0000000180025095e-35 0.15000000000000005 0.25000000000000006 0.45000000000000007
decision_type=2 2 2 2 2 2
left_child=2 5 -1 -4 -5 -2
right_child=1 -3 3 4 -6 -7
leaf_value=0.0020300685403530495 -0.0089198019314110123 -0.0022798640786998595 -0.0028381444472577962 0.00027208385538886874 0.0031284597357615603 -0.0058489308249773577
leaf_weight=16.569896240718666 2.688386735040694 4.2760895607061684 4.6707286613527668 3.3636266009416431 4.0937276966869831 0.064163385162828379
leaf_count=26 32 78 32 18 10 14
internal_value=0 -0.0485216 0.0118838 0.000384272 0.018401 -0.0884822
internal_weight=0 7.02864 28.698 12.1281 7.45735 2.75255
internal_count=210 124 86 60 28 46
shrinkage=0.1


Tree=85
num_leaves=7
num_cat=0
split_feature=0 0 0 0 0 0
split_gain=0.0202606 0.00906973 0.00270929 0.00604162 0.00144644 7.62784e-05
threshold=0.35000000000000003 0.75000000000000011 1.0000000180025095e-35 0.15000000000000005 0.25000000000000006 0.45000000000000007
decision_type=2 2 2 2 2 2
left_child=2 5 -1 -4 -5 -2
right_child=1 -3 3 4 -6 -7
leaf_value=0.0020121794545059574 -0.0093495930163781747 -0.0019245463188847203 -0.0027755247000249231 0.00027849903659234355 0.0030802341417685976 -0.0058464698254172588
leaf_weight=16.569619863294069 2.6993291212711479 4.2956679726485163 4.6685876101255399 3.3625462281052023 4.0766736771911383 0.063622116140322649
leaf_count=26 32 78 32 18 10 14
internal_value=0 -0.0479935 0.0118131 0.00044252 0.0181384 -0.0926893
internal_weight=0 7.05862 28.6774 12.1078 7.43922 2.76295
internal_count=210 124 86 60 28 46
shrinkage=0.1


Tree=86
num_leaves=7
num_cat=0
split_feature=0 0 0 0 0 0
split_gain=0.0199427 0.0119161 0.00263871 0.00579245 0.00138621 0.000101883
threshold=0.35000000000000003 0.75000000000000011 1.0000000180025095e-35 0.15000000000000005 0.25000000000000006 0.45000000000000007
decision_type=2 2 2 2 2 2
left_child=2 5 -1 -4 -5 -2
right_child=1 -3 3 4 -6 -7
leaf_value=0.0019953146191576854 -0.0099459378792279216 -0.0014600270076286215 -0.0027085674617120309 0.00028728791509469376 0.0030337798665238599 -0.0058751382143958312
leaf_weight=16.569183267652992 2.7153704841621216 4.3230015563312918 4.6656745832879079 3.361406491138041 4.0540516618639231 0.062905617625801713
leaf_count=26 32 78 32 18 10 14
internal_value=0 -0.0474396 0.0117584 0.000519403 0.017888 -0.0985377
internal_weight=0 7.10128 28.6503 12.0811 7.41546 2.77828
internal_count=210 124 86 60 28 46
shrinkage=0.1


Tree=87
num_leaves=7
num_cat=0
split_feature=0 0 0 0 0 0
split_gain=0.0196477 0.0167674 0.00256472 0.00553062 0.00132458 0.0001434
threshold=0.35000000000000003 0.75000000000000011 1.0000000180025095e-35 0.15000000000000005 0.25000000000000006 0.45000000000000007
decision_type=2 2 2 2 2 2
left_child=2 5 -1 -4 -5 -2
right_child=1 -3 3 4 -6 -7
leaf_value=0.0019800120531074769 -0.010825931978256499 -0.0008062078674242562 -0.0026344380640224729 0.00029976807008270641 0.002989707239632954 -0.0059579254514580465
leaf_weight=16.568461796268824 2.7405632403679188 4.3641275744885206 4.6613552370108646 3.3601491402368993 4.0215256828814745 0.061879231987404526
leaf_count=26 32 78 32 18 10 14
internal_value=0 -0.0468233 0.0117282 0.000623098 0.0176524 -0.107184
internal_weight=0 7.16657 28.6115 12.043 7.38167 2.80244
internal_count=210 124 86 60 28 46
shrinkage=0.1


Tree=88
num_leaves=7
num_cat=0
split_feature=0 0 0 0 0 0
split_gain=0.0193696 0.0264361 0.00248464 0.00523972 0.00125674 0.000219313
threshold=0.35000000000000003 0.75000000000000011 1.0000000180025095e-35 0.15000000000000005 0.25000000000000006 0.45000000000000007
decision_type=2 2 2 2 2 2
left_child=2 5 -1 -4 -5 -2
right_child=1 -3 3 4 -6 -7
leaf_value=0.0019674858747866539 -0.012256511577623469 0.00022273691576431016 -0.0025468607122250513 0.00032023630717828791 0.0029486952882803973 -0.0061565285255297201
leaf_weight=16.567139355465773 2.7851518741808827 4.4342997896019369 4.6539900305215252 3.3586178924888372 3.9682613182812929 0.060213963035493978
leaf_count=26 32 78 32 18 10 14
internal_value=0 -0.0460451 0.0117414 0.000770963 0.0174382 -0.121274
internal_weight=0 7.27967 28.548 11.9809 7.32688 2.84537
internal_count=210 124 86 60 28 46
shrinkage=0.1


Tree=89
num_leaves=7
num_cat=0
split_feature=0 0 0 0 0 0
split_gain=0.0190614 0.0521454 0.00239584 0.00486743 0.00116585 0.000386112
threshold=0.35000000000000003 0.75000000000000011 1.0000000180025095e-35 0.15000000000000005 0.25000000000000006 0.45000000000000007
decision_type=2 2 2 2 2 2
left_child=2 5 -1 -4 -5 -2
right_child=1 -3 3 4 -6 -7
leaf_value=0.0019621713138930174 -0.015024686619912884 0.0021910594410644983 -0.0024276791635568715 0.00036210740274588473 0.0029109723488204326 -0.0066990703699136081
leaf_weight=16.564081553369764 2.8857001001015301 4.5878540449775755 4.6374348010867816 3.3562550074420869 3.8565669506788254 0.056799726575263672
leaf_count=26 32 78 32 18 10 14
internal_value=0 -0.0447323 0.0118549 0.000998696 0.0172494 -0.14864
internal_weight=0 7.53035 28.4143 11.8503 7.21282 2.9425
internal_count=210 124 86 60 28 46
shrinkage=0.1


Tree=90
num_leaves=7
num_cat=0
split_feature=0 0 0 0 0 0
split_gain=0.459978 0.467201 0.0157844 0.00322386 0.00442901 0.000530091
threshold=0.75000000000000011 0.35000000000000003 0.45000000000000007 1.0000000180025095e-35 0.15000000000000005 0.25000000000000006
decision_type=2 2 2 2 2 2
left_child=1 3 -3 -1 -5 -6
right_child=-2 2 -4 4 5 -7
leaf_value=0.0020071012598238216 -0.026242138564130893 0.04693824739518318 -0.0094133777718557743 -0.0026083194493635737 0.00048033233618042701 0.0022125790821110546
leaf_weight=16.549447779543705 5.642817960586398 2.4983957596123214 0.050715900855720863 4.5302645179908705 3.3464362239465117 3.7419078126549721
leaf_count=26 78 32 14 32 18 10
internal_value=0 0.0482074 0.458171 0.0111072 -0.00166088 0.0139478
internal_weight=0 30.7172 2.54911 28.1681 11.6186 7.08834
internal_count=210 132 46 86 60 28
shrinkage=0.1


Tree=91
num_leaves=7
num_cat=0
split_feature=0 0 0 0 0 0
split_gain=0.0177755 0.00513971 0.0025842 0.00548101 0.00123234 4.5875e-05
threshold=0.35000000000000003 0.45000000000000007 1.0000000180025095e-35 0.15000000000000005 0.25000000000000006 0.75000000000000011
decision_type=2 2 2 2 2 2
left_child=2 -2 -1 -4 -5 -3
right_child=1 5 3 4 -6 -7
leaf_value=0.0019119817622119393 -0.007977714309236 -0.0050419503781579129 -0.0026946231755525019 0.00025257504123113011 0.0028357754573280474 -0.0023509697882992788
leaf_weight=16.569620363414291 2.6683186595328143 0.064312660673749522 4.6723017517942917 3.3584294079337269 4.1029894277453423 4.2377157125156373
leaf_count=26 32 14 32 18 10 78
internal_value=0 -0.0452977 0.0110002 -8.79206e-05 0.0167306 -0.023912
internal_weight=0 6.97035 28.7033 12.1337 7.46142 4.30203
internal_count=210 124 86 60 28 92
shrinkage=0.1


Tree=92
num_leaves=7
num_cat=0
split_feature=0 0 0 0 0 0
split_gain=0.0174992 0.00612324 0.0025269 0.00528818 0.00118635 5.34245e-05
threshold=0.35000000000000003 0.45000000000000007 1.0000000180025095e-35 0.15000000000000005 0.25000000000000006 0.75000000000000011
decision_type=2 2 2 2 2 2
left_child=2 -2 -1 -4 -5 -3
right_child=1 5 3 4 -6 -7
leaf_value=0.00189569263133756 -0.008246635506405444 -0.0050251464323680254 -0.0026421655407819966 0.00025660709541772017 0.0027929030048510438 -0.002113366462744523
leaf_weight=16.569482892751697 2.6745195712428531 0.063960302562918403 4.6708970796316844 3.3575158147141337 4.0917283333837986 4.2498384648934007
leaf_count=26 32 14 32 18 10 78
internal_value=0 -0.044873 0.0109303 -4.28383e-05 0.0164975 -0.0215654
internal_weight=0 6.98832 28.6896 12.1201 7.44924 4.3138
internal_count=210 124 86 60 28 92
shrinkage=0.1


Tree=93
num_leaves=7
num_cat=0
split_feature=0 0 0 0 0 0
split_gain=0.0172404 0.00748431 0.0024689 0.00509532 0.00114125 6.3921e-05
threshold=0.35000000000000003 0.45000000000000007 1.0000000180025095e-35 0.15000000000000005 0.25000000000000006 0.75000000000000011
decision_type=2 2 2 2 2 2
left_child=2 -2 -1 -4 -5 -3
right_child=1 5 3 4 -6 -7
leaf_value=0.0018800490514913641 -0.0085947148427470196 -0.0050214067921288547 -0.0025877538469665957 0.00026160439774088187 0.0027513043709894371 -0.001825862489334717
leaf_weight=16.569275309331719 2.682959312805905 0.06352936605981073 4.6691567159723473 3.3565842839889228 4.0780112519860268 4.2654163558036089
leaf_count=26 32 14 32 18 10 78
internal_value=0 -0.0444478 0.0108696 1.26565e-05 0.0162725 -0.0187276
internal_weight=0 7.01191 28.673 12.1038 7.4346 4.32895
internal_count=210 124 86 60 28 92
shrinkage=0.1


Tree=94
num_leaves=7
num_cat=0
split_feature=0 0 0 0 0 0
split_gain=0.0170003 0.0094653 0.0024092 0.00489985 0.0010962 7.9236e-05
threshold=0.35000000000000003 0.45000000000000007 1.0000000180025095e-35 0.15000000000000005 0.25000000000000006 0.75000000000000011
decision_type=2 2 2 2 2 2
left_child=2 -2 -1 -4 -5 -3
right_child=1 5 3 4 -6 -7
leaf_value=0.0018651219171773653 -0.0090582953082743202 -0.0050370868610296361 -0.0025302390026945478 0.00026831154093688819 0.0027109324895890443 -0.0014641470305835197
leaf_weight=16.568961674347523 2.6947924338746807 0.062980510760098585 4.6669037926476431 3.3556189925875515 4.0605749264359474 4.2861840759869665
leaf_count=26 32 14 32 18 10 78
internal_value=0 -0.0440137 0.0108205 8.26889e-05 0.0160572 -0.0151589
internal_weight=0 7.04396 28.6521 12.0831 7.41619 4.34916
internal_count=210 124 86 60 28 92
shrinkage=0.1


Tree=95
num_leaves=7
num_cat=0
split_feature=0 0 0 0 0 0
split_gain=0.0167809 0.0125616 0.00234738 0.00469766 0.00105058 0.000103144
threshold=0.35000000000000003 0.45000000000000007 1.0000000180025095e-35 0.15000000000000005 0.25000000000000006 0.75000000000000011
decision_type=2 2 2 2 2 2
left_child=2 -2 -1 -4 -5 -3
right_child=1 5 3 4 -6 -7
leaf_value=0.0018512661949010283 -0.0097031830804189464 -0.0050840933580623649 -0.0024679667265852644 0.00027732164835651092 0.0026719192943618583 -0.00098401502199118858
leaf_weight=16.568478726781908 2.7121806403156361 0.062241019011707865 4.6638036225922388 3.3545852436218411 4.0370843540877104 4.3153828303329647
leaf_count=26 32 14 32 18 10 78
internal_value=0 -0.043555 0.010788 0.000171665 0.0158517 -0.0104231
internal_weight=0 7.0898 28.624 12.0555 7.39167 4.37762
internal_count=210 124 86 60 28 92
shrinkage=0.1


Tree=96
num_leaves=7
num_cat=0
split_feature=0 0 0 0 0 0
split_gain=0.0165827 0.0179416 0.00228196 0.00448296 0.00100276 0.000144436
threshold=0.35000000000000003 0.45000000000000007 1.0000000180025095e-35 0.15000000000000005 0.25000000000000006 0.75000000000000011
decision_type=2 2 2 2 2 2
left_child=2 -2 -1 -4 -5 -3
right_child=1 5 3 4 -6 -7
leaf_value=0.0018390093358993877 -0.010661829832864766 -0.0051888433917082763 -0.0023982228375059277 0.00029056971973343536 0.0026348257651764026 -0.0002951844109638473
leaf_weight=16.567688506096605 2.7397486378904423 0.061158574200817273 4.6591243997681868 3.3534196773543954 4.0025944113731384 4.359925519907847
leaf_count=26 32 14 32 18 10 78
internal_value=0 -0.0430328 0.010781 0.000288738 0.0156614 -0.0036288
internal_weight=0 7.16083 28.5828 12.0151 7.35601 4.42108
internal_count=210 124 86 60 28 92
shrinkage=0.1


Tree=97
num_leaves=7
num_cat=0
split_feature=0 0 0 0 0 0
split_gain=0.0164032 0.0290319 0.00221006 0.00423877 0.000948079 0.000228065
threshold=0.35000000000000003 0.45000000000000007 1.0000000180025095e-35 0.15000000000000005 0.25000000000000006 0.75000000000000011
decision_type=2 2 2 2 2 2
left_child=2 -2 -1 -4 -5 -3
right_child=1 5 3 4 -6 -7
leaf_value=0.0018297632174892522 -0.012248346710982332 -0.0054211706398106015 -0.0023138256890083094 0.00031272236668997947 0.0026001092099734017 0.00081940726715325196
leaf_weight=16.566218141466383 2.7897174467798314 0.059344048495404311 4.6508836424909514 3.3519415948539972 3.9442582353949547 4.4379989015869796
leaf_count=26 32 14 32 18 10 78
internal_value=0 -0.0423416 0.0108211 0.000453998 0.0154926 0.00737061
internal_weight=0 7.28706 28.5133 11.9471 7.2962 4.49734
internal_count=210 124 86 60 28 92
shrinkage=0.1


Tree=98
num_leaves=7
num_cat=0
split_feature=0 0 0 0 0 0
split_gain=0.0162023 0.0606113 0.00212828 0.00390612 0.000866917 0.000455303
threshold=0.35000000000000003 0.45000000000000007 1.0000000180025095e-35 0.15000000000000005 0.25000000000000006 0.75000000000000011
decision_type=2 2 2 2 2 2
left_child=2 -2 -1 -4 -5 -3
right_child=1 5 3 4 -6 -7
leaf_value=0.0018291686878302415 -0.015437088935566119 -0.0060668555165212957 -0.0021919108613029457 0.00036088209781118892 0.0025657630701723345 0.0030544369459925241
leaf_weight=16.56261085905135 2.909534183330833 0.055381254365784005 4.6309513193555158 3.3494420521892607 3.8135427199304104 4.6202310232911259
leaf_count=26 32 14 32 18 10 78
internal_value=0 -0.041052 0.0109811 0.000714578 0.0153475 0.029464
internal_weight=0 7.58515 28.3565 11.7939 7.16298 4.67561
internal_count=210 124 86 60 28 92
shrinkage=0.1


Tree=99
num_leaves=7
num_cat=0
split_feature=0 0 0 0 0 0
split_gain=0.343796 0.347037 0.0130256 0.00274543 0.00404302 0.000583457
threshold=0.75000000000000011 0.35000000000000003 0.45000000000000007 1.0000000180025095e-35 0.15000000000000005 0.25000000000000006
decision_type=2 2 2 2 2 2
left_child=1 3 -3 -1 -5 -6
right_child=-2 2 -4 4 5 -7
leaf_value=0.0018504585080544571 -0.023180178612845291 0.041879063908218189 -0.0082359868606643339 -0.0024756992975618654 0.00036522917621027381 0.0021723253660587308
leaf_weight=16.555171092506505 5.435433965874835 2.3291102657094593 0.05304449755931262 4.5641783899627608 3.3441328874323517 3.8363192770630121
leaf_count=26 78 32 14 32 18 10
internal_value=0 0.0410646 0.407631 0.0102086 -0.0014853 0.0133071
internal_weight=0 30.682 2.38215 28.2998 11.7446 7.18045
internal_count=210 132 46 86 60 28
shrinkage=0.1


end of trees

feature importances:
geographical=600

parameters:
[boosting: gbdt]
[objective: lambdarank]
[metric: ndcg]
[tree_learner: serial]
[device_type: cpu]
[data: ]
[valid: ]
[num_iterations: 100]
[learning_rate: 0.1]
[num_leaves: 16]
[num_threads: -1]
[max_depth: -1]
[min_data_in_leaf: 5]
[min_sum_hessian_in_leaf: 0.001]
[bagging_fraction: 1]
[pos_bagging_fraction: 1]
[neg_bagging_fraction: 1]
[bagging_freq: 0]
[bagging_seed: 3]
[feature_fraction: 1]
[feature_fraction_bynode: 1]
[feature_fraction_seed: 2]
[early_stopping_round: 0]
[first_metric_only: 0]
[max_delta_step: 0]
[lambda_l1: 0]
[lambda_l2: 0]
[min_gain_to_split: 0]
[drop_rate: 0.1]
[max_drop: 50]
[skip_drop: 0.5]
[xgboost_dart_mode: 0]
[uniform_drop: 0]
[drop_seed: 4]
[top_rate: 0.2]
[other_rate: 0.1]
[min_data_per_group: 100]
[max_cat_threshold: 32]
[cat_l2: 10]
[cat_smooth: 10]
[max_cat_to_onehot: 4]
[top_k: 20]
[monotone_constraints: ]
[feature_contri: ]
[forcedsplits_filename: ]
[forcedbins_filename: ]
[refit_decay_rate: 0.9]
[cegb_tradeoff: 1]
[cegb_penalty_split: 0]
[cegb_penalty_feature_lazy: ]
[cegb_penalty_feature_coupled: ]
[verbosity: -1]
[max_bin: 255]
[max_bin_by_feature: ]
[min_data_in_bin: 3]
[bin_construct_sample_cnt: 200000]
[histogram_pool_size: -1]
[data_random_seed: 1]
[output_model: LightGBM_model.txt]
[snapshot_freq: -1]
[input_model: ]
[output_result: LightGBM_predict_result.txt]
[initscore_filename: ]
[valid_data_initscores: ]
[pre_partition: 0]
[enable_bundle: 1]
[max_conflict_rate: 0]
[is_enable_sparse: 1]
[sparse_threshold: 0.8]
[use_missing: 1]
[zero_as_missing: 0]
[two_round: 0]
[save_binary: 0]
[header: 0]
[label_column: ]
[weight_column: ]
[group_column: ]
[ignore_column: ]
[categorical_feature: ]
[predict_raw_score: 0]
[predict_leaf_index: 0]
[predict_contrib: 0]
[num_iteration_predict: -1]
[pred_early_stop: 0]
[pred_early_stop_freq: 10]
[pred_early_stop_margin: 10]
[convert_model_language: ]
[convert_model: gbdt_prediction.cpp]
[num_class: 1]
[is_unbalance: 0]
[scale_pos_weight: 1]
[sigmoid: 1]
[boost_from_average: 1]
[reg_sqrt: 0]
[alpha: 0.9]
[fair_c: 1]
[poisson_max_delta_step: 0.7]
[tweedie_variance_power: 1.5]
[max_position: 20]
[lambdamart_norm: 1]
[label_gain: ]
[metric_freq: 1]
[is_provide_training_metric: 0]
[eval_at: 1]
[multi_error_top_k: 1]
[num_machines: 1]
[local_listen_port: 12400]
[time_out: 120]
[machine_list_filename: ]
[machines: ]
[gpu_platform_id: -1]
[gpu_device_id: -1]
[gpu_use_dp: 0]

end of parameters

pandas_categorical:null
