tree
version=v3
num_class=1
num_tree_per_iteration=1
label_index=0
max_feature_idx=0
objective=lambdarank
feature_names=geographical
feature_infos=[0:1]
tree_sizes=839 843 853 852 853 858 857 858 864 862 855 861 864 864 863 866 862 860 864 861 862 866 866 864 862 866 863 865 865 863 865 867 863 864 869 866 867 870 870 865 870 871 869 871 871 870 871 867 870 869 870 871 873 873 873 874 872 866 874 874 873 873 876 876 871 877 870 878 879 874 875 877 874 876 878 879 879 879 877 878 874 874 878 881 878 882 877 880 879 881 881 878 880 879 882 877 880 884 882 881

Tree=0
num_leaves=7
num_cat=0
split_feature=0 0 0 0 0 0
split_gain=10.9438 0.669089 0.374578 0.0515203 0.0369785 0.046014
threshold=0.35000000000000003 0.75000000000000011 1.0000000180025095e-35 0.45000000000000007 0.25000000000000006 0.15000000000000005
decision_type=2 2 2 2 2 2
left_child=2 3 -1 -2 5 -4
right_child=1 -3 4 -5 -6 -7
leaf_value=0.13213848162694508 -0.13531282896301283 -0.068886046920586724 0.073936155591336414 -0.18263250423613742 0.062765181795913602 0.096100855252118964
leaf_weight=1.7136238086968658 1.1501888409256933 6.0484792375937104 2.3349904660135508 0.28762661851942528 1.2020240016281603 1.5639819959178569
leaf_count=16 34 78 30 10 20 22
internal_value=0 -0.83462 0.916883 -1.44779 0.780995 0.82827
internal_weight=0 7.48629 6.81462 1.43782 5.101 3.89897
internal_count=210 122 88 44 72 52
shrinkage=0.1


Tree=1
num_leaves=7
num_cat=0
split_feature=0 0 0 0 0 0
split_gain=3.24934 1.29209 0.327346 0.083165 0.0489792 0.00468314
threshold=0.35000000000000003 0.75000000000000011 0.25000000000000006 1.0000000180025095e-35 0.45000000000000007 0.15000000000000005
decision_type=2 2 2 2 2 2
left_child=2 4 3 -1 -2 -5
right_child=1 -3 -4 5 -6 -7
leaf_value=0.024189105051869015 -0.12249480551419266 -0.035088311952303976 -0.012055565893667105 0.014589798049496698 -0.16329728042068592 0.011437900224973646
leaf_weight=10.393660977482797 1.5810967329889525 5.4443964455276728 4.467561498284339 9.6442806832492352 0.36145364306867112 9.221339039504528
leaf_count=16 34 78 20 30 10 22
internal_value=0 -0.600702 0.131567 0.170064 -1.30087 0.130492
internal_weight=0 7.38695 33.7268 29.2593 1.94255 18.8656
internal_count=210 122 88 68 44 52
shrinkage=0.1


Tree=2
num_leaves=7
num_cat=0
split_feature=0 0 0 0 0 0
split_gain=1.93669 0.732195 0.125964 0.0422447 0.0250247 0.000207748
threshold=0.35000000000000003 0.75000000000000011 1.0000000180025095e-35 0.45000000000000007 0.25000000000000006 0.15000000000000005
decision_type=2 2 2 2 2 2
left_child=2 3 -1 -2 5 -4
right_child=1 -3 4 -5 -6 -7
leaf_value=0.019030902285792402 -0.1028680942669012 -0.031133025678611488 0.0068920892840361285 -0.14857913536649967 -0.0018031385831904425 0.0075519349820081716
leaf_weight=10.450830966234205 1.2676726412028063 5.2665352607145905 9.5719792582094705 0.24053893517702807 3.6626551039516917 9.5140981152653694
leaf_count=16 34 78 30 10 20 22
internal_value=0 -0.487259 0.0994306 -1.10158 0.0576808 0.0722101
internal_weight=0 6.77475 33.1996 1.50821 22.7487 19.0861
internal_count=210 122 88 44 72 52
shrinkage=0.1


Tree=3
num_leaves=7
num_cat=0
split_feature=0 0 0 0 0 0
split_gain=1.3206 0.477545 0.0965876 0.0362629 0.0170667 1.32868e-06
threshold=0.35000000000000003 0.75000000000000011 1.0000000180025095e-35 0.45000000000000007 0.25000000000000006 0.15000000000000005
decision_type=2 2 2 2 2 2
left_child=2 3 -1 -2 5 -4
right_child=1 -3 4 -5 -6 -7
leaf_value=0.016013597205541099 -0.088887609435122139 -0.027761686578402694 0.0056046366007572214 -0.13682980295476727 -0.001990669613285177 0.0055517373023091241
leaf_weight=10.474898785352705 1.1122409664094437 5.1376406634226441 9.4814401045441663 0.18384969886392344 3.5334163680672637 9.5111046507954597
leaf_count=16 34 78 30 10 20 22
internal_value=0 -0.414456 0.080801 -0.956882 0.043909 0.0557815
internal_weight=0 6.43373 33.0009 1.29609 22.526 18.9925
internal_count=210 122 88 44 72 52
shrinkage=0.1


Tree=4
num_leaves=7
num_cat=0
split_feature=0 0 0 0 0 0
split_gain=0.978235 0.336851 0.0786774 0.030981 0.0122834 0.000246886
threshold=0.35000000000000003 0.75000000000000011 1.0000000180025095e-35 0.45000000000000007 0.25000000000000006 0.15000000000000005
decision_type=2 2 2 2 2 2
left_child=2 3 -1 -2 5 -4
right_child=1 -3 4 -5 -6 -7
leaf_value=0.014027664933833625 -0.078474430695244249 -0.025167686574347144 0.004890597230198454 -0.12714903093060442 -0.0019726245608345009 0.0041687407265728017
leaf_weight=10.485165074467657 1.020585031248628 5.0447352295741439 9.4295198097825086 0.14998164307326067 3.4334699362516394 9.5229547917842865
leaf_count=16 34 78 30 10 20 22
internal_value=0 -0.363818 0.0687912 -0.84711 0.0353087 0.0452789
internal_weight=0 6.2153 32.8711 1.17057 22.3859 18.9525
internal_count=210 122 88 44 72 52
shrinkage=0.1


Tree=5
num_leaves=7
num_cat=0
split_feature=0 0 0 0 0 0
split_gain=0.760393 0.249776 0.0668515 0.0264222 0.00926633 0.000951993
threshold=0.35000000000000003 0.75000000000000011 1.0000000180025095e-35 0.45000000000000007 0.25000000000000006 0.15000000000000005
decision_type=2 2 2 2 2 2
left_child=2 3 -1 -2 5 -4
right_child=1 -3 4 -5 -6 -7
leaf_value=0.012596952987992164 -0.070356543126884025 -0.023070740820047283 0.004486460819389599 -0.11890956921406876 -0.0019341960614245733 0.0030694028502539893
leaf_weight=10.486372843384741 0.95741315186023601 4.9722067648544908 9.4109886102378404 0.12694304529577494 3.3474865779280654 9.5535857081413269
leaf_count=16 34 78 30 10 20 22
internal_value=0 -0.325544 0.0601149 -0.760405 0.0291641 0.037726
internal_weight=0 6.05656 32.7984 1.08436 22.3121 18.9646
internal_count=210 122 88 44 72 52
shrinkage=0.1


Tree=6
num_leaves=7
num_cat=0
split_feature=0 0 0 0 0 0
split_gain=0.609226 0.191911 0.0587643 0.0225392 0.00731042 0.00235098
threshold=0.35000000000000003 0.75000000000000011 1.0000000180025095e-35 0.45000000000000007 0.25000000000000006 0.15000000000000005
decision_type=2 2 2 2 2 2
left_child=2 3 -1 -2 5 -4
right_child=1 -3 4 -5 -6 -7
leaf_value=0.011512855813981215 -0.063808383067213245 -0.021298449593690122 0.0043057444010372167 -0.11172575462992984 -0.0019377070852359696 0.0020830184498475839
leaf_weight=10.479251250624655 0.90907874004915235 4.9122585281729698 9.427085086703304 0.11004696041345596 3.2651614621281615 9.6089639514684677
leaf_count=16 34 78 30 10 20 22
internal_value=0 -0.294915 0.0533627 -0.689826 0.0243392 0.0318376
internal_weight=0 5.93138 32.7805 1.01913 22.3012 19.036
internal_count=210 122 88 44 72 52
shrinkage=0.1


Tree=7
num_leaves=7
num_cat=0
split_feature=0 0 0 0 0 0
split_gain=0.497083 0.151561 0.0532818 0.0192423 0.00893676 0.00231286
threshold=0.35000000000000003 0.75000000000000011 1.0000000180025095e-35 0.45000000000000007 0.15000000000000005 0.25000000000000006
decision_type=2 2 2 2 2 2
left_child=2 3 -1 -2 -4 -6
right_child=1 -3 4 -5 5 -7
leaf_value=0.010667813684304049 -0.058387217930905448 -0.019730093694227565 0.0043507509247412068 -0.10533976436649123 0.0010729890074794614 -0.0020357951135020146
leaf_weight=10.461727447807787 0.8685791469179085 4.8599889017641544 9.4874347373843211 0.097036138642579331 9.701660253107546 3.1767559722065917
leaf_count=16 34 78 30 10 22 20
internal_value=0 -0.269197 0.047772 -0.631056 0.0202183 0.00306136
internal_weight=0 5.8256 32.8276 0.965615 22.3659 12.8784
internal_count=210 122 88 44 72 42
shrinkage=0.1


Tree=8
num_leaves=7
num_cat=0
split_feature=0 0 0 0 0 0
split_gain=0.408091 0.122481 0.0521145 0.0164346 0.0139595 0.00110157
threshold=0.35000000000000003 0.75000000000000011 0.15000000000000005 0.45000000000000007 1.0000000180025095e-35 0.25000000000000006
decision_type=2 2 2 2 2 2
left_child=2 3 4 -2 -1 -4
right_child=1 -3 5 -5 -6 -7
leaf_value=0.010007310621953248 -0.053798227870663934 -0.018250840165173896 -0.00015532106944993196 -0.099562854985120006 0.0047252247926129025 -0.0023250902750223536
leaf_weight=10.426531679928303 0.83078374108299502 4.8111810628324747 9.8617804124951345 0.086653933394700303 9.6192575916647911 3.0676943007856599
leaf_count=16 34 78 22 10 30 20
internal_value=0 -0.24636 0.0427988 -0.581208 0.0747263 -0.00670128
internal_weight=0 5.72862 32.9753 0.917438 20.0458 12.9295
internal_count=210 122 88 44 46 42
shrinkage=0.1


Tree=9
num_leaves=7
num_cat=0
split_feature=0 0 0 0 0 0
split_gain=0.329819 0.101173 0.0791811 0.0140227 0.00701247 0.000232398
threshold=0.35000000000000003 0.75000000000000011 0.15000000000000005 0.45000000000000007 1.0000000180025095e-35 0.25000000000000006
decision_type=2 2 2 2 2 2
left_child=2 3 4 -2 -1 -4
right_child=1 -3 5 -5 -6 -7
leaf_value=0.009516999659073334 -0.049816204380601713 -0.016673092831703051 -0.0020588495720789651 -0.094239062986310296 0.0057947226102489204 -0.0030730238972158448
leaf_weight=10.348307088017464 0.78868661914020677 4.7594860102981329 10.180369697511194 0.0780953757930547 9.9061528816819191 2.903996253386139
leaf_count=16 34 78 22 10 30 20
internal_value=0 -0.223957 0.0377951 -0.538186 0.0769649 -0.0228394
internal_weight=0 5.62627 33.3388 0.866782 20.2545 13.0844
internal_count=210 122 88 44 46 42
shrinkage=0.1


Tree=10
num_leaves=7
num_cat=0
split_feature=0 0 0 0 0 0
split_gain=1.24477 0.0943782 0.0222442 0.0487969 0.0493594 0.0101407
threshold=0.15000000000000005 1.0000000180025095e-35 0.25000000000000006 0.75000000000000011 0.35000000000000003 0.45000000000000007
decision_type=2 2 2 2 2 2
left_child=1 -1 -2 4 -4 -6
right_child=2 -3 3 -5 5 -7
leaf_value=0.009061597611345628 -0.01618831306558732 0.022252988410713333 -0.025624834496168869 -0.016537800923688239 -0.049883942679809043 -0.089367815441743048
leaf_weight=10.218470446765423 9.4571941122412699 11.55854058265686 2.8741820398718105 4.7532299242448062 0.76375189796090115 0.07110259891487658
leaf_count=16 22 30 20 78 34 10
internal_value=0 0.160632 -0.195211 -0.232457 -0.318421 -0.532467
internal_weight=0 21.777 17.9195 8.46227 3.70904 0.834854
internal_count=210 46 164 142 64 44
shrinkage=0.1


Tree=11
num_leaves=7
num_cat=0
split_feature=0 0 0 0 0 0
split_gain=0.694931 0.136648 0.0152577 0.0130606 0.0664561 0.00873114
threshold=0.15000000000000005 0.25000000000000006 1.0000000180025095e-35 0.75000000000000011 0.35000000000000003 0.45000000000000007
decision_type=2 2 2 2 2 2
left_child=2 -2 -1 4 -3 -6
right_child=1 3 -4 -5 5 -7
leaf_value=0.0093724401328187136 -0.0051261092920705329 -0.020865321164064168 0.014751596452351384 -0.019768482720024644 -0.048149112687091093 -0.085710986114725038
leaf_weight=10.537715867161751 7.4151647612452534 3.4595059938728792 10.554504603147507 4.8715610951185226 0.87759433686733235 0.066578492522239685
leaf_count=16 22 20 30 78 34 10
internal_value=0 -0.152459 0.120642 -0.233362 -0.27283 -0.507978
internal_weight=0 16.6904 21.0922 9.27524 4.40368 0.944173
internal_count=210 164 46 142 64 44
shrinkage=0.1


Tree=12
num_leaves=7
num_cat=0
split_feature=0 0 0 0 0 0
split_gain=0.578993 0.110389 0.00959402 0.0631569 0.00774719 0.00435179
threshold=0.25000000000000006 0.15000000000000005 0.35000000000000003 0.75000000000000011 0.45000000000000007 1.0000000180025095e-35
decision_type=2 2 2 2 2 2
left_child=1 5 -2 4 -4 -1
right_child=2 -3 3 -5 -6 -7
leaf_value=0.0093842091661820691 -0.017489268808669609 -0.0035606337466175027 -0.045328190460914804 -0.019539707472821809 -0.081890723946006799 0.012267164800701297
leaf_weight=10.560938142240051 3.4531247578561288 7.1721567921340457 0.88921340834349372 4.8709768177941442 0.061992630362510681 10.384186219424009
leaf_count=16 20 22 34 78 10 30
internal_value=0 0.0714696 -0.216654 -0.241422 -0.477111 0.108135
internal_weight=0 28.1173 9.27531 5.82218 0.951206 20.9451
internal_count=210 68 142 122 44 46
shrinkage=0.1


Tree=13
num_leaves=7
num_cat=0
split_feature=0 0 0 0 0 0
split_gain=0.505096 0.0858855 0.0139748 0.0531324 0.00686441 0.000821548
threshold=0.25000000000000006 0.15000000000000005 0.35000000000000003 0.75000000000000011 0.45000000000000007 1.0000000180025095e-35
decision_type=2 2 2 2 2 2
left_child=1 5 -2 4 -4 -1
right_child=2 -3 3 -5 -6 -7
leaf_value=0.0093185651455173889 -0.015205492557647205 -0.0028301579763946273 -0.042733146215066076 -0.019026003290770973 -0.078247837527951114 0.01057406845269728
leaf_weight=10.570211313664917 3.4356521721929294 7.0497738085687152 0.8902692417614162 4.8587822746485472 0.057967235334217541 10.281433090567589
leaf_count=16 20 22 34 78 10 30
internal_value=0 0.0671162 -0.202608 -0.232517 -0.449042 0.0993762
internal_weight=0 27.9014 9.24267 5.80702 0.948236 20.8516
internal_count=210 68 142 122 44 46
shrinkage=0.1


Tree=14
num_leaves=7
num_cat=0
split_feature=0 0 0 0 0 0
split_gain=0.445618 0.0711256 0.016638 0.0451507 0.00607452 7.57389e-06
threshold=0.25000000000000006 0.15000000000000005 0.35000000000000003 0.75000000000000011 0.45000000000000007 1.0000000180025095e-35
decision_type=2 2 2 2 2 2
left_child=1 5 -2 4 -4 -1
right_child=2 -3 3 -5 -6 -7
leaf_value=0.0091970083173211932 -0.013537410607903033 -0.002415703524993127 -0.040379700894132065 -0.018439613329884013 -0.074790336702380972 0.0093177709158058716
leaf_weight=10.57517878711224 3.4201019052416068 6.9725055471062651 0.88739683991298079 4.8428923618048429 0.054448820650577545 10.205117397010326
leaf_count=16 20 22 34 78 10 30
internal_value=0 0.0632388 -0.190666 -0.223357 -0.42369 0.0925631
internal_weight=0 27.7528 9.20484 5.78474 0.941846 20.7803
internal_count=210 68 142 122 44 46
shrinkage=0.1


Tree=15
num_leaves=7
num_cat=0
split_feature=0 0 0 0 0 0
split_gain=0.396988 0.0611149 0.0181185 0.0386648 0.00537284 0.000243454
threshold=0.25000000000000006 0.15000000000000005 0.35000000000000003 0.75000000000000011 0.45000000000000007 1.0000000180025095e-35
decision_type=2 2 2 2 2 2
left_child=1 5 -2 4 -4 -1
right_child=2 -3 3 -5 -6 -7
leaf_value=0.0090340478491855985 -0.012252489992009145 -0.0021568760251592409 -0.038243686381005476 -0.017847060603672971 -0.071512364122573432 0.0083483499923525991
leaf_weight=10.578476071357731 3.4074860960245115 6.9179341793060294 0.88285289518535115 4.8259453335776925 0.051368184620514512 10.142225839197636
leaf_count=16 20 22 34 78 10 30
internal_value=0 0.0598134 -0.180325 -0.214518 -0.40073 0.0869842
internal_weight=0 27.6386 9.16765 5.76017 0.934221 20.7207
internal_count=210 68 142 122 44 46
shrinkage=0.1


Tree=16
num_leaves=7
num_cat=0
split_feature=0 0 0 0 0 0
split_gain=0.356577 0.0537999 0.0188182 0.0333337 0.00475189 0.000825
threshold=0.25000000000000006 0.15000000000000005 0.35000000000000003 0.75000000000000011 0.45000000000000007 1.0000000180025095e-35
decision_type=2 2 2 2 2 2
left_child=1 5 -2 4 -4 -1
right_child=2 -3 3 -5 -6 -7
leaf_value=0.008843513906071826 -0.011225859762022094 -0.0019844228026155014 -0.036301583547335085 -0.017271552694543248 -0.068405455628029924 0.0075795712980244907
leaf_weight=10.581017628312114 3.397374836727975 6.8766488041728726 0.87763328012078989 4.8089892463758588 0.048661721521057195 10.087394170463085
leaf_count=16 20 22 34 78 10 30
internal_value=0 0.0567744 -0.171237 -0.206174 -0.379881 0.0822664
internal_weight=0 27.5451 9.13266 5.73528 0.926295 20.6684
internal_count=210 68 142 122 44 46
shrinkage=0.1


Tree=17
num_leaves=7
num_cat=0
split_feature=0 0 0 0 0 0
split_gain=0.322525 0.048185 0.0190124 0.0289015 0.00420417 0.0014479
threshold=0.25000000000000006 0.15000000000000005 0.35000000000000003 0.75000000000000011 0.45000000000000007 1.0000000180025095e-35
decision_type=2 2 2 2 2 2
left_child=1 5 -2 4 -4 -1
right_child=2 -3 3 -5 -6 -7
leaf_value=0.0086351350611200417 -0.01038265560632377 -0.0018645465879023944 -0.034528781477140773 -0.016722888499347995 -0.065459794156822362 0.006958675168732012
leaf_weight=10.583217591047291 3.3892008624970895 6.8439040072262278 0.8721983516588806 4.7924909102730453 0.046274625230580568 10.038063269108534
leaf_count=16 20 22 34 78 10 30
internal_value=0 0.0540606 -0.16316 -0.198372 -0.360872 0.0781906
internal_weight=0 27.4652 9.10016 5.71096 0.918473 20.6213
internal_count=210 68 142 122 44 46
shrinkage=0.1


Tree=18
num_leaves=7
num_cat=0
split_feature=0 0 0 0 0 0
split_gain=0.293451 0.0436992 0.0188849 0.0251856 0.0037221 0.00199748
threshold=0.25000000000000006 0.15000000000000005 0.35000000000000003 0.75000000000000011 0.45000000000000007 1.0000000180025095e-35
decision_type=2 2 2 2 2 2
left_child=1 5 -2 4 -4 -1
right_child=2 -3 3 -5 -6 -7
leaf_value=0.0084178026719136032 -0.0096735369155099334 -0.0017773624983112913 -0.032904433130144156 -0.01620330158313461 -0.062666657738870035 0.0064465225689214175
leaf_weight=10.585216470062736 3.3825395340099913 6.8170337453484526 0.86679085390642274 4.7766435579396784 0.044160946854390211 9.9928864315152168
leaf_count=16 20 22 34 78 10 30
internal_value=0 0.0516177 -0.155904 -0.191093 -0.343472 0.0746053
internal_weight=0 27.3951 9.07013 5.6876 0.910952 20.5781
internal_count=210 68 142 122 44 46
shrinkage=0.1


Tree=19
num_leaves=7
num_cat=0
split_feature=0 0 0 0 0 0
split_gain=0.268383 0.0400128 0.0185515 0.0220456 0.0032986 0.00243828
threshold=0.25000000000000006 0.15000000000000005 0.35000000000000003 0.75000000000000011 0.45000000000000007 1.0000000180025095e-35
decision_type=2 2 2 2 2 2
left_child=1 5 -2 4 -4 -1
right_child=2 -3 3 -5 -6 -7
leaf_value=0.0081975865962144717 -0.0090672759476472554 -0.0017116105391193647 -0.031410632311888079 -0.015713234786483125 -0.06001859935747908 0.0060173745326062081
leaf_weight=10.587092023342851 3.3770514177158457 6.7944102808833113 0.86153126368299104 4.7615244989283383 0.04228275443892926 9.9510847479104996
leaf_count=16 20 22 34 78 10 30
internal_value=0 0.0494057 -0.14934 -0.18431 -0.32749 0.0714124
internal_weight=0 27.3326 9.04239 5.66534 0.903814 20.5382
internal_count=210 68 142 122 44 46
shrinkage=0.1


Tree=20
num_leaves=7
num_cat=0
split_feature=0 0 0 0 0 0
split_gain=0.246555 0.036918 0.0180929 0.0193745 0.00292662 0.00276846
threshold=0.25000000000000006 0.15000000000000005 0.35000000000000003 0.75000000000000011 0.45000000000000007 1.0000000180025095e-35
decision_type=2 2 2 2 2 2
left_child=1 5 -2 4 -4 -1
right_child=2 -3 3 -5 -6 -7
leaf_value=0.0079781696701199077 -0.0085404496616024051 -0.0016608208638001594 -0.030032030358207125 -0.015251211184654657 -0.057507142898567454 0.005652769859441761
leaf_weight=10.588887728750709 3.3724715169519168 6.7749741040170184 0.85647898842580605 4.7471409477293491 0.040607367060147226 9.9121556542813778
leaf_count=16 20 22 34 78 10 30
internal_value=0 0.0473893 -0.143355 -0.177981 -0.312757 0.0685385
internal_weight=0 27.276 9.0167 5.64423 0.897086 20.501
internal_count=210 68 142 122 44 46
shrinkage=0.1


Tree=21
num_leaves=7
num_cat=0
split_feature=0 0 0 0 0 0
split_gain=0.227383 0.0342687 0.0175625 0.0170907 0.00300449 0.00260015
threshold=0.25000000000000006 0.15000000000000005 0.35000000000000003 0.75000000000000011 1.0000000180025095e-35 0.45000000000000007
decision_type=2 2 2 2 2 2
left_child=1 4 -2 5 -1 -4
right_child=2 -3 3 -5 -6 -7
leaf_value=0.0077627296328104771 -0.0080762470547807372 -0.0016202135125238785 -0.028756083276324562 -0.014815173837688531 0.0053380161346439992 -0.055126337693006372
leaf_weight=10.59060683101416 3.3686263756826502 6.7580098807811728 0.85166531847789873 4.7334660808555782 9.8757438324391842 0.039108201919589192
leaf_count=16 20 22 34 78 30 10
internal_value=0 0.0455399 -0.137864 -0.172065 0.0659272 -0.299138
internal_weight=0 27.2244 8.99287 5.62424 20.4664 0.890774
internal_count=210 68 142 122 46 44
shrinkage=0.1


Tree=22
num_leaves=7
num_cat=0
split_feature=0 0 0 0 0 0
split_gain=0.210457 0.0319672 0.0169909 0.0151275 0.00316478 0.00231319
threshold=0.25000000000000006 0.15000000000000005 0.35000000000000003 0.75000000000000011 1.0000000180025095e-35 0.45000000000000007
decision_type=2 2 2 2 2 2
left_child=1 4 -2 5 -1 -4
right_child=2 -3 3 -5 -6 -7
leaf_value=0.007553628312482537 -0.0076642360974525847 -0.0015865089679459661 -0.027572369318811671 -0.014403909541149158 0.0050629340625613474 -0.052868214625237858
leaf_weight=10.592235587537292 3.3653655350208265 6.7430045548826447 0.84710064437240351 4.7204814082942903 9.8415922820568085 0.037761846848297857
leaf_count=16 20 22 34 78 30 10
internal_value=0 0.0438386 -0.132809 -0.166531 0.0635403 -0.286519
internal_weight=0 27.1768 8.97071 5.60534 20.4338 0.884862
internal_count=210 68 142 122 46 44
shrinkage=0.1


Tree=23
num_leaves=7
num_cat=0
split_feature=0 0 0 0 0 0
split_gain=0.195396 0.0299424 0.0164047 0.0134321 0.00326182 0.00206112
threshold=0.25000000000000006 0.15000000000000005 0.35000000000000003 0.75000000000000011 1.0000000180025095e-35 0.45000000000000007
decision_type=2 2 2 2 2 2
left_child=1 4 -2 5 -1 -4
right_child=2 -3 3 -5 -6 -7
leaf_value=0.0073509257184303789 -0.0072939735624149085 -0.001557883267215056 -0.02647097397544472 -0.014015058260489746 0.0048202807806364241 -0.050727602685574649
leaf_weight=10.593816071748737 3.3625833801925165 6.7295959964394561 0.84278306015767135 4.7081359312869608 9.8094621188938618 0.036549440177623183
leaf_count=16 20 22 34 78 30 10
internal_value=0 0.0422642 -0.128127 -0.16134 0.0613425 -0.274792
internal_weight=0 27.1329 8.95005 5.58747 20.4033 0.879333
internal_count=210 68 142 122 46 44
shrinkage=0.1


Tree=24
num_leaves=7
num_cat=0
split_feature=0 0 0 0 0 0
split_gain=0.181934 0.0281499 0.0158167 0.0119609 0.00331265 0.00183955
threshold=0.25000000000000006 0.15000000000000005 0.35000000000000003 0.75000000000000011 1.0000000180025095e-35 0.45000000000000007
decision_type=2 2 2 2 2 2
left_child=1 4 -2 5 -1 -4
right_child=2 -3 3 -5 -6 -7
leaf_value=0.0071561824586090922 -0.006959319484502376 -0.0015335127282973158 -0.025443580289324991 -0.013647189092121476 0.0046039353463815458 -0.048698320548753733
leaf_weight=10.595315251499418 3.3601845391094667 6.717503620311617 0.83870239066891361 4.6963964132592082 9.779188010841608 0.035454301745630801
leaf_count=16 20 22 34 78 30 10
internal_value=0 0.040803 -0.123779 -0.156463 0.0593118 -0.263868
internal_weight=0 27.092 8.93074 5.57055 20.3745 0.874157
internal_count=210 68 142 122 46 44
shrinkage=0.1


Tree=25
num_leaves=7
num_cat=0
split_feature=0 0 0 0 0 0
split_gain=0.169844 0.0265431 0.0152374 0.0106775 0.00332904 0.00164461
threshold=0.25000000000000006 0.15000000000000005 0.35000000000000003 0.75000000000000011 1.0000000180025095e-35 0.45000000000000007
decision_type=2 2 2 2 2 2
left_child=1 4 -2 5 -1 -4
right_child=2 -3 3 -5 -6 -7
leaf_value=0.0069695070721609454 -0.0066548247076078761 -0.0015116434423702446 -0.024482452866605432 -0.013298978723360749 0.0044090839271817154 -0.046774172789658994
leaf_weight=10.596738737076524 3.3581103011965734 6.7065136693418017 0.83484507934190322 4.685226600151509 9.7506019733846188 0.034462177660316229
leaf_count=16 20 22 34 78 30 10
internal_value=0 0.0394426 -0.119726 -0.151875 0.0574253 -0.253662
internal_weight=0 27.0539 8.91264 5.55453 20.3473 0.869307
internal_count=210 68 142 122 46 44
shrinkage=0.1


Tree=26
num_leaves=7
num_cat=0
split_feature=0 0 0 0 0 0
split_gain=0.158927 0.0250949 0.0146731 0.00955618 0.0033177 0.00147275
threshold=0.25000000000000006 0.15000000000000005 0.35000000000000003 0.75000000000000011 1.0000000180025095e-35 0.45000000000000007
decision_type=2 2 2 2 2 2
left_child=1 4 -2 5 -1 -4
right_child=2 -3 3 -5 -6 -7
leaf_value=0.0067904133386153713 -0.0063756957203180758 -0.0014920572609732645 -0.023582243225472369 -0.012968186347796846 0.0042325849362103108 -0.04494927050697009
leaf_weight=10.598107058554891 3.3563066432252509 6.696465676650404 0.83120447653345741 4.674576859921217 9.723554439842701 0.033560723590198904
leaf_count=16 20 22 34 78 30 10
internal_value=0 0.0381706 -0.115933 -0.147546 0.0556654 -0.244115
internal_weight=0 27.0181 8.89565 5.53934 20.3217 0.864765
internal_count=210 68 142 122 46 44
shrinkage=0.1


Tree=27
num_leaves=7
num_cat=0
split_feature=0 0 0 0 0 0
split_gain=0.149039 0.0237816 0.01413 0.00857076 0.0032871 0.00132132
threshold=0.25000000000000006 0.15000000000000005 0.35000000000000003 0.75000000000000011 1.0000000180025095e-35 0.45000000000000007
decision_type=2 2 2 2 2 2
left_child=1 4 -2 5 -1 -4
right_child=2 -3 3 -5 -6 -7
leaf_value=0.0066191846195932189 -0.0061184603990825856 -0.0014740745377301097 -0.022736807590358087 -0.012654428216601508 0.0040715001392020271 -0.043219542668915922
leaf_weight=10.599410902708772 3.3547283550724369 6.6872264668345442 0.82776361634023476 4.6644271700643003 9.6979241073131561 0.032740043418016285
leaf_count=16 20 22 34 78 30 10
internal_value=0 0.0369793 -0.112377 -0.143461 0.0540192 -0.235161
internal_weight=0 26.9846 8.87966 5.52493 20.2973 0.860504
internal_count=210 68 142 122 46 44
shrinkage=0.1


Tree=28
num_leaves=7
num_cat=0
split_feature=0 0 0 0 0 0
split_gain=0.140045 0.0225815 0.0136061 0.00770452 0.00324381 0.00118745
threshold=0.25000000000000006 0.15000000000000005 0.35000000000000003 0.75000000000000011 1.0000000180025095e-35 0.45000000000000007
decision_type=2 2 2 2 2 2
left_child=1 4 -2 5 -1 -4
right_child=2 -3 3 -5 -6 -7
leaf_value=0.0064556325402284316 -0.0058808162255903993 -0.001457122424176322 -0.021942169646671908 -0.012355471542229601 0.0039231884333941472 -0.041578567807294249
leaf_weight=10.600642703473572 3.3533461447805148 6.678687246516346 0.8245161680970341 4.6547264214605093 9.6736054085195065 0.031990534160286188
leaf_count=16 20 22 34 78 30 10
internal_value=0 0.0358601 -0.109033 -0.139593 0.0524731 -0.226756
internal_weight=0 26.9529 8.86458 5.51123 20.2742 0.856507
internal_count=210 68 142 122 46 44
shrinkage=0.1


Tree=29
num_leaves=7
num_cat=0
split_feature=0 0 0 0 0 0
split_gain=0.131844 0.0214848 0.0131033 0.00693953 0.00318931 0.00106907
threshold=0.25000000000000006 0.15000000000000005 0.35000000000000003 0.75000000000000011 1.0000000180025095e-35 0.45000000000000007
decision_type=2 2 2 2 2 2
left_child=1 4 -2 5 -1 -4
right_child=2 -3 3 -5 -6 -7
leaf_value=0.0062992550813615062 -0.0056605766516356088 -0.0014414183041059053 -0.021193647557293742 -0.012070754388301063 0.003786669153720201 -0.040022347101044124
leaf_weight=10.601818896830085 3.3521236004307848 6.6707613412290803 0.8214451716048643 4.645454254001379 9.6504960581660271 0.031304676667787135
leaf_count=16 20 22 34 78 30 10
internal_value=0 0.0348071 -0.105885 -0.135929 0.0510197 -0.218849
internal_weight=0 26.9231 8.85033 5.4982 20.2523 0.85275
internal_count=210 68 142 122 46 44
shrinkage=0.1


Tree=30
num_leaves=7
num_cat=0
split_feature=0 0 0 0 0 0
split_gain=0.124339 0.0204786 0.0126261 0.00626102 0.00312699 0.000964175
threshold=0.25000000000000006 0.15000000000000005 0.35000000000000003 0.75000000000000011 1.0000000180025095e-35 0.45000000000000007
decision_type=2 2 2 2 2 2
left_child=1 4 -2 5 -1 -4
right_child=2 -3 3 -5 -6 -7
leaf_value=0.0061496986831291109 -0.0054548016890037677 -0.0014268344022417994 -0.020487086613488026 -0.011799636871865748 0.0036603602992161762 -0.038545202891427724
leaf_weight=10.602944392710928 3.3510349588468653 6.6633756775408974 0.8185371458530426 4.6365881133824587 9.6284997202455997 0.0306753030163236
leaf_count=16 20 22 34 78 30 10
internal_value=0 0.0338136 -0.102911 -0.132454 0.0496498 -0.211394
internal_weight=0 26.8948 8.83684 5.4858 20.2314 0.849212
internal_count=210 68 142 122 46 44
shrinkage=0.1


Tree=31
num_leaves=7
num_cat=0
split_feature=0 0 0 0 0 0
split_gain=0.117452 0.0195466 0.0121687 0.00565846 0.00306137 0.000871131
threshold=0.25000000000000006 0.15000000000000005 0.35000000000000003 0.75000000000000011 1.0000000180025095e-35 0.45000000000000007
decision_type=2 2 2 2 2 2
left_child=1 4 -2 5 -1 -4
right_child=2 -3 3 -5 -6 -7
leaf_value=0.0060068138995574812 -0.0052629283759992127 -0.0014125201502655804 -0.019819060661277567 -0.011540466780020435 0.0035423827766971222 -0.037143123629647695
leaf_weight=10.604008715599779 3.3500742781907302 6.6564721949398509 0.81578259635716655 4.6280901534482837 9.6075363717973232 0.030096615257207304
leaf_count=16 20 22 34 78 30 10
internal_value=0 0.0328746 -0.100099 -0.12915 0.0483535 -0.204355
internal_weight=0 26.868 8.82404 5.47397 20.2115 0.845879
internal_count=210 68 142 122 46 44
shrinkage=0.1


Tree=32
num_leaves=7
num_cat=0
split_feature=0 0 0 0 0 0
split_gain=0.11111 0.0186842 0.0117349 0.0051225 0.00299245 0.000788403
threshold=0.25000000000000006 0.15000000000000005 0.35000000000000003 0.75000000000000011 1.0000000180025095e-35 0.45000000000000007
decision_type=2 2 2 2 2 2
left_child=1 4 -2 5 -1 -4
right_child=2 -3 3 -5 -6 -7
leaf_value=0.0058700085853115452 -0.0050825674713298004 -0.0013989001336702095 -0.019187176490719143 -0.011292644501603565 0.0034321969439510174 -0.03581179865129324
leaf_weight=10.605028454214338 3.349217049777506 6.649999249726533 0.81317433237563808 4.6199405421502888 9.5875265002250671 0.029563340969616547
leaf_count=16 20 22 34 78 30 10
internal_value=0 0.0319847 -0.097431 -0.126005 0.0471252 -0.197704
internal_weight=0 26.8426 8.8119 5.46268 20.1926 0.842738
internal_count=210 68 142 122 46 44
shrinkage=0.1


Tree=33
num_leaves=7
num_cat=0
split_feature=0 0 0 0 0 0
split_gain=0.105264 0.0178851 0.0113235 0.00464402 0.00292229 0.000714764
threshold=0.25000000000000006 0.15000000000000005 0.35000000000000003 0.75000000000000011 1.0000000180025095e-35 0.45000000000000007
decision_type=2 2 2 2 2 2
left_child=1 4 -2 5 -1 -4
right_child=2 -3 3 -5 -6 -7
leaf_value=0.0057392452585153034 -0.004912885259739156 -0.0013859471007053364 -0.018588515045555157 -0.011055792458599674 0.0033289709584857852 -0.034547372603224789
leaf_weight=10.605996213853363 3.3484446620568615 6.6439127102494231 0.81070138909853984 4.6121235894970596 9.5684139989316463 0.029070978955132887
leaf_count=16 20 22 34 78 30 10
internal_value=0 0.0311411 -0.0949 -0.123012 0.0459609 -0.19141
internal_weight=0 26.8183 8.80034 5.4519 20.1744 0.839772
internal_count=210 68 142 122 46 44
shrinkage=0.1


Tree=34
num_leaves=7
num_cat=0
split_feature=0 0 0 0 0 0
split_gain=0.0998576 0.0171395 0.010931 0.00421606 0.00285254 0.000649145
threshold=0.25000000000000006 0.15000000000000005 0.35000000000000003 0.75000000000000011 1.0000000180025095e-35 0.45000000000000007
decision_type=2 2 2 2 2 2
left_child=1 4 -2 5 -1 -4
right_child=2 -3 3 -5 -6 -7
leaf_value=0.0056141288870918977 -0.0047532136756695707 -0.0013732127284436929 -0.018020237978783524 -0.010828701848073051 0.0032316449376887952 -0.033346065582730997
leaf_weight=10.606912910938266 3.3477589152753335 6.6381726879626504 0.80835259112063773 4.6046100831590593 9.5501288920640945 0.028615539224119857
leaf_count=16 20 22 34 78 30 10
internal_value=0 0.0303396 -0.0924933 -0.120154 0.0448534 -0.185442
internal_weight=0 26.7952 8.78934 5.44158 20.157 0.836968
internal_count=210 68 142 122 46 44
shrinkage=0.1


Tree=35
num_leaves=7
num_cat=0
split_feature=0 0 0 0 0 0
split_gain=0.0948525 0.0164438 0.0105575 0.00383246 0.00278186 0.000590485
threshold=0.25000000000000006 0.15000000000000005 0.35000000000000003 0.75000000000000011 1.0000000180025095e-35 0.45000000000000007
decision_type=2 2 2 2 2 2
left_child=1 4 -2 5 -1 -4
right_child=2 -3 3 -5 -6 -7
leaf_value=0.0054940653244012604 -0.0046026802868269689 -0.0013608077822481576 -0.0174804597951706 -0.010611055812981164 0.0031401896553534588 -0.032203492388764139
leaf_weight=10.607794087380174 3.3471399564295989 6.6327488161623469 0.80612168903462589 4.597386468667537 9.5326201245188713 0.028193155594635755
leaf_count=16 20 22 34 78 30 10
internal_value=0 0.0295775 -0.0902035 -0.117426 0.0437996 -0.17978
internal_weight=0 26.7732 8.77884 5.4317 20.1404 0.834315
internal_count=210 68 142 122 46 44
shrinkage=0.1


Tree=36
num_leaves=7
num_cat=0
split_feature=0 0 0 0 0 0
split_gain=0.0902065 0.0157945 0.0102027 0.00348743 0.00271095 0.000538044
threshold=0.25000000000000006 0.15000000000000005 0.35000000000000003 0.75000000000000011 1.0000000180025095e-35 0.45000000000000007
decision_type=2 2 2 2 2 2
left_child=1 4 -2 5 -1 -4
right_child=2 -3 3 -5 -6 -7
leaf_value=0.00537879676479543 -0.0044602173340376064 -0.0013489151516434556 -0.016966662868662514 -0.01040230005268071 0.0030540822559781133 -0.031116808613936748
leaf_weight=10.60864178091288 3.3465804690495116 6.6276116073131552 0.80399742198642332 4.5904382090084255 9.5158322416245937 0.027800925396149975
leaf_count=16 20 22 34 78 30 10
internal_value=0 0.0288515 -0.0880208 -0.114819 0.0427956 -0.174396
internal_weight=0 26.7521 8.76882 5.42224 20.1245 0.831798
internal_count=210 68 142 122 46 44
shrinkage=0.1


Tree=37
num_leaves=7
num_cat=0
split_feature=0 0 0 0 0 0
split_gain=0.0858798 0.0151855 0.00986559 0.00317757 0.00264374 0.000491053
threshold=0.25000000000000006 0.15000000000000005 0.35000000000000003 0.75000000000000011 1.0000000180025095e-35 0.45000000000000007
decision_type=2 2 2 2 2 2
left_child=1 4 -2 5 -1 -4
right_child=2 -3 3 -5 -6 -7
leaf_value=0.0052685920215327321 -0.0043248435089807274 -0.0013373455880612377 -0.016477678470226038 -0.010201412915026742 0.0029718883637411386 -0.03008296381224523
leaf_weight=10.609436653554443 3.3460787534713727 6.6227397955954066 0.80197875481098879 4.5837388373911381 9.4997213110327721 0.027436073694843799
leaf_count=16 20 22 34 78 30 10
internal_value=0 0.0281581 -0.0859345 -0.11232 0.0418361 -0.169277
internal_weight=0 26.7319 8.75923 5.41315 20.1092 0.829415
internal_count=210 68 142 122 46 44
shrinkage=0.1


Tree=38
num_leaves=7
num_cat=0
split_feature=0 0 0 0 0 0
split_gain=0.0818522 0.014612 0.00954547 0.00289838 0.00257561 0.000448809
threshold=0.25000000000000006 0.15000000000000005 0.35000000000000003 0.75000000000000011 1.0000000180025095e-35 0.45000000000000007
decision_type=2 2 2 2 2 2
left_child=1 4 -2 5 -1 -4
right_child=2 -3 3 -5 -6 -7
leaf_value=0.0051622664739020127 -0.0041963693034829646 -0.0013257258014080402 -0.016011971386259177 -0.010008504718817875 0.002894413197818448 -0.029098107579893014
leaf_weight=10.610211789608005 3.3456247402355057 6.6181063000112763 0.80005788046400972 4.5772844981402159 9.4842415265738964 0.027095891942735761
leaf_count=16 20 22 34 78 30 10
internal_value=0 0.0274965 -0.0839425 -0.109929 0.0409188 -0.164406
internal_weight=0 26.7126 8.75006 5.40444 20.0945 0.827154
internal_count=210 68 142 122 46 44
shrinkage=0.1


Tree=39
num_leaves=7
num_cat=0
split_feature=0 0 0 0 0 0
split_gain=0.0780919 0.0140746 0.00924102 0.00264545 0.00251082 0.00041091
threshold=0.25000000000000006 0.15000000000000005 0.35000000000000003 0.75000000000000011 1.0000000180025095e-35 0.45000000000000007
decision_type=2 2 2 2 2 2
left_child=1 4 -2 5 -1 -4
right_child=2 -3 3 -5 -6 -7
leaf_value=0.0050605101673195582 -0.0040740887655969045 -0.0013146892527410483 -0.0155667321647717 -0.0098229885945044521 0.0028204717568917491 -0.028160225015120319
leaf_weight=10.610938619822267 3.3452105522155744 6.613695975393056 0.79822134051937599 4.5710610169917345 9.4693616591393948 0.026778443047078326
leaf_count=16 20 22 34 78 30 10
internal_value=0 0.0268637 -0.0820361 -0.107636 0.0400416 -0.159755
internal_weight=0 26.694 8.74127 5.39606 20.0803 0.825
internal_count=210 68 142 122 46 44
shrinkage=0.1


Tree=40
num_leaves=7
num_cat=0
split_feature=0 0 0 0 0 0
split_gain=0.0745777 0.0135674 0.00894953 0.00244726 0.00241717 0.000376736
threshold=0.25000000000000006 0.15000000000000005 0.35000000000000003 1.0000000180025095e-35 0.75000000000000011 0.45000000000000007
decision_type=2 2 2 2 2 2
left_child=1 3 -2 -1 5 -4
right_child=2 -3 4 -5 -6 -7
leaf_value=0.0049625245719275143 -0.003958040597956269 -0.0013037176212389954 -0.015141768021786118 0.0027501706627170324 -0.0096440541345651082 -0.027265878327042477
leaf_weight=10.611641321331266 3.3448405778035504 6.6094896905124179 0.79647160042077292 9.4550383314490318 4.5650470764376223 0.026481493259780109
leaf_count=16 20 22 34 30 78 10
internal_value=0 0.0262581 -0.0802106 0.0392011 -0.105434 -0.155319
internal_weight=0 26.6762 8.73284 20.0667 5.388 0.822953
internal_count=210 68 142 46 122 44
shrinkage=0.1


Tree=41
num_leaves=7
num_cat=0
split_feature=0 0 0 0 0 0
split_gain=0.0712871 0.0130889 0.00867472 0.00238465 0.00221026 0.00034593
threshold=0.25000000000000006 0.15000000000000005 0.35000000000000003 1.0000000180025095e-35 0.75000000000000011 0.45000000000000007
decision_type=2 2 2 2 2 2
left_child=1 3 -2 -1 5 -4
right_child=2 -3 4 -5 -6 -7
leaf_value=0.0048680353974688449 -0.0038466870928422791 -0.0012929788131728745 -0.014735712282385719 0.0026833518053083665 -0.0094719993477072034 -0.026413410472741834
leaf_weight=10.612318929284815 3.3444995852187258 6.6054705325514069 0.79480170365422942 9.4412399008870125 4.5592448560055345 0.026203573128441349
leaf_count=16 20 22 34 30 78 10
internal_value=0 0.0256778 -0.0784601 0.0383948 -0.103321 -0.151084
internal_weight=0 26.659 8.72475 20.0536 5.38025 0.821005
internal_count=210 68 142 46 122 44
shrinkage=0.1


Tree=42
num_leaves=7
num_cat=0
split_feature=0 0 0 0 0 0
split_gain=0.0682011 0.0126373 0.00841111 0.0023256 0.00202269 0.000318078
threshold=0.25000000000000006 0.15000000000000005 0.35000000000000003 1.0000000180025095e-35 0.75000000000000011 0.45000000000000007
decision_type=2 2 2 2 2 2
left_child=1 3 -2 -1 5 -4
right_child=2 -3 4 -5 -6 -7
leaf_value=0.0047774085320449293 -0.0037406973572184292 -0.0012825595456305678 -0.01434701650424983 0.0026191678110233786 -0.0093057505310722554 -0.025599463939168256
leaf_weight=10.612954292446378 3.3441911912523192 6.6016284991055718 0.79320616892073292 9.4279441758990288 4.5536291969474405 0.025942773092538118
leaf_count=16 20 22 34 30 78 10
internal_value=0 0.025121 -0.0767799 0.037621 -0.101287 -0.147034
internal_weight=0 26.6425 8.71697 20.0409 5.37278 0.819149
internal_count=210 68 142 46 122 44
shrinkage=0.1


Tree=43
num_leaves=7
num_cat=0
split_feature=0 0 0 0 0 0
split_gain=0.0653048 0.0122095 0.00815955 0.00226667 0.00185226 0.0002929
threshold=0.25000000000000006 0.15000000000000005 0.35000000000000003 1.0000000180025095e-35 0.75000000000000011 0.45000000000000007
decision_type=2 2 2 2 2 2
left_child=1 3 -2 -1 5 -4
right_child=2 -3 4 -5 -6 -7
leaf_value=0.004689682253667094 -0.0036394684988110453 -0.0012722068389565734 -0.013974730944010206 0.0025582244135893446 -0.0091453360894064289 -0.024822657900360017
leaf_weight=10.613578658550981 3.3439138461835665 6.5979477427899829 0.79167982877697773 9.4151099286973476 4.5481970459222794 0.025697952165501192
leaf_count=16 20 22 34 30 78 10
internal_value=0 0.0245868 -0.0751666 0.0368772 -0.0993299 -0.143158
internal_weight=0 26.6266 8.70949 20.0287 5.36557 0.817378
internal_count=210 68 142 46 122 44
shrinkage=0.1


Tree=44
num_leaves=7
num_cat=0
split_feature=0 0 0 0 0 0
split_gain=0.0625804 0.0118043 0.00792008 0.00221134 0.0016971 0.000270089
threshold=0.25000000000000006 0.15000000000000005 0.35000000000000003 1.0000000180025095e-35 0.75000000000000011 0.45000000000000007
decision_type=2 2 2 2 2 2
left_child=1 3 -2 -1 5 -4
right_child=2 -3 4 -5 -6 -7
leaf_value=0.0046054420222991551 -0.0035423455916977313 -0.0012621091557772166 -0.013617694926104547 0.002499449880358412 -0.0089904279836440833 -0.024080454592491758
leaf_weight=10.614164248108867 3.3436617702245695 6.5944191478192797 0.79021858342457552 9.4027209132909775 4.542938926955685 0.025467693485552445
leaf_count=16 20 22 34 30 78 10
internal_value=0 0.0240731 -0.0736147 0.0361617 -0.0974451 -0.139444
internal_weight=0 26.6113 8.70229 20.0169 5.35863 0.815686
internal_count=210 68 142 46 122 44
shrinkage=0.1


Tree=45
num_leaves=7
num_cat=0
split_feature=0 0 0 0 0 0
split_gain=0.0600151 0.0114196 0.00769242 0.00215736 0.00155587 0.000249381
threshold=0.25000000000000006 0.15000000000000005 0.35000000000000003 1.0000000180025095e-35 0.75000000000000011 0.45000000000000007
decision_type=2 2 2 2 2 2
left_child=1 3 -2 -1 5 -4
right_child=2 -3 4 -5 -6 -7
leaf_value=0.0045240086410032474 -0.0034489961445712571 -0.0012521324530502869 -0.01327538266969755 0.0024432024729166054 -0.008840806593513318 -0.023371069430622931
leaf_weight=10.614730663597587 3.3434319333173317 6.5910324016585937 0.78882018278818555 9.3907464630901814 4.5378479375503957 0.025250873033655807
leaf_count=16 20 22 34 30 78 10
internal_value=0 0.023579 -0.072121 0.0354726 -0.0956297 -0.135885
internal_weight=0 26.5965 8.69535 20.0055 5.35192 0.814071
internal_count=210 68 142 46 122 44
shrinkage=0.1


Tree=46
num_leaves=7
num_cat=0
split_feature=0 0 0 0 0 0
split_gain=0.057598 0.0110537 0.00747485 0.00210482 0.00142735 0.000230523
threshold=0.25000000000000006 0.15000000000000005 0.35000000000000003 1.0000000180025095e-35 0.75000000000000011 0.45000000000000007
decision_type=2 2 2 2 2 2
left_child=1 3 -2 -1 5 -4
right_child=2 -3 4 -5 -6 -7
leaf_value=0.0044452716441201849 -0.0033594924872796454 -0.001242224883194981 -0.012947113475069792 0.0023893133623441552 -0.0086960730242565502 -0.022692151742121608
leaf_weight=10.615280114114288 3.3432257310487312 6.5877785859629503 0.78748289076611389 9.3791649788618088 4.5329133460763842 0.025046333263162524
leaf_count=16 20 22 34 30 78 10
internal_value=0 0.0231034 -0.070683 0.0348085 -0.0938791 -0.132475
internal_weight=0 26.5822 8.68867 19.9944 5.34544 0.812529
internal_count=210 68 142 46 122 44
shrinkage=0.1


Tree=47
num_leaves=7
num_cat=0
split_feature=0 0 0 0 0 0
split_gain=0.0553188 0.010707 0.00726592 0.00205375 0.0013098 0.000213411
threshold=0.25000000000000006 0.15000000000000005 0.35000000000000003 1.0000000180025095e-35 0.75000000000000011 0.45000000000000007
decision_type=2 2 2 2 2 2
left_child=1 3 -2 -1 5 -4
right_child=2 -3 4 -5 -6 -7
leaf_value=0.0043692166163211282 -0.0032738782962507466 -0.0012326563771696422 -0.012631326034808319 0.0023377342246740421 -0.0085560211226985879 -0.022043146265465045
leaf_weight=10.61580374091864 3.3430341426283103 6.584645176306366 0.78619695757515717 9.3679682239890099 4.5281278553884476 0.024853410694049671
leaf_count=16 20 22 34 30 78 10
internal_value=0 0.0226457 -0.069298 0.034169 -0.0921889 -0.129197
internal_weight=0 26.5684 8.68221 19.9838 5.33918 0.81105
internal_count=210 68 142 46 122 44
shrinkage=0.1


Tree=48
num_leaves=7
num_cat=0
split_feature=0 0 0 0 0 0
split_gain=0.0531666 0.0103763 0.00706678 0.00200448 0.00120239 0.000197783
threshold=0.25000000000000006 0.15000000000000005 0.35000000000000003 1.0000000180025095e-35 0.75000000000000011 0.45000000000000007
decision_type=2 2 2 2 2 2
left_child=1 3 -2 -1 5 -4
right_child=2 -3 4 -5 -6 -7
leaf_value=0.0042956769882709286 -0.0031914568226780109 -0.0012230973307312378 -0.012327868828866127 0.0022881121230933308 -0.0084205675811266246 -0.021421153101659009
leaf_weight=10.61631262302399 3.3428637096658331 6.58163097500801 0.78496481897309411 9.3571205846965313 4.5234879720956087 0.024670947139384225
leaf_count=16 20 22 34 30 78 10
internal_value=0 0.0222046 -0.0679627 0.0335518 -0.0905581 -0.12605
internal_weight=0 26.5551 8.67599 19.9734 5.33312 0.809636
internal_count=210 68 142 46 122 44
shrinkage=0.1


Tree=49
num_leaves=7
num_cat=0
split_feature=0 0 0 0 0 0
split_gain=0.051129 0.0100628 0.00687631 0.00195711 0.00110424 0.000183528
threshold=0.25000000000000006 0.15000000000000005 0.35000000000000003 1.0000000180025095e-35 0.75000000000000011 0.45000000000000007
decision_type=2 2 2 2 2 2
left_child=1 3 -2 -1 5 -4
right_child=2 -3 4 -5 -6 -7
leaf_value=0.0042246112320250056 -0.0031119888388647394 -0.001214008424039224 -0.012035915027474925 0.0022403424502905884 -0.0082891898872937998 -0.020825456984529787
leaf_weight=10.616797631606463 3.3427050975151342 6.5787255698814979 0.78378174384124555 9.3466157577931881 4.5189805885311216 0.02449834966682829
leaf_count=16 20 22 34 30 78 10
internal_value=0 0.0217785 -0.0666725 0.032956 -0.0889808 -0.123023
internal_weight=0 26.5421 8.66997 19.9634 5.32726 0.80828
internal_count=210 68 142 46 122 44
shrinkage=0.1


Tree=50
num_leaves=7
num_cat=0
split_feature=0 0 0 0 0 0
split_gain=0.0492015 0.00976193 0.0066936 0.0019111 0.00101425 0.000170492
threshold=0.25000000000000006 0.15000000000000005 0.35000000000000003 1.0000000180025095e-35 0.75000000000000011 0.45000000000000007
decision_type=2 2 2 2 2 2
left_child=1 3 -2 -1 5 -4
right_child=2 -3 4 -5 -6 -7
leaf_value=0.0041556846065667653 -0.003035633993640284 -0.0012047059375681522 -0.01175464068804238 0.0021943280310543841 -0.0081619070652677143 -0.020254033667008408
leaf_weight=10.617268713191155 3.3425680464133602 6.5759215839207164 0.78264372830744811 9.336427815258503 4.5146027330774814 0.024334742716746405
leaf_count=16 20 22 34 30 78 10
internal_value=0 0.0213675 -0.0654273 0.0323796 -0.0874558 -0.120109
internal_weight=0 26.5296 8.66415 19.9537 5.32158 0.806978
internal_count=210 68 142 46 122 44
shrinkage=0.1


Tree=51
num_leaves=7
num_cat=0
split_feature=0 0 0 0 0 0
split_gain=0.0473753 0.00947617 0.00651887 0.00186705 0.000931925 0.000158578
threshold=0.25000000000000006 0.15000000000000005 0.35000000000000003 1.0000000180025095e-35 0.75000000000000011 0.45000000000000007
decision_type=2 2 2 2 2 2
left_child=1 3 -2 -1 5 -4
right_child=2 -3 4 -5 -6 -7
leaf_value=0.0040891028226640921 -0.0029619840677229323 -0.0011957894027665936 -0.011483943201054801 0.0021499574130919678 -0.0080384949531268814 -0.019706584857407991
leaf_weight=10.6177186742425 3.3424397115595621 6.5732164662331334 0.78155193780548859 9.3265508078038692 4.5103503866121173 0.024179761850973591
leaf_count=16 20 22 34 30 78 10
internal_value=0 0.0209705 -0.064224 0.031823 -0.085981 -0.117307
internal_weight=0 26.5175 8.65852 19.9443 5.31608 0.805732
internal_count=210 68 142 46 122 44
shrinkage=0.1


Tree=52
num_leaves=7
num_cat=0
split_feature=0 0 0 0 0 0
split_gain=0.0456431 0.00920281 0.00635088 0.0018248 0.000856455 0.000147654
threshold=0.25000000000000006 0.15000000000000005 0.35000000000000003 1.0000000180025095e-35 0.75000000000000011 0.45000000000000007
decision_type=2 2 2 2 2 2
left_child=1 3 -2 -1 5 -4
right_child=2 -3 4 -5 -6 -7
leaf_value=0.0040246341248701542 -0.0028910622438326258 -0.0011869493770722639 -0.011222947418833541 0.002107046638463536 -0.0079186370052323034 -0.019181000988811897
leaf_weight=10.618147132918242 3.3423267896287125 6.5706013729795805 0.78050099359825253 9.316967386752367 4.5062124880496413 0.024032603367231783
leaf_count=16 20 22 34 30 78 10
internal_value=0 0.0205867 -0.0630602 0.0312842 -0.0845522 -0.114607
internal_weight=0 26.5057 8.65307 19.9351 5.31075 0.804534
internal_count=210 68 142 46 122 44
shrinkage=0.1


Tree=53
num_leaves=7
num_cat=0
split_feature=0 0 0 0 0 0
split_gain=0.043999 0.00894177 0.00619022 0.00178281 0.000786986 0.000137648
threshold=0.25000000000000006 0.15000000000000005 0.35000000000000003 1.0000000180025095e-35 0.75000000000000011 0.45000000000000007
decision_type=2 2 2 2 2 2
left_child=1 3 -2 -1 5 -4
right_child=2 -3 4 -5 -6 -7
leaf_value=0.0039618589558568012 -0.0028225064853949528 -0.0011782969575528188 -0.010970918136448489 0.0020659752166939794 -0.0078024496387272468 -0.018676533231101945
leaf_weight=10.618573890998963 3.3422239520587009 6.5680738035589448 0.77948791964445252 9.307654857635498 4.5021930185612291 0.023892803161288608
leaf_count=16 20 22 34 30 78 10
internal_value=0 0.0202155 -0.0619343 0.0307628 -0.0831693 -0.112001
internal_weight=0 26.4943 8.6478 19.9262 5.30557 0.803381
internal_count=210 68 142 46 122 44
shrinkage=0.1


Tree=54
num_leaves=7
num_cat=0
split_feature=0 0 0 0 0 0
split_gain=0.0424396 0.00869156 0.00603537 0.00174336 0.000723484 0.000128422
threshold=0.25000000000000006 0.15000000000000005 0.35000000000000003 1.0000000180025095e-35 0.75000000000000011 0.45000000000000007
decision_type=2 2 2 2 2 2
left_child=1 3 -2 -1 5 -4
right_child=2 -3 4 -5 -6 -7
leaf_value=0.0039012825908875458 -0.0027566609647192053 -0.0011696346386657814 -0.010728337316974278 0.002026022814436053 -0.0076895692968338208 -0.018191550446916085
leaf_weight=10.618971291929487 3.3421356985345465 6.5656253350898615 0.77851595368701954 9.2986186183989048 4.4982791587244719 0.0237597735831514
leaf_count=16 20 22 34 30 78 10
internal_value=0 0.0198569 -0.0608461 0.0302581 -0.0818296 -0.109494
internal_weight=0 26.4832 8.64269 19.9176 5.30055 0.802276
internal_count=210 68 142 46 122 44
shrinkage=0.1


Tree=55
num_leaves=7
num_cat=0
split_feature=0 0 0 0 0 0
split_gain=0.0409541 0.00845225 0.00588668 0.00170402 0.000664867 0.000119958
threshold=0.25000000000000006 0.15000000000000005 0.35000000000000003 1.0000000180025095e-35 0.75000000000000011 0.45000000000000007
decision_type=2 2 2 2 2 2
left_child=1 3 -2 -1 5 -4
right_child=2 -3 4 -5 -6 -7
leaf_value=0.0038421365520509218 -0.002692849310212637 -0.0011612188578112657 -0.010493391966647791 0.0019877060644006512 -0.0075797966733255123 -0.017725351733503671
leaf_weight=10.619367349892858 3.3420542236417514 6.5632546162232748 0.77757563081104286 9.2898269966244698 4.4944685895461589 0.023633117656572718
leaf_count=16 20 22 34 30 78 10
internal_value=0 0.019509 -0.0597901 0.0297684 -0.0805288 -0.107067
internal_weight=0 26.4724 8.63773 19.9092 5.29568 0.801209
internal_count=210 68 142 46 122 44
shrinkage=0.1


Tree=56
num_leaves=7
num_cat=0
split_feature=0 0 0 0 0 0
split_gain=0.0395415 0.00822137 0.00574598 0.00166702 0.000611214 0.00011215
threshold=0.25000000000000006 0.15000000000000005 0.35000000000000003 1.0000000180025095e-35 0.75000000000000011 0.45000000000000007
decision_type=2 2 2 2 2 2
left_child=1 3 -2 -1 5 -4
right_child=2 -3 4 -5 -6 -7
leaf_value=0.0037849009553533111 -0.002630595396901008 -0.0011526123815759775 -0.010267357251197208 0.0019502782874581291 -0.0074734358611323786 -0.017277492606166556
leaf_weight=10.619745729491118 3.3419852149672788 6.5609593214467159 0.77667522139381595 9.2812746167182922 4.4907645708881319 0.023512561689130958
leaf_count=16 20 22 34 30 78 10
internal_value=0 0.0191722 -0.0587674 0.0292928 -0.0792713 -0.104733
internal_weight=0 26.462 8.63294 19.901 5.29095 0.800188
internal_count=210 68 142 46 122 44
shrinkage=0.1


Tree=57
num_leaves=7
num_cat=0
split_feature=0 0 0 0 0 0
split_gain=0.0381991 0.0131565 0.00163135 0.000561665 0.000450482 0.000104969
threshold=0.15000000000000005 0.35000000000000003 1.0000000180025095e-35 0.75000000000000011 0.25000000000000006 0.45000000000000007
decision_type=2 2 2 2 2 2
left_child=2 4 -1 5 -2 -3
right_child=1 3 -4 -5 -6 -7
leaf_value=0.0037294379575715597 -0.00114448832755594 -0.010048058208042937 0.0019141286236513105 -0.007369662399914061 -0.002570957961348241 -0.016846318404406056
leaf_weight=10.620106399059296 6.5587353240698558 0.77580207632854481 9.272960003465414 4.4871482779271901 3.3419255604967475 0.023397536133416
leaf_count=16 22 34 30 78 20 10
internal_value=0 -0.0377669 0.0288325 -0.0780468 -0.0162599 -0.102471
internal_weight=0 15.187 19.8931 5.28635 9.90066 0.7992
internal_count=210 164 46 122 42 44
shrinkage=0.1


Tree=58
num_leaves=7
num_cat=0
split_feature=0 0 0 0 0 0
split_gain=0.0370112 0.0127514 0.0015963 0.000516187 0.000419491 9.83315e-05
threshold=0.15000000000000005 0.35000000000000003 1.0000000180025095e-35 0.75000000000000011 0.25000000000000006 0.45000000000000007
decision_type=2 2 2 2 2 2
left_child=2 4 -1 5 -2 -3
right_child=1 3 -4 -5 -6 -7
leaf_value=0.0036754021452762606 -0.0011364564564956404 -0.0098364652263779311 0.001879292356131018 -0.0072688362958919566 -0.0025130673062265249 -0.016431411582288787
leaf_weight=10.620459124445915 6.5565761234611255 0.77496231941040494 9.2648682929575443 4.4836255793925375 3.3418720155023038 0.02328779520757962
leaf_count=16 22 34 30 78 20 10
internal_value=0 -0.0371836 0.0283857 -0.0768596 -0.0160122 -0.100289
internal_weight=0 15.1803 19.8853 5.28188 9.89845 0.79825
internal_count=210 164 46 122 42 44
shrinkage=0.1


Tree=59
num_leaves=7
num_cat=0
split_feature=0 0 0 0 0 0
split_gain=0.0358764 0.0123639 0.00156188 0.000474129 0.000390798 9.22061e-05
threshold=0.15000000000000005 0.35000000000000003 1.0000000180025095e-35 0.75000000000000011 0.25000000000000006 0.45000000000000007
decision_type=2 2 2 2 2 2
left_child=2 4 -1 5 -2 -3
right_child=1 3 -4 -5 -6 -7
leaf_value=0.0036227601465971386 -0.0011284957802271181 -0.009631292217633227 0.0018457304460615274 -0.0071707422306523123 -0.0024572724463772077 -0.016031631536995414
leaf_weight=10.620803074911237 6.554479210637508 0.77414908923674275 9.2569900639355183 4.4801927118096501 3.3418252188712358 0.023182918564998545
leaf_count=16 22 34 30 78 20 10
internal_value=0 -0.0366173 0.0279521 -0.075706 -0.015772 -0.0981739
internal_weight=0 15.1738 19.8778 5.27752 9.8963 0.797332
internal_count=210 164 46 122 42 44
shrinkage=0.1


Tree=60
num_leaves=7
num_cat=0
split_feature=0 0 0 0 0 0
split_gain=0.0347902 0.0119928 0.0015292 0.000435522 0.000363886 8.65303e-05
threshold=0.15000000000000005 0.35000000000000003 1.0000000180025095e-35 0.75000000000000011 0.25000000000000006 0.45000000000000007
decision_type=2 2 2 2 2 2
left_child=2 4 -1 5 -2 -3
right_child=1 3 -4 -5 -6 -7
leaf_value=0.003571684207532168 -0.0011207470845006448 -0.009432913938041073 0.0018129706846254203 -0.0070750496771700769 -0.0024030262241816207 -0.015646291627833504
leaf_weight=10.621131109073758 6.5524432081729156 0.773365193977951 9.2493146806955338 4.4768396061845124 3.341787785757333 0.023082635321770795
leaf_count=16 22 34 30 78 20 10
internal_value=0 -0.0360666 0.0275304 -0.0745837 -0.0155384 -0.0961299
internal_weight=0 15.1675 19.8704 5.27329 9.89423 0.796448
internal_count=210 164 46 122 42 44
shrinkage=0.1


Tree=61
num_leaves=7
num_cat=0
split_feature=0 0 0 0 0 0
split_gain=0.0337495 0.0116392 0.00149758 0.000399842 0.000338709 8.12877e-05
threshold=0.15000000000000005 0.35000000000000003 1.0000000180025095e-35 0.75000000000000011 0.25000000000000006 0.45000000000000007
decision_type=2 2 2 2 2 2
left_child=2 4 -1 5 -2 -3
right_child=1 3 -4 -5 -6 -7
leaf_value=0.0035219543562872626 -0.0011129541258954386 -0.0092407112118468287 0.0017811494441740757 -0.0069820636233926927 -0.00235014464419741 -0.015275186828505503
leaf_weight=10.62145222723484 6.5504661509767157 0.77260778762865712 9.2418291717767715 4.4735740663018078 3.341756955254823 0.02298680049716495
leaf_count=16 22 34 30 78 20 10
internal_value=0 -0.0355306 0.0271201 -0.0734942 -0.015309 -0.0941506
internal_weight=0 15.1614 19.8633 5.26917 9.89222 0.795595
internal_count=210 164 46 122 42 44
shrinkage=0.1


Tree=62
num_leaves=7
num_cat=0
split_feature=0 0 0 0 0 0
split_gain=0.0327546 0.0112994 0.00146701 0.000367006 0.000315488 7.64278e-05
threshold=0.15000000000000005 0.35000000000000003 1.0000000180025095e-35 0.75000000000000011 0.25000000000000006 0.45000000000000007
decision_type=2 2 2 2 2 2
left_child=2 4 -1 5 -2 -3
right_child=1 3 -4 -5 -6 -7
leaf_value=0.003473619987703866 -0.0011053000817851108 -0.0090545441942851048 0.0017503239988947334 -0.006891324186141092 -0.0022993907867739543 -0.014917304011195662
leaf_weight=10.621757997199893 6.5485410941764695 0.77187567780492716 9.234540369361639 4.4703818291891366 3.3417352819815278 0.022895051879459061
leaf_count=16 22 34 30 78 20 10
internal_value=0 -0.0350102 0.0267217 -0.0724335 -0.0150876 -0.0922343
internal_weight=0 15.1554 19.8563 5.26515 9.89028 0.794771
internal_count=210 164 46 122 42 44
shrinkage=0.1


Tree=63
num_leaves=7
num_cat=0
split_feature=0 0 0 0 0 0
split_gain=0.0318028 0.0109746 0.00143621 0.000336773 0.000293513 7.19046e-05
threshold=0.15000000000000005 0.35000000000000003 1.0000000180025095e-35 0.75000000000000011 0.25000000000000006 0.45000000000000007
decision_type=2 2 2 2 2 2
left_child=2 4 -1 5 -2 -3
right_child=1 3 -4 -5 -6 -7
leaf_value=0.003426293057290441 -0.0010979721204284569 -0.0088744446804839092 0.0017208431519733329 -0.0068030483296028779 -0.0022497831993198488 -0.014571784244862732
leaf_weight=10.622065927833319 6.5466705672442895 0.77116968715563317 9.2274284958839417 4.4672697063069791 3.341713345143944 0.022807118424680084
leaf_count=16 22 34 30 78 20 10
internal_value=0 -0.0345047 0.0263348 -0.0714034 -0.0148722 -0.090381
internal_weight=0 15.1496 19.8495 5.26125 9.88838 0.793977
internal_count=210 164 46 122 42 44
shrinkage=0.1


Tree=64
num_leaves=7
num_cat=0
split_feature=0 0 0 0 0 0
split_gain=0.0308868 0.0106627 0.001408 0.00030879 0.000273334 6.77173e-05
threshold=0.15000000000000005 0.35000000000000003 1.0000000180025095e-35 0.75000000000000011 0.25000000000000006 0.45000000000000007
decision_type=2 2 2 2 2 2
left_child=2 4 -1 5 -2 -3
right_child=1 3 -4 -5 -6 -7
leaf_value=0.0033805005509543566 -0.0010903742539843063 -0.0086992522417756041 0.0016915532796377983 -0.00671675057567446 -0.0022019406838586475 -0.014238235976560583
leaf_weight=10.622350202873349 6.5448482790961844 0.77048407949041475 9.2204892300069332 4.4642253485508263 3.3417055704630911 0.02272280870238319
leaf_count=16 22 34 30 78 20 10
internal_value=0 -0.0340107 0.0259569 -0.070398 -0.0146609 -0.0885793
internal_weight=0 15.144 19.8428 5.25743 9.88655 0.793207
internal_count=210 164 46 122 42 44
shrinkage=0.1


Tree=65
num_leaves=7
num_cat=0
split_feature=0 0 0 0 0 0
split_gain=0.0300103 0.0103642 0.00137936 0.000283024 0.000254062 6.38218e-05
threshold=0.15000000000000005 0.35000000000000003 1.0000000180025095e-35 0.75000000000000011 0.25000000000000006 0.45000000000000007
decision_type=2 2 2 2 2 2
left_child=2 4 -1 5 -2 -3
right_child=1 3 -4 -5 -6 -7
leaf_value=0.0033356048840396295 -0.001083235365881522 -0.0085297011942094148 0.0016636041348534409 -0.0066327906864596378 -0.0021549487790336482 -0.013916386381856549
leaf_weight=10.622637670487165 6.5430748835206014 0.76982271880842645 9.2137159742414951 4.4612560721579939 3.3416948602534831 0.022642001480562609
leaf_count=16 22 34 30 78 20 10
internal_value=0 -0.033531 0.0255898 -0.0694213 -0.0144554 -0.0868361
internal_weight=0 15.1385 19.8364 5.25372 9.88477 0.792465
internal_count=210 164 46 122 42 44
shrinkage=0.1


Tree=66
num_leaves=7
num_cat=0
split_feature=0 0 0 0 0 0
split_gain=0.0291677 0.010078 0.00135218 0.000259161 0.000236357 6.0197e-05
threshold=0.15000000000000005 0.35000000000000003 1.0000000180025095e-35 0.75000000000000011 0.25000000000000006 0.45000000000000007
decision_type=2 2 2 2 2 2
left_child=2 4 -1 5 -2 -3
right_child=1 3 -4 -5 -6 -7
leaf_value=0.003291952659178859 -0.0010758897344658586 -0.0083648532857139093 0.0016361981133812204 -0.0065508904474501283 -0.0021096317785913817 -0.013605133609539992
leaf_weight=10.622910842299461 6.5413460759446007 0.76918071403633692 9.2071029283106327 4.4583534097764641 3.341696813236922 0.022564365994185209
leaf_count=16 22 34 30 78 20 10
internal_value=0 -0.033063 0.0252318 -0.0684697 -0.0142542 -0.085142
internal_weight=0 15.1331 19.83 5.2501 9.88304 0.791745
internal_count=210 164 46 122 42 44
shrinkage=0.1


Tree=67
num_leaves=7
num_cat=0
split_feature=0 0 0 0 0 0
split_gain=0.0283594 0.00980175 0.00132542 0.000237223 0.000219462 5.68229e-05
threshold=0.15000000000000005 0.35000000000000003 1.0000000180025095e-35 0.75000000000000011 0.25000000000000006 0.45000000000000007
decision_type=2 2 2 2 2 2
left_child=2 4 -1 5 -2 -3
right_child=1 3 -4 -5 -6 -7
leaf_value=0.0032493069404073739 -0.0010690997152643339 -0.0082048888745186351 0.0016097242810383225 -0.0064707039602723906 -0.0020652550651157797 -0.013304437220511625
leaf_weight=10.623179668560624 6.539665515534578 0.76855977752711524 9.2006438635289669 4.4555106163024902 3.3416957114823163 0.022489822644274678
leaf_count=16 22 34 30 78 20 10
internal_value=0 -0.0326076 0.0248834 -0.0675404 -0.0140598 -0.0834987
internal_weight=0 15.1279 19.8238 5.24656 9.88136 0.79105
internal_count=210 164 46 122 42 44
shrinkage=0.1


Tree=68
num_leaves=7
num_cat=0
split_feature=0 0 0 0 0 0
split_gain=0.0275816 0.00953793 0.00130009 0.000216894 0.000204014 5.36777e-05
threshold=0.15000000000000005 0.35000000000000003 1.0000000180025095e-35 0.75000000000000011 0.25000000000000006 0.45000000000000007
decision_type=2 2 2 2 2 2
left_child=2 4 -1 5 -2 -3
right_child=1 3 -4 -5 -6 -7
leaf_value=0.0032078420374827069 -0.0010619087853632389 -0.0080494561165506597 0.0015837084824649791 -0.0063926797866941431 -0.0020224027673247046 -0.013013608442158573
leaf_weight=10.623434338718653 6.5380217190831882 0.7679575795191329 9.1943353116512299 4.4527367639821023 3.3417072794400156 0.022418166263378225
leaf_count=16 22 34 30 78 20 10
internal_value=0 -0.0321628 0.0245434 -0.0666366 -0.0138679 -0.0819026
internal_weight=0 15.1228 19.8178 5.24311 9.87973 0.790376
internal_count=210 164 46 122 42 44
shrinkage=0.1


Tree=69
num_leaves=7
num_cat=0
split_feature=0 0 0 0 0 0
split_gain=0.0268364 0.00928323 0.00127481 0.000198206 0.000189565 5.07479e-05
threshold=0.15000000000000005 0.35000000000000003 1.0000000180025095e-35 0.75000000000000011 0.25000000000000006 0.45000000000000007
decision_type=2 2 2 2 2 2
left_child=2 4 -1 5 -2 -3
right_child=1 3 -4 -5 -6 -7
leaf_value=0.0031672935688304253 -0.0010550898573718594 -0.00789866702654877 0.0015587477964954454 -0.0063163968680655441 -0.001980984730413634 -0.01273270869179358
leaf_weight=10.623684780672193 6.5364190908148867 0.76737481588497669 9.1881766468286514 4.4500217335298657 3.3417191910557449 0.02234935769229196
leaf_count=16 22 34 30 78 20 10
internal_value=0 -0.0317308 0.024213 -0.0657549 -0.0136831 -0.0803547
internal_weight=0 15.1179 19.8119 5.23975 9.87814 0.789724
internal_count=210 164 46 122 42 44
shrinkage=0.1


Tree=70
num_leaves=7
num_cat=0
split_feature=0 0 0 0 0 0
split_gain=0.0261163 0.00903878 0.00125066 0.000180965 0.00017586 4.79986e-05
threshold=0.15000000000000005 0.35000000000000003 1.0000000180025095e-35 0.75000000000000011 0.25000000000000006 0.45000000000000007
decision_type=2 2 2 2 2 2
left_child=2 4 -1 5 -2 -3
right_child=1 3 -4 -5 -6 -7
leaf_value=0.0031276731318079288 -0.0010482816150951776 -0.0077520482096728391 0.0015341654935903573 -0.0062417633239493925 -0.0019401125835898907 -0.012460169297821781
leaf_weight=10.623931236565113 6.5348596097901446 0.7668107949430113 9.1821426749229431 4.4473621011711657 3.3417382650077343 0.022282985461060889
leaf_count=16 22 34 30 78 20 10
internal_value=0 -0.0313074 0.0238892 -0.0648939 -0.0135003 -0.07885
internal_weight=0 15.1131 19.8061 5.23646 9.8766 0.789094
internal_count=210 164 46 122 42 44
shrinkage=0.1


Tree=71
num_leaves=7
num_cat=0
split_feature=0 0 0 0 0 0
split_gain=0.0254266 0.00880309 0.00122709 0.000164988 0.000163267 4.54482e-05
threshold=0.15000000000000005 0.35000000000000003 1.0000000180025095e-35 0.75000000000000011 0.25000000000000006 0.45000000000000007
decision_type=2 2 2 2 2 2
left_child=2 4 -1 5 -2 -3
right_child=1 3 -4 -5 -6 -7
leaf_value=0.0030891010886192078 -0.001041610063273723 -0.007609310404237242 0.0015104155272636433 -0.0061689821593454187 -0.0019009486247859781 -0.012197071262148799
leaf_weight=10.624164573848248 6.5333325900137407 0.76626144943293084 9.1762562207877636 4.444762788945809 3.3417612486518919 0.022219261605641805
leaf_count=16 22 34 30 78 20 10
internal_value=0 -0.0308962 0.0235748 -0.0640547 -0.0133241 -0.0773859
internal_weight=0 15.1083 19.8004 5.23324 9.87509 0.788481
internal_count=210 164 46 122 42 44
shrinkage=0.1


Tree=72
num_leaves=7
num_cat=0
split_feature=0 0 0 0 0 0
split_gain=0.02476 0.0085771 0.00120444 0.000151275 0.000150277 4.30566e-05
threshold=0.15000000000000005 0.35000000000000003 1.0000000180025095e-35 0.25000000000000006 0.75000000000000011 0.45000000000000007
decision_type=2 2 2 2 2 2
left_child=2 3 -1 -2 5 -3
right_child=1 4 -4 -5 -6 -7
leaf_value=0.0030513852072247775 -0.001034980422193057 -0.007470625249948422 0.0014870860603187134 -0.0018621870588205938 -0.0060978346369387967 -0.011942095473881278
leaf_weight=10.624395333230495 6.5318447202444059 0.76573045470286061 9.1704886220395565 3.341787613928318 4.4422180920373648 0.022157834930112585
leaf_count=16 22 34 30 20 78 10
internal_value=0 -0.0304934 0.0232668 -0.0131495 -0.0632358 -0.0759638
internal_weight=0 15.1037 19.7949 9.87363 5.23011 0.787888
internal_count=210 164 46 42 122 44
shrinkage=0.1


Tree=73
num_leaves=7
num_cat=0
split_feature=0 0 0 0 0 0
split_gain=0.0241204 0.00835844 0.00118169 0.000140154 0.000136704 4.08116e-05
threshold=0.15000000000000005 0.35000000000000003 1.0000000180025095e-35 0.25000000000000006 0.75000000000000011 0.45000000000000007
decision_type=2 2 2 2 2 2
left_child=2 3 -1 -2 5 -3
right_child=1 4 -4 -5 -6 -7
leaf_value=0.0030144261720965859 -0.0010286098447110292 -0.0073356524231350181 0.001464722194693877 -0.0018248579349668195 -0.0060282331031863527 -0.011694701550753217
leaf_weight=10.624620812013745 6.530390269123016 0.76521397731266816 9.1648522615432739 3.3418157352134585 4.4397252064663917 0.022098554050899111
leaf_count=16 22 34 30 20 78 10
internal_value=0 -0.0301015 0.0229673 -0.0129815 -0.0624359 -0.07458
internal_weight=0 15.0992 19.7895 9.87221 5.22704 0.787313
internal_count=210 164 46 42 122 44
shrinkage=0.1


Tree=74
num_leaves=7
num_cat=0
split_feature=0 0 0 0 0 0
split_gain=0.0235016 0.00814848 0.0011598 0.000129791 0.000124165 3.87166e-05
threshold=0.15000000000000005 0.35000000000000003 1.0000000180025095e-35 0.25000000000000006 0.75000000000000011 0.45000000000000007
decision_type=2 2 2 2 2 2
left_child=2 3 -1 -2 5 -3
right_child=1 4 -4 -5 -6 -7
leaf_value=0.0029782600336434248 -0.0010220618818984006 -0.0072041675782886019 0.0014427299231569227 -0.0017883350337441683 -0.0059601751177002556 -0.011455241620269651
leaf_weight=10.624842619523406 6.528968330472706 0.76471246714936481 9.1593284271657467 3.3418515399098396 4.4372840514406562 0.022041462085326199
leaf_count=16 22 34 30 20 78 10
internal_value=0 -0.0297174 0.0226737 -0.0128149 -0.0616546 -0.0732326
internal_weight=0 15.0949 19.7842 9.87082 5.22404 0.786754
internal_count=210 164 46 42 122 44
shrinkage=0.1


Tree=75
num_leaves=7
num_cat=0
split_feature=0 0 0 0 0 0
split_gain=0.0229069 0.00794593 0.00113869 0.000119984 0.000112648 3.67525e-05
threshold=0.15000000000000005 0.35000000000000003 1.0000000180025095e-35 0.25000000000000006 0.75000000000000011 0.45000000000000007
decision_type=2 2 2 2 2 2
left_child=2 3 -1 -2 5 -3
right_child=1 4 -4 -5 -6 -7
leaf_value=0.0029430445418683667 -0.0010158603987855195 -0.0070764527355386027 0.0014213228304032529 -0.0017526389971356427 -0.0058936534762947506 -0.011223367492490621
leaf_weight=10.625053700059652 6.5275796148926002 0.76422691997140546 9.1539281085133553 3.3418855112977326 4.4348941326607019 0.021986442632623948
leaf_count=16 22 34 30 20 78 10
internal_value=0 -0.0293433 0.0223878 -0.0126534 -0.0608923 -0.0719242
internal_weight=0 15.0906 19.779 9.86947 5.22111 0.786213
internal_count=210 164 46 42 122 44
shrinkage=0.1


Tree=76
num_leaves=7
num_cat=0
split_feature=0 0 0 0 0 0
split_gain=0.0223301 0.00775062 0.00111835 0.000110827 0.000102044 3.49052e-05
threshold=0.15000000000000005 0.35000000000000003 1.0000000180025095e-35 0.25000000000000006 0.75000000000000011 0.45000000000000007
decision_type=2 2 2 2 2 2
left_child=2 3 -1 -2 5 -3
right_child=1 4 -4 -5 -6 -7
leaf_value=0.002908515652581906 -0.0010095168291692014 -0.0069519237957404436 0.0014002154050641903 -0.0017176441896436297 -0.0058283514243313104 -0.010998071841837719
leaf_weight=10.625260764732957 6.5262217642739397 0.76375542784808093 9.1486309245228767 3.3419272322207689 4.4325463599525392 0.021933250536676496
leaf_count=16 22 34 30 20 78 10
internal_value=0 -0.0289757 0.0221068 -0.0124933 -0.0601453 -0.0706488
internal_weight=0 15.0864 19.7739 9.86815 5.21824 0.785689
internal_count=210 164 46 42 122 44
shrinkage=0.1


Tree=77
num_leaves=7
num_cat=0
split_feature=0 0 0 0 0 0
split_gain=0.0217776 0.00756194 0.00109847 0.000102406 9.22152e-05 3.31759e-05
threshold=0.15000000000000005 0.35000000000000003 1.0000000180025095e-35 0.25000000000000006 0.75000000000000011 0.45000000000000007
decision_type=2 2 2 2 2 2
left_child=2 3 -1 -2 5 -3
right_child=1 4 -4 -5 -6 -7
leaf_value=0.0028749122621277729 -0.0010033935928070398 -0.0068304894120698526 0.0013798576104554505 -0.0016841060257162628 -0.0057647082373731241 -0.010779663962017308
leaf_weight=10.625457828864455 6.5248926924541575 0.76329547422937949 9.1434572078287601 3.3419705559499562 4.4302520032506436 0.021881925655179657
leaf_count=16 22 34 30 20 78 10
internal_value=0 -0.028619 0.0218342 -0.0123396 -0.0594173 -0.0694055
internal_weight=0 15.0823 19.7689 9.86686 5.21543 0.785177
internal_count=210 164 46 42 122 44
shrinkage=0.1


Tree=78
num_leaves=7
num_cat=0
split_feature=0 0 0 0 0 0
split_gain=0.0212432 0.00737993 0.00107856 9.44221e-05 8.3205e-05 3.15564e-05
threshold=0.15000000000000005 0.35000000000000003 1.0000000180025095e-35 0.25000000000000006 0.75000000000000011 0.45000000000000007
decision_type=2 2 2 2 2 2
left_child=2 3 -1 -2 5 -3
right_child=1 4 -4 -5 -6 -7
leaf_value=0.0028418007825305991 -0.00099739717305557022 -0.0067122980625996358 0.0013601459958220894 -0.0016510558961772377 -0.0057023192837000044 -0.01056814854991691
leaf_weight=10.625659188255668 6.5235930532217008 0.76284948963438992 9.1383792124688625 3.3420183518901467 4.4280004259198904 0.021832441285368983
leaf_count=16 22 34 30 20 78 10
internal_value=0 -0.0282695 0.0215672 -0.0121883 -0.058705 -0.0681958
internal_weight=0 15.0783 19.764 9.86561 5.21268 0.784682
internal_count=210 164 46 42 122 44
shrinkage=0.1


Tree=79
num_leaves=7
num_cat=0
split_feature=0 0 0 0 0 0
split_gain=0.0207269 0.00720426 0.00105947 8.70349e-05 7.48813e-05 3.00313e-05
threshold=0.15000000000000005 0.35000000000000003 1.0000000180025095e-35 0.25000000000000006 0.75000000000000011 0.45000000000000007
decision_type=2 2 2 2 2 2
left_child=2 3 -1 -2 5 -3
right_child=1 4 -4 -5 -6 -7
leaf_value=0.0028094854216925793 -0.00099136934575238134 -0.0065968844679203265 0.0013407930508965195 -0.0016189551509137329 -0.0056412679466146922 -0.010362450352609687
leaf_weight=10.62584962695837 6.5223204996436817 0.76241436443524335 9.1334064789116383 3.3420679089613259 4.4257936698850244 0.021784534357720983
leaf_count=16 22 34 30 20 78 10
internal_value=0 -0.0279276 0.0213061 -0.01204 -0.0580085 -0.0670149
internal_weight=0 15.0744 19.7593 9.86439 5.20999 0.784199
internal_count=210 164 46 42 122 44
shrinkage=0.1


Tree=80
num_leaves=7
num_cat=0
split_feature=0 0 0 0 0 0
split_gain=0.0202279 0.00703395 0.0010415 8.0064e-05 6.73213e-05 2.85829e-05
threshold=0.15000000000000005 0.35000000000000003 1.0000000180025095e-35 0.25000000000000006 0.75000000000000011 0.45000000000000007
decision_type=2 2 2 2 2 2
left_child=2 3 -1 -2 5 -3
right_child=1 4 -4 -5 -6 -7
leaf_value=0.0027780361568650238 -0.00098556019378074396 -0.0064847942258974764 0.0013216444941783177 -0.00158750525677742 -0.0055812265924925601 -0.01016227333301575
leaf_weight=10.626030741259456 6.5210766065865737 0.76199468114646052 9.1285333186388016 3.3421215671114624 4.4236232903786004 0.021738118637586009
leaf_count=16 22 34 30 20 78 10
internal_value=0 -0.0275929 0.0210504 -0.0118953 -0.0573257 -0.065868
internal_weight=0 15.0706 19.7546 9.8632 5.20736 0.783733
internal_count=210 164 46 42 122 44
shrinkage=0.1


Tree=81
num_leaves=7
num_cat=0
split_feature=0 0 0 0 0 0
split_gain=0.0197452 0.00687076 0.00102323 7.36384e-05 6.0271e-05 2.7238e-05
threshold=0.15000000000000005 0.35000000000000003 1.0000000180025095e-35 0.25000000000000006 0.75000000000000011 0.45000000000000007
decision_type=2 2 2 2 2 2
left_child=2 3 -1 -2 5 -3
right_child=1 4 -4 -5 -6 -7
leaf_value=0.0027469637992115635 -0.00097953278791059828 -0.0063750013786028062 0.0013032088585734677 -0.0015568327029891009 -0.0055227990388082701 -0.0099685434654080817
leaf_weight=10.626215582713485 6.5198558596894127 0.7615831622388205 9.1237509958446026 3.3421793137677014 4.4215034989174455 0.021693388393032365
leaf_count=16 22 34 30 20 78 10
internal_value=0 -0.0272652 0.0208 -0.0117518 -0.0566603 -0.0647453
internal_weight=0 15.0668 19.75 9.86204 5.20478 0.783277
internal_count=210 164 46 42 122 44
shrinkage=0.1


Tree=82
num_leaves=7
num_cat=0
split_feature=0 0 0 0 0 0
split_gain=0.019279 0.00671224 0.00100583 6.76229e-05 5.38465e-05 2.59603e-05
threshold=0.15000000000000005 0.35000000000000003 1.0000000180025095e-35 0.25000000000000006 0.75000000000000011 0.45000000000000007
decision_type=2 2 2 2 2 2
left_child=2 3 -1 -2 5 -3
right_child=1 4 -4 -5 -6 -7
leaf_value=0.0027166988210558379 -0.00097371469813738523 -0.0062680608864261371 0.0012850806063181043 -0.0015269464835688338 -0.0054653571915230653 -0.009779753461784696
leaf_weight=10.626391142606735 6.5186619069427234 0.76118390046758466 9.1190645880997181 3.3422382106073201 4.4194198311306536 0.02164997611544095
leaf_count=16 22 34 30 20 78 10
internal_value=0 -0.0269448 0.0205553 -0.0116123 -0.0560076 -0.0636518
internal_weight=0 15.0632 19.7455 9.8609 5.20225 0.782834
internal_count=210 164 46 42 122 44
shrinkage=0.1


Tree=83
num_leaves=7
num_cat=0
split_feature=0 0 0 0 0 0
split_gain=0.0188281 0.00655878 0.000988581 6.19093e-05 4.79953e-05 2.47611e-05
threshold=0.15000000000000005 0.35000000000000003 1.0000000180025095e-35 0.25000000000000006 0.75000000000000011 0.45000000000000007
decision_type=2 2 2 2 2 2
left_child=2 3 -1 -2 5 -3
right_child=1 4 -4 -5 -6 -7
leaf_value=0.002686942891104853 -0.00096813501183790583 -0.0061639285593571187 0.0012674637956406052 -0.0014974922452898898 -0.0054089807227307111 -0.0095968055168129535
leaf_weight=10.626563608646393 6.5174914421513659 0.76079667895100911 9.1144677810370922 3.3422989430837333 4.4173714325297624 0.021608072944218293
leaf_count=16 22 34 30 20 78 10
internal_value=0 -0.0266311 0.0203157 -0.0114758 -0.0553684 -0.0625874
internal_weight=0 15.0596 19.741 9.85979 5.19978 0.782405
internal_count=210 164 46 42 122 44
shrinkage=0.1


Tree=84
num_leaves=7
num_cat=0
split_feature=0 0 0 0 0 0
split_gain=0.0183915 0.00641057 0.0009717 5.66561e-05 4.25992e-05 2.36303e-05
threshold=0.15000000000000005 0.35000000000000003 1.0000000180025095e-35 0.25000000000000006 0.75000000000000011 0.45000000000000007
decision_type=2 2 2 2 2 2
left_child=2 3 -1 -2 5 -3
right_child=1 4 -4 -5 -6 -7
leaf_value=0.0026577485821762318 -0.00096246297448840292 -0.0060619942328289317 0.0012502592120273899 -0.0014688756196276583 -0.0053537996005490612 -0.0094186638702864461
leaf_weight=10.626733662560582 6.5163441440090519 0.76041788939619326 9.1099565140902996 3.342363347299397 4.4153633781243116 0.0215674361679703
leaf_count=16 22 34 30 20 78 10
internal_value=0 -0.0263236 0.0200809 -0.0113415 -0.0547428 -0.0615457
internal_weight=0 15.0561 19.7367 9.85871 5.19735 0.781985
internal_count=210 164 46 42 122 44
shrinkage=0.1


Tree=85
num_leaves=7
num_cat=0
split_feature=0 0 0 0 0 0
split_gain=0.0179699 0.00626635 0.000955134 5.17225e-05 3.76651e-05 2.25648e-05
threshold=0.15000000000000005 0.35000000000000003 1.0000000180025095e-35 0.25000000000000006 0.75000000000000011 0.45000000000000007
decision_type=2 2 2 2 2 2
left_child=2 3 -1 -2 5 -3
right_child=1 4 -4 -5 -6 -7
leaf_value=0.0026291557835202502 -0.0009570837824329012 -0.0059623271619963147 0.0012335376813271872 -0.0014409558560649987 -0.0052995939944692838 -0.0092453863513878541
leaf_weight=10.626902546733618 6.5152230681851488 0.76004838611697667 9.1055289506912231 3.3424295200966299 4.4133901624009013 0.021528058423427865
leaf_count=16 22 34 30 20 78 10
internal_value=0 -0.0260232 0.0198515 -0.0112115 -0.0541291 -0.0605276
internal_weight=0 15.0526 19.7324 9.85765 5.19497 0.781576
internal_count=210 164 46 42 122 44
shrinkage=0.1


Tree=86
num_leaves=7
num_cat=0
split_feature=0 0 0 0 0 0
split_gain=0.0175611 0.0061278 0.00093928 4.71665e-05 3.32107e-05 2.15557e-05
threshold=0.15000000000000005 0.35000000000000003 1.0000000180025095e-35 0.25000000000000006 0.75000000000000011 0.45000000000000007
decision_type=2 2 2 2 2 2
left_child=2 3 -1 -2 5 -3
right_child=1 4 -4 -5 -6 -7
leaf_value=0.0026011901632047108 -0.00095152991525489531 -0.005865606517948551 0.0012170304737883272 -0.0014136100670612986 -0.0052465542101130984 -0.0090771972563915473
leaf_weight=10.62706090696156 6.5141191901639086 0.75969182181870465 9.101188849657774 3.3424980882555246 4.4114547234494239 0.02148997806943953
leaf_count=16 22 34 30 20 78 10
internal_value=0 -0.0257285 0.0196264 -0.0110823 -0.0535298 -0.0595396
internal_weight=0 15.0493 19.7282 9.85662 5.19264 0.781182
internal_count=210 164 46 42 122 44
shrinkage=0.1


Tree=87
num_leaves=7
num_cat=0
split_feature=0 0 0 0 0 0
split_gain=0.0171642 0.00599392 0.000923989 4.28915e-05 2.91032e-05 2.0605e-05
threshold=0.15000000000000005 0.35000000000000003 1.0000000180025095e-35 0.25000000000000006 0.75000000000000011 0.45000000000000007
decision_type=2 2 2 2 2 2
left_child=2 3 -1 -2 5 -3
right_child=1 4 -4 -5 -6 -7
leaf_value=0.0025737688460614177 -0.00094599035621478549 -0.0057706264139971396 0.0012007536565651084 -0.0013866419930281266 -0.0051945996440538253 -0.0089132504258251487
leaf_weight=10.627218155190349 6.5130406487733108 0.75934205908561025 9.0969200059771538 3.342570744920522 4.4095556205138564 0.021453004228533249
leaf_count=16 22 34 30 20 78 10
internal_value=0 -0.0254388 0.0194052 -0.0109544 -0.0529424 -0.0585697
internal_weight=0 15.046 19.7241 9.85561 5.19035 0.780795
internal_count=210 164 46 42 122 44
shrinkage=0.1


Tree=88
num_leaves=7
num_cat=0
split_feature=0 0 0 0 0 0
split_gain=0.0167814 0.00586371 0.00090865 3.89299e-05 2.53922e-05 1.97047e-05
threshold=0.15000000000000005 0.35000000000000003 1.0000000180025095e-35 0.25000000000000006 0.75000000000000011 0.45000000000000007
decision_type=2 2 2 2 2 2
left_child=2 3 -1 -2 5 -3
right_child=1 4 -4 -5 -6 -7
leaf_value=0.0025468399103354355 -0.00094069377845567279 -0.0056780485993877796 0.0011851047029619441 -0.0013605106273760006 -0.0051436061513129372 -0.0087537676700399324
leaf_weight=10.627373160794377 6.5119798826053721 0.7590018882183347 9.0927360765635967 3.3426436395384371 4.4076900247018784 0.02141715440666303
leaf_count=16 22 34 30 20 78 10
internal_value=0 -0.0251564 0.0191896 -0.0108309 -0.052367 -0.0576246
internal_weight=0 15.0427 19.7201 9.85462 5.18811 0.780419
internal_count=210 164 46 42 122 44
shrinkage=0.1


Tree=89
num_leaves=7
num_cat=0
split_feature=0 0 0 0 0 0
split_gain=0.0164108 0.00573704 0.000893921 3.52932e-05 2.20327e-05 1.88515e-05
threshold=0.15000000000000005 0.35000000000000003 1.0000000180025095e-35 0.25000000000000006 0.75000000000000011 0.45000000000000007
decision_type=2 2 2 2 2 2
left_child=2 3 -1 -2 5 -3
right_child=1 4 -4 -5 -6 -7
leaf_value=0.002520524442494127 -0.00093545883495839942 -0.0055875341114905623 0.0011697105892361627 -0.0013351941885738055 -0.0050934712690993067 -0.0085983273929696354
leaf_weight=10.627518909052014 6.5109409410506469 0.75867011101217841 9.0886316671967506 3.3427208540961146 4.4058529990725219 0.021382347855251279
leaf_count=16 22 34 30 20 78 10
internal_value=0 -0.0248797 0.0189783 -0.0107106 -0.051802 -0.0567006
internal_weight=0 15.0396 19.7162 9.85366 5.18591 0.780052
internal_count=210 164 46 42 122 44
shrinkage=0.1


Tree=90
num_leaves=7
num_cat=0
split_feature=0 0 0 0 0 0
split_gain=0.0160504 0.00561492 0.000879133 3.18241e-05 1.89711e-05 1.80501e-05
threshold=0.15000000000000005 0.35000000000000003 1.0000000180025095e-35 0.25000000000000006 0.75000000000000011 0.45000000000000007
decision_type=2 2 2 2 2 2
left_child=2 3 -1 -2 5 -3
right_child=1 4 -4 -5 -6 -7
leaf_value=0.0024944969805897662 -0.00093030714719967921 -0.0054988148480662876 0.0011547465616627472 -0.0013098959783690825 -0.005044388154722434 -0.0084471974217482978
leaf_weight=10.627669770270586 6.5099204611033183 0.7583454228588371 9.0845904611051083 3.3427961631678045 4.4040526458993554 0.021348624402889985
leaf_count=16 22 34 30 20 78 10
internal_value=0 -0.0246075 0.0187706 -0.0105909 -0.0512488 -0.0557954
internal_weight=0 15.0365 19.7123 9.85272 5.18375 0.779694
internal_count=210 164 46 42 122 44
shrinkage=0.1


Tree=91
num_leaves=7
num_cat=0
split_feature=0 0 0 0 0 0
split_gain=0.0157018 0.00549595 0.00086495 2.86997e-05 1.6249e-05 1.72849e-05
threshold=0.15000000000000005 0.35000000000000003 1.0000000180025095e-35 0.25000000000000006 0.75000000000000011 0.45000000000000007
decision_type=2 2 2 2 2 2
left_child=2 3 -1 -2 5 -3
right_child=1 4 -4 -5 -6 -7
leaf_value=0.0024691000314034581 -0.00092517142208446658 -0.0054124789378038832 0.0011400491583519491 -0.0012856521555172744 -0.0049960675625750177 -0.0082998618424585079
leaf_weight=10.627812376245856 6.5089179994538409 0.7580312378704539 9.0806298069655895 3.3428787477314472 4.402278218884021 0.021315849109669216
leaf_count=16 22 34 30 20 78 10
internal_value=0 -0.0243414 0.0185674 -0.0104749 -0.0507058 -0.0549145
internal_weight=0 15.0334 19.7084 9.8518 5.18163 0.779347
internal_count=210 164 46 42 122 44
shrinkage=0.1


Tree=92
num_leaves=7
num_cat=0
split_feature=0 0 0 0 0 0
split_gain=0.0153622 0.00538112 0.000851235 2.58307e-05 1.37828e-05 1.6565e-05
threshold=0.15000000000000005 0.35000000000000003 1.0000000180025095e-35 0.25000000000000006 0.75000000000000011 0.45000000000000007
decision_type=2 2 2 2 2 2
left_child=2 3 -1 -2 5 -3
right_child=1 4 -4 -5 -6 -7
leaf_value=0.0024441270492830229 -0.00091984278373060931 -0.0053277485367497577 0.0011255062568150541 -0.0012618365371562074 -0.0049486908363971134 -0.0081564298795681368
leaf_weight=10.627952544018626 6.5079342303797585 0.75772322673583292 9.0767288282513618 3.3429658487439156 4.4005368873476982 0.021284054862917401
leaf_count=16 22 34 30 20 78 10
internal_value=0 -0.0240791 0.0183672 -0.010359 -0.0501733 -0.0540503
internal_weight=0 15.0304 19.7047 9.8509 5.17954 0.779007
internal_count=210 164 46 42 122 44
shrinkage=0.1


Tree=93
num_leaves=7
num_cat=0
split_feature=0 0 0 0 0 0
split_gain=0.015035 0.00526947 0.000837884 2.30564e-05 1.15891e-05 1.58761e-05
threshold=0.15000000000000005 0.35000000000000003 1.0000000180025095e-35 0.25000000000000006 0.75000000000000011 0.45000000000000007
decision_type=2 2 2 2 2 2
left_child=2 3 -1 -2 5 -3
right_child=1 4 -4 -5 -6 -7
leaf_value=0.0024197717495292883 -0.00091507283284087771 -0.0052451653616249648 0.0011113875357558391 -0.0012381850972304918 -0.0049022608496560515 -0.0080163809635049894
leaf_weight=10.628085719421506 6.5069699650630337 0.75742391758831107 9.0729070864617825 3.3430457091890275 4.3988262156490237 0.021253113765851595
leaf_count=16 22 34 30 20 78 10
internal_value=0 -0.0238237 0.0181722 -0.0102474 -0.0496521 -0.053208
internal_weight=0 15.0275 19.701 9.85002 5.1775 0.778677
internal_count=210 164 46 42 122 44
shrinkage=0.1


Tree=94
num_leaves=7
num_cat=0
split_feature=0 0 0 0 0 0
split_gain=0.0147145 0.0051612 0.000824634 2.05566e-05 9.64561e-06 1.52291e-05
threshold=0.15000000000000005 0.35000000000000003 1.0000000180025095e-35 0.25000000000000006 0.75000000000000011 0.45000000000000007
decision_type=2 2 2 2 2 2
left_child=2 3 -1 -2 5 -3
right_child=1 4 -4 -5 -6 -7
leaf_value=0.0023956037043423965 -0.00090996753674771986 -0.0051642839531997669 0.0010974642899606796 -0.0012150664186621205 -0.0048564262645655826 -0.0078803203920968425
leaf_weight=10.628222791478038 6.5060235513374192 0.75713247468229283 9.0691349171102047 3.3431349033489823 4.3971383068710566 0.021223142015514892
leaf_count=16 22 34 30 20 78 10
internal_value=0 -0.0235706 0.0179791 -0.0101353 -0.0491386 -0.0523834
internal_weight=0 15.0247 19.6974 9.84916 5.17549 0.778356
internal_count=210 164 46 42 122 44
shrinkage=0.1


Tree=95
num_leaves=7
num_cat=0
split_feature=0 0 0 0 0 0
split_gain=0.014406 0.0050558 0.000811693 1.8263e-05 7.9064e-06 1.46188e-05
threshold=0.15000000000000005 0.35000000000000003 1.0000000180025095e-35 0.25000000000000006 0.75000000000000011 0.45000000000000007
decision_type=2 2 2 2 2 2
left_child=2 3 -1 -2 5 -3
right_child=1 4 -4 -5 -6 -7
leaf_value=0.0023720380254984375 -0.00090514878702655085 -0.005084912844781412 0.0010839865787093277 -0.0011927283265135789 -0.0048116071101544332 -0.0077477640197150715
leaf_weight=10.628352655097842 6.5050914781168085 0.75684574904153024 9.0654409676790237 3.3432213729247451 4.3954840297810733 0.021194031272898428
leaf_count=16 22 34 30 20 78 10
internal_value=0 -0.0233245 0.0177912 -0.0100277 -0.0486362 -0.0515745
internal_weight=0 15.0218 19.6938 9.84831 5.17352 0.77804
internal_count=210 164 46 42 122 44
shrinkage=0.1


Tree=96
num_leaves=7
num_cat=0
split_feature=0 0 0 0 0 0
split_gain=0.0141051 0.00495374 0.000799193 1.61511e-05 6.38651e-06 1.40331e-05
threshold=0.15000000000000005 0.35000000000000003 1.0000000180025095e-35 0.25000000000000006 0.75000000000000011 0.45000000000000007
decision_type=2 2 2 2 2 2
left_child=2 3 -1 -2 5 -3
right_child=1 4 -4 -5 -6 -7
leaf_value=0.0023488637185247927 -0.00090024417492634383 -0.0050073496254283961 0.0010706339685184281 -0.001170688886153446 -0.0047675084919235012 -0.007618020715096728
leaf_weight=10.628480670973659 6.5041768876835686 0.75656720768893027 9.0618014335632324 3.3433137955144048 4.3938550096936524 0.021165640777326189
leaf_count=16 22 34 30 20 78 10
internal_value=0 -0.0230818 0.017606 -0.00992063 -0.0481426 -0.050784
internal_weight=0 15.0191 19.6903 9.84749 5.17159 0.777733
internal_count=210 164 46 42 122 44
shrinkage=0.1


Tree=97
num_leaves=7
num_cat=0
split_feature=0 0 0 0 0 0
split_gain=0.0138136 0.00485457 0.000786655 1.42131e-05 5.06144e-06 1.34789e-05
threshold=0.15000000000000005 0.35000000000000003 1.0000000180025095e-35 0.25000000000000006 0.75000000000000011 0.45000000000000007
decision_type=2 2 2 2 2 2
left_child=2 3 -1 -2 5 -3
right_child=1 4 -4 -5 -6 -7
leaf_value=0.0023260262602551934 -0.00089546160535160604 -0.0049314406708190588 0.0010577307356318972 -0.0011491663298172957 -0.0047242347953388823 -0.0074916837884566618
leaf_weight=10.628607295453548 6.5032783560454828 0.75629484315868356 9.0582263842225075 3.3434063671156764 4.3922531187999994 0.021138065887498669
leaf_count=16 22 34 30 20 78 10
internal_value=0 -0.0228441 0.0174246 -0.00981606 -0.0476586 -0.0500105
internal_weight=0 15.0164 19.6868 9.84668 5.16969 0.777433
internal_count=210 164 46 42 122 44
shrinkage=0.1


Tree=98
num_leaves=7
num_cat=0
split_feature=0 0 0 0 0 0
split_gain=0.0135301 0.00475806 0.00077483 1.24312e-05 3.92999e-06 1.29509e-05
threshold=0.15000000000000005 0.35000000000000003 1.0000000180025095e-35 0.25000000000000006 0.75000000000000011 0.45000000000000007
decision_type=2 2 2 2 2 2
left_child=2 3 -1 -2 5 -3
right_child=1 4 -4 -5 -6 -7
leaf_value=0.0023037290276746946 -0.00089075044515184306 -0.0048573374666248566 0.0010448741203420533 -0.0011280222993988627 -0.004681585193479095 -0.0073684871097166585
leaf_weight=10.628725541755557 6.5023939656093699 0.75603034056257346 9.0547118596732616 3.3435009201057255 4.3906739836093038 0.021111260386533104
leaf_count=16 22 34 30 20 78 10
internal_value=0 -0.0226105 0.0172463 -0.00971324 -0.0471827 -0.0492555
internal_weight=0 15.0137 19.6834 9.84589 5.16782 0.777142
internal_count=210 164 46 42 122 44
shrinkage=0.1


Tree=99
num_leaves=7
num_cat=0
split_feature=0 0 0 0 0 0
split_gain=0.0132539 0.00466474 0.00076286 1.07931e-05 2.95345e-06 1.2452e-05
threshold=0.15000000000000005 0.35000000000000003 1.0000000180025095e-35 0.25000000000000006 0.75000000000000011 0.45000000000000007
decision_type=2 2 2 2 2 2
left_child=2 3 -1 -2 5 -3
right_child=1 4 -4 -5 -6 -7
leaf_value=0.002281627713478358 -0.00088601418187799527 -0.0047844593827484462 0.0010324086234325346 -0.0011071039177152334 -0.0046397962756771294 -0.0072482646482469786
leaf_weight=10.628849387168884 6.5015259683132154 0.75577063648961373 9.0512460693717003 3.3435977264307439 4.3891238463111222 0.021085183754621536
leaf_count=16 22 34 30 20 78 10
internal_value=0 -0.0223805 0.0170709 -0.00961101 -0.0467161 -0.0485133
internal_weight=0 15.0111 19.6801 9.84512 5.16598 0.776856
internal_count=210 164 46 42 122 44
shrinkage=0.1


end of trees

feature importances:
geographical=600

parameters:
[boosting: gbdt]
[objective: lambdarank]
[metric: ndcg]
[tree_learner: serial]
[device_type: cpu]
[data: ]
[valid: ]
[num_iterations: 100]
[learning_rate: 0.1]
[num_leaves: 16]
[num_threads: -1]
[max_depth: -1]
[min_data_in_leaf: 5]
[min_sum_hessian_in_leaf: 0.001]
[bagging_fraction: 1]
[pos_bagging_fraction: 1]
[neg_bagging_fraction: 1]
[bagging_freq: 0]
[bagging_seed: 3]
[feature_fraction: 1]
[feature_fraction_bynode: 1]
[feature_fraction_seed: 2]
[early_stopping_round: 0]
[first_metric_only: 0]
[max_delta_step: 0]
[lambda_l1: 0]
[lambda_l2: 0]
[min_gain_to_split: 0]
[drop_rate: 0.1]
[max_drop: 50]
[skip_drop: 0.5]
[xgboost_dart_mode: 0]
[uniform_drop: 0]
[drop_seed: 4]
[top_rate: 0.2]
[other_rate: 0.1]
[min_data_per_group: 100]
[max_cat_threshold: 32]
[cat_l2: 10]
[cat_smooth: 10]
[max_cat_to_onehot: 4]
[top_k: 20]
[monotone_constraints: ]
[feature_contri: ]
[forcedsplits_filename: ]
[forcedbins_filename: ]
[refit_decay_rate: 0.9]
[cegb_tradeoff: 1]
[cegb_penalty_split: 0]
[cegb_penalty_feature_lazy: ]
[cegb_penalty_feature_coupled: ]
[verbosity: -1]
[max_bin: 255]
[max_bin_by_feature: ]
[min_data_in_bin: 3]
[bin_construct_sample_cnt: 200000]
[histogram_pool_size: -1]
[data_random_seed: 1]
[output_model: LightGBM_model.txt]
[snapshot_freq: -1]
[input_model: ]
[output_result: LightGBM_predict_result.txt]
[initscore_filename: ]
[valid_data_initscores: ]
[pre_partition: 0]
[enable_bundle: 1]
[max_conflict_rate: 0]
[is_enable_sparse: 1]
[sparse_threshold: 0.8]
[use_missing: 1]
[zero_as_missing: 0]
[two_round: 0]
[save_binary: 0]
[header: 0]
[label_column: ]
[weight_column: ]
[group_column: ]
[ignore_column: ]
[categorical_feature: ]
[predict_raw_score: 0]
[predict_leaf_index: 0]
[predict_contrib: 0]
[num_iteration_predict: -1]
[pred_early_stop: 0]
[pred_early_stop_freq: 10]
[pred_early_stop_margin: 10]
[convert_model_language: ]
[convert_model: gbdt_prediction.cpp]
[num_class: 1]
[is_unbalance: 0]
[scale_pos_weight: 1]
[sigmoid: 1]
[boost_from_average: 1]
[reg_sqrt: 0]
[alpha: 0.9]
[fair_c: 1]
[poisson_max_delta_step: 0.7]
[tweedie_variance_power: 1.5]
[max_position: 20]
[lambdamart_norm: 1]
[label_gain: ]
[metric_freq: 1]
[is_provide_training_metric: 0]
[eval_at: 1]
[multi_error_top_k: 1]
[num_machines: 1]
[local_listen_port: 12400]
[time_out: 120]
[machine_list_filename: ]
[machines: ]
[gpu_platform_id: -1]
[gpu_device_id: -1]
[gpu_use_dp: 0]

end of parameters

pandas_categorical:null
