tree
version=v3
num_class=1
num_tree_per_iteration=1
label_index=0
max_feature_idx=0
objective=lambdarank
feature_names=geographical
feature_infos=[0:1]
tree_sizes=837 843 848 844 849 852 851 852 851 855 861 856 859 854 856 861 862 863 862 866 861 865 864 864 863 868 863 867 865 867 867 868 870 870 868 867 866 867 870 870 871 870 872 872 873 872 867 871 871 869 874 873 871 873 874 871 873 873 875 875 870 872 866 872 875 872 876 876 880 879 874 868 867 873 876 879 877 878 881 876 868 863 875 875 877 880 878 883 883 882 861 869 877 872 879 875 879 883 884 881

Tree=0
num_leaves=7
num_cat=0
split_feature=0 0 0 0 0 0
split_gain=11.5113 0.398776 0.394873 0.293381 0.118183 0.0218868
threshold=0.35000000000000003 0.75000000000000011 1.0000000180025095e-35 0.15000000000000005 0.45000000000000007 0.25000000000000006
decision_type=2 2 2 2 2 2
left_child=2 4 -1 -4 -2 -5
right_child=1 -3 3 5 -6 -7
leaf_value=0.1358334478867331 -0.11887065951423015 -0.077001100921309559 0.05027677317044893 0.11117094273181466 -0.18522171889254696 0.092617219694673528
leaf_weight=1.9278469085693355 0.89351979922503211 5.716409957036376 1.7817180044949052 1.4490405255928636 0.38373647257685661 1.1328687062487006
leaf_count=18 30 78 28 22 14 20
internal_value=0 -0.882884 0.981423 0.814903 -1.38805 1.0303
internal_weight=0 6.99367 6.29147 4.36363 1.27726 2.58191
internal_count=210 122 88 70 44 42
shrinkage=0.1


Tree=1
num_leaves=7
num_cat=0
split_feature=0 0 0 0 0 0
split_gain=3.79168 1.30357 0.562342 1.01889 0.0692022 0.0640822
threshold=0.35000000000000003 0.75000000000000011 1.0000000180025095e-35 0.15000000000000005 0.45000000000000007 0.25000000000000006
decision_type=2 2 2 2 2 2
left_child=2 4 -1 -4 -2 -5
right_child=1 -3 3 5 -6 -7
leaf_value=0.031279412801709358 -0.12287286956153126 -0.039021839281406345 -0.035674541445199902 0.012501066782298596 -0.16452405843771534 0.026523320826638316
leaf_weight=12.458094730973245 1.4832999352365726 4.9944829577580094 4.8419092930853393 9.4280951470136625 0.54563841223716725 4.9809619709849349
leaf_count=18 30 78 28 22 14 20
internal_value=0 -0.664807 0.147252 0.0401227 -1.34074 0.173483
internal_weight=0 7.02342 31.7091 19.251 2.02894 14.4091
internal_count=210 122 88 70 44 42
shrinkage=0.1


Tree=2
num_leaves=7
num_cat=0
split_feature=0 0 0 0 0 0
split_gain=2.29382 0.792078 0.331846 0.696047 0.251533 0.0427218
threshold=0.35000000000000003 0.75000000000000011 0.25000000000000006 1.0000000180025095e-35 0.15000000000000005 0.45000000000000007
decision_type=2 2 2 2 2 2
left_child=2 5 3 -1 -5 -2
right_child=1 -3 -4 4 -6 -7
leaf_value=0.023329492695550621 -0.10971243972767615 -0.035690172615724602 0.032558804104493598 -0.030878899817947083 -0.00084299340620516401 -0.14879433390125807
leaf_weight=12.284127011895183 1.0842136489227403 4.7926425994373858 5.7979174479842177 3.9231251552700988 9.637234341353178 0.37694842088967551
leaf_count=18 30 78 20 28 22 14
internal_value=0 -0.553407 0.109375 0.0608704 -0.0953263 -1.19795
internal_weight=0 6.2538 31.6424 25.8445 13.5604 1.46116
internal_count=210 122 88 68 50 44
shrinkage=0.1


Tree=3
num_leaves=7
num_cat=0
split_feature=0 0 0 0 0 0
split_gain=1.92693 0.502863 0.0977163 0.652178 0.124004 0.0389342
threshold=0.35000000000000003 0.75000000000000011 1.0000000180025095e-35 0.15000000000000005 0.25000000000000006 0.45000000000000007
decision_type=2 2 2 2 2 2
left_child=2 5 -1 -4 -5 -2
right_child=1 -3 3 4 -6 -7
leaf_value=0.017148010454342808 -0.096315301502316431 -0.036047641241174107 -0.030346810805715992 0.027350428363496021 0.0080156411571288121 -0.13731251519460902
leaf_weight=12.472746655344965 1.0372530734166492 4.769826240837574 3.9285243246704349 5.575566377490758 8.1889027431607246 0.29825153946876515
leaf_count=18 30 78 28 22 20 14
internal_value=0 -0.512336 0.103693 0.0559065 0.158476 -1.05471
internal_weight=0 6.10533 30.1657 17.693 13.7645 1.3355
internal_count=210 122 88 70 42 44
shrinkage=0.1


Tree=4
num_leaves=7
num_cat=0
split_feature=0 0 0 0 0 0
split_gain=1.30738 0.377583 0.0575329 0.348836 0.0477283 0.0304896
threshold=0.35000000000000003 0.75000000000000011 1.0000000180025095e-35 0.15000000000000005 0.25000000000000006 0.45000000000000007
decision_type=2 2 2 2 2 2
left_child=2 5 -1 -4 -5 -2
right_child=1 -3 3 4 -6 -7
leaf_value=0.013432296346491394 -0.087312709119110529 -0.031237087121405483 -0.023309425069642196 0.018106171557335595 0.0065974840096979671 -0.12729882707948034
leaf_weight=12.377153500914575 0.8721030787564803 4.6124334265477955 3.5990739818662414 6.1821648851037017 8.6391100212931633 0.24405762879177928
leaf_count=18 30 78 28 22 20 14
internal_value=0 -0.438664 0.0815952 0.046166 0.113979 -0.96056
internal_weight=0 5.72859 30.7975 18.4203 14.8213 1.11616
internal_count=210 122 88 70 42 44
shrinkage=0.1


Tree=5
num_leaves=7
num_cat=0
split_feature=0 0 0 0 0 0
split_gain=0.890482 0.56664 0.449766 0.286528 0.0248891 0.00854099
threshold=0.35000000000000003 0.25000000000000006 1.0000000180025095e-35 0.75000000000000011 0.45000000000000007 0.15000000000000005
decision_type=2 2 2 2 2 2
left_child=1 2 -1 4 -2 -4
right_child=3 -3 5 -5 -6 -7
leaf_value=0.013600714916727827 -0.07939061263319129 0.033395707945198631 -0.01746245488205023 -0.027041915274865342 -0.11880915579164759 -0.011608220893885281
leaf_weight=12.168728023767475 0.7193148722872128 6.2480191215872756 3.3492052964866152 4.476051711011678 0.20606800727546212 9.7383080571889877
leaf_count=18 30 20 28 78 14 22
internal_value=0 0.0643185 -0.00238609 -0.375142 -0.881685 -0.131064
internal_weight=0 31.5043 25.2562 5.40143 0.925383 13.0875
internal_count=210 88 68 122 44 50
shrinkage=0.1


Tree=6
num_leaves=7
num_cat=0
split_feature=0 0 0 0 0 0
split_gain=0.951178 0.190488 0.043421 0.303362 0.0871409 0.0270605
threshold=0.35000000000000003 0.75000000000000011 0.15000000000000005 1.0000000180025095e-35 0.25000000000000006 0.45000000000000007
decision_type=2 2 2 2 2 2
left_child=2 5 3 -1 -4 -2
right_child=1 -3 4 -5 -6 -7
leaf_value=0.011002968293223843 -0.069995055777398799 -0.029411191742362553 0.021056456710021751 -0.021815960682781792 0.0046832010543073647 -0.11280813794130505
leaf_weight=12.478763282299044 0.81286917673423775 4.526287853717804 5.4449691325426111 3.6375286132097235 8.0653006806969643 0.18039621785283089
leaf_count=18 30 78 22 28 20 14
internal_value=0 -0.381137 0.0710074 0.0359557 0.11282 -0.777707
internal_weight=0 5.51955 29.6266 16.1163 13.5103 0.993265
internal_count=210 122 88 46 42 44
shrinkage=0.1


Tree=7
num_leaves=7
num_cat=0
split_feature=0 0 0 0 0 0
split_gain=0.750656 0.15588 0.0365215 0.209201 0.0543367 0.0225025
threshold=0.35000000000000003 0.75000000000000011 0.15000000000000005 1.0000000180025095e-35 0.25000000000000006 0.45000000000000007
decision_type=2 2 2 2 2 2
left_child=2 5 3 -1 -4 -2
right_child=1 -3 4 -5 -6 -7
leaf_value=0.0090092528368788099 -0.064939402740361016 -0.026754441031057525 0.017402246585173784 -0.018613655753500918 0.0047072613972576286 -0.10628210417823269
leaf_weight=12.427790746092795 0.74856446776538976 4.4523718818090856 5.723676197230815 3.5178031530231246 8.204315185546875 0.15974953444674611
leaf_count=18 30 78 22 28 20 14
internal_value=0 -0.344565 0.0618307 0.0291528 0.0992424 -0.722105
internal_weight=0 5.36069 29.8736 15.9456 13.928 0.908314
internal_count=210 122 88 46 42 44
shrinkage=0.1


Tree=8
num_leaves=7
num_cat=0
split_feature=0 0 0 0 0 0
split_gain=0.58819 0.131835 0.0232997 0.14577 0.0277976 0.0181946
threshold=0.35000000000000003 0.75000000000000011 0.15000000000000005 1.0000000180025095e-35 0.25000000000000006 0.45000000000000007
decision_type=2 2 2 2 2 2
left_child=2 5 3 -1 -4 -2
right_child=1 -3 4 -5 -6 -7
leaf_value=0.0076827431451357148 -0.060991369530083883 -0.024171076371741883 0.013347512927496362 -0.015758479140052396 0.0045008074680240456 -0.10031676662847969
leaf_weight=12.372191071510313 0.68167762458324332 4.3736947968136519 6.1071616597473612 3.3768858276307592 8.4883604794740677 0.1421925553586334
leaf_count=18 30 78 22 28 20 14
internal_value=0 -0.310833 0.053241 0.0265652 0.0820251 -0.677786
internal_weight=0 5.19756 30.3446 15.7491 14.5955 0.82387
internal_count=210 122 88 46 42 44
shrinkage=0.1


Tree=9
num_leaves=7
num_cat=0
split_feature=0 0 0 0 0 0
split_gain=0.457362 0.114938 0.0142238 0.0124276 0.101685 0.00824022
threshold=0.35000000000000003 0.75000000000000011 0.45000000000000007 1.0000000180025095e-35 0.15000000000000005 0.25000000000000006
decision_type=2 2 2 2 2 2
left_child=3 2 -2 -1 -5 -6
right_child=1 -3 -4 4 5 -7
leaf_value=0.0070069923449563622 -0.058037679101063999 -0.021686223498575873 -0.094762765631916657 -0.013240166791388267 0.0089479055145923834 0.0042883243585930013
leaf_weight=12.288299545645716 0.61239981232210894 4.2951945713721216 0.12740042712539434 3.2256970843300232 6.609900750219821 8.9129536896944046
leaf_count=18 30 78 14 28 22 20
internal_value=0 -0.279567 -0.643621 0.0453531 0.029153 0.0627245
internal_weight=0 5.03499 0.7398 31.0369 18.7486 15.5229
internal_count=210 122 44 88 70 42
shrinkage=0.1


Tree=10
num_leaves=7
num_cat=0
split_feature=0 0 0 0 0 0
split_gain=0.364161 0.100839 0.0164169 0.0686944 0.0110868 0.000599402
threshold=0.35000000000000003 0.75000000000000011 1.0000000180025095e-35 0.15000000000000005 0.45000000000000007 0.25000000000000006
decision_type=2 2 2 2 2 2
left_child=2 4 -1 -4 -2 -5
right_child=1 -3 3 5 -6 -7
leaf_value=0.0068005539295061717 -0.055581037766515712 -0.019669276949524282 -0.011507542122450434 0.0053978537680778108 -0.089655522093505954 0.0041778059693267887
leaf_weight=12.18692956864834 0.55303373327478667 4.2319303243421018 3.1086722379550364 7.0845698565244684 0.11541527998633684 9.3299365416169167
leaf_count=18 30 78 28 22 14 20
internal_value=0 -0.253704 0.0392067 0.0212296 -0.614644 0.0470438
internal_weight=0 4.90038 31.7101 19.5232 0.668449 16.4145
internal_count=210 122 88 70 44 42
shrinkage=0.1


Tree=11
num_leaves=7
num_cat=0
split_feature=0 0 0 0 0 0
split_gain=0.309518 0.71359 0.356785 0.0799725 0.0111362 0.0103563
threshold=0.35000000000000003 0.25000000000000006 1.0000000180025095e-35 0.75000000000000011 0.15000000000000005 0.45000000000000007
decision_type=2 2 2 2 2 2
left_child=1 2 -1 5 -4 -2
right_child=3 -3 4 -5 -6 -7
leaf_value=0.0082749947569035129 -0.051219445794383422 0.033024738193422991 -0.010391383865997125 -0.018648746643117758 -0.017258118586610936 -0.085413132269530068
leaf_weight=12.09379065036774 0.5127023586537679 6.5374071896076194 3.1073635313659898 4.2042713016271591 9.8430268205702305 0.10707397712394597
leaf_count=18 30 20 28 78 22 14
internal_value=0 0.0360369 -0.0407623 -0.235923 -0.156105 -0.571268
internal_weight=0 31.5816 25.0442 4.82405 12.9504 0.619776
internal_count=210 88 68 122 50 44
shrinkage=0.1


Tree=12
num_leaves=7
num_cat=0
split_feature=0 0 0 0 0 0
split_gain=0.391831 0.0501105 0.0166306 0.135024 0.0740383 0.0124867
threshold=0.35000000000000003 0.75000000000000011 0.15000000000000005 1.0000000180025095e-35 0.25000000000000006 0.45000000000000007
decision_type=2 2 2 2 2 2
left_child=2 5 3 -1 -4 -2
right_child=1 -3 4 -5 -6 -7
leaf_value=0.0070152182186083911 -0.044864905189452089 -0.021715345488074533 0.015987269468757503 -0.015435681135707237 0.00090458620308572725 -0.083240181766612284
leaf_weight=12.500401422381399 0.6390566504560401 4.2657455520238727 5.4454284496605387 3.4094598479568967 8.0895708799362183 0.097761231008917093
leaf_count=18 30 78 22 28 20 14
internal_value=0 -0.258749 0.0439605 0.0220402 0.0697268 -0.499565
internal_weight=0 5.00256 29.4449 15.9099 13.535 0.736818
internal_count=210 122 88 46 42 44
shrinkage=0.1


Tree=13
num_leaves=7
num_cat=0
split_feature=0 0 0 0 0 0
split_gain=0.336468 0.044634 0.0207497 0.0987283 0.04959 0.0105297
threshold=0.35000000000000003 0.75000000000000011 0.15000000000000005 1.0000000180025095e-35 0.25000000000000006 0.45000000000000007
decision_type=2 2 2 2 2 2
left_child=2 5 3 -1 -4 -2
right_child=1 -3 4 -5 -6 -7
leaf_value=0.0056616499109448564 -0.0427389550938298 -0.020285153977411374 0.014050068858370512 -0.013666437841197521 0.0018661380205177468 -0.079025848095677351
leaf_weight=12.443039312958716 0.61149641429074009 4.2373340581543744 5.663275856524705 3.3554718066006908 8.1450033187866211 0.091998840216547237
leaf_count=18 30 78 22 28 20 14
internal_value=0 -0.241579 0.040315 0.0155653 0.0686321 -0.474843
internal_weight=0 4.94083 29.6068 15.7985 13.8083 0.703495
internal_count=210 122 88 46 42 44
shrinkage=0.1


Tree=14
num_leaves=7
num_cat=0
split_feature=0 0 0 0 0 0
split_gain=0.28552 0.0405291 0.0190632 0.0725598 0.0310182 0.00870974
threshold=0.35000000000000003 0.75000000000000011 0.15000000000000005 1.0000000180025095e-35 0.25000000000000006 0.45000000000000007
decision_type=2 2 2 2 2 2
left_child=2 5 3 -1 -4 -2
right_child=1 -3 4 -5 -6 -7
leaf_value=0.0047414924144118745 -0.040995832910555245 -0.018840215805817025 0.011822879965786109 -0.011996327368040188 0.0023575516220301681 -0.075060651897462707
leaf_weight=12.403331622481344 0.5784422152210017 4.1986073143780231 5.9338986799120894 3.273557936772705 8.3115376532077789 0.086248770589008927
leaf_count=18 30 78 22 28 20 14
internal_value=0 -0.224725 0.0365247 0.012464 0.0630031 -0.45416
internal_weight=0 4.8633 29.9223 15.6769 14.2454 0.664691
internal_count=210 122 88 46 42 44
shrinkage=0.1


Tree=15
num_leaves=7
num_cat=0
split_feature=0 0 0 0 0 0
split_gain=0.239737 0.0375573 0.0138616 0.0536378 0.0159771 0.00705763
threshold=0.35000000000000003 0.75000000000000011 0.15000000000000005 1.0000000180025095e-35 0.25000000000000006 0.45000000000000007
decision_type=2 2 2 2 2 2
left_child=2 5 3 -1 -4 -2
right_child=1 -3 4 -5 -6 -7
leaf_value=0.0041647406897006023 -0.039619114378003376 -0.017392754977325352 0.0092957564683225115 -0.010407074109408894 0.0026538104169958909 -0.07128416114726388
leaf_weight=12.360465034842489 0.54129703203216095 4.1550985765643418 6.2713642679154864 3.1749057015404114 8.5718416422605515 0.080909049604088068
leaf_count=18 30 78 22 28 20 14
internal_value=0 -0.208238 0.0327473 0.0118675 0.0546008 -0.437367
internal_weight=0 4.7773 30.3786 15.5354 14.8432 0.622206
internal_count=210 122 88 46 42 44
shrinkage=0.1


Tree=16
num_leaves=7
num_cat=0
split_feature=0 0 0 0 0 0
split_gain=0.200716 0.035249 0.00772153 0.0412835 0.005633 0.00561967
threshold=0.35000000000000003 0.75000000000000011 0.15000000000000005 1.0000000180025095e-35 0.25000000000000006 0.45000000000000007
decision_type=2 2 2 2 2 2
left_child=2 5 3 -1 -4 -2
right_child=1 -3 4 -5 -6 -7
leaf_value=0.0039240586924434578 -0.038544049384076989 -0.016022848994290854 0.0066940683653839402 -0.0090308161704806839 0.0028478557282532492 -0.067698661647507805
leaf_weight=12.304574653506277 0.50283389771357079 4.1118355193175375 6.6573463231325141 3.0744883697479972 8.8960501626133919 0.076123405364342034
leaf_count=18 30 78 22 28 20 14
internal_value=0 -0.192756 0.0292308 0.013342 0.0449416 -0.423774
internal_weight=0 4.69079 30.9325 15.3791 15.5534 0.578957
internal_count=210 122 88 46 42 44
shrinkage=0.1


Tree=17
num_leaves=7
num_cat=0
split_feature=0 0 0 0 0 0
split_gain=0.171126 0.0328335 0.00450335 0.00351135 0.0345099 0.00103106
threshold=0.35000000000000003 0.75000000000000011 0.45000000000000007 0.15000000000000005 1.0000000180025095e-35 0.25000000000000006
decision_type=2 2 2 2 2 2
left_child=3 2 -2 4 -1 -5
right_child=1 -3 -4 5 -6 -7
leaf_value=0.0039052936272002182 -0.037530478101584656 -0.014900074429715873 -0.064382618082924406 0.0045803872169945621 -0.0080682589823275648 0.002969714117732709
leaf_weight=12.243456929922106 0.46990024985279782 4.076225089142099 0.072030346258543432 7.0010237023234376 2.9961852785199872 9.1933013796806335
leaf_count=18 30 78 14 22 28 20
internal_value=0 -0.179745 -0.410995 0.0264075 0.0155124 0.0366603
internal_weight=0 4.61816 0.541931 31.434 15.2396 16.1943
internal_count=210 122 44 88 46 42
shrinkage=0.1


Tree=18
num_leaves=7
num_cat=0
split_feature=0 0 0 0 0 0
split_gain=0.151665 0.0297608 0.00398751 0.0288939 0.00376952 5.397e-05
threshold=0.35000000000000003 0.75000000000000011 1.0000000180025095e-35 0.15000000000000005 0.45000000000000007 0.25000000000000006
decision_type=2 2 2 2 2 2
left_child=2 4 -1 -4 -2 -5
right_child=1 -3 3 5 -6 -7
leaf_value=0.0038732865506147436 -0.036264661856625253 -0.014144092874181214 -0.0075378655648639494 0.0034011704977985947 -0.061419309503086696 0.0030368394047680849
leaf_weight=12.199789285659792 0.44927032093983038 4.0533554221037775 2.9563032733276513 7.1895876452326783 0.068680026102811098 9.3583627641201019
leaf_count=18 30 78 28 22 14 20
internal_value=0 -0.170284 0.0245527 0.0156831 -0.396002 0.0319513
internal_weight=0 4.57131 31.704 19.5043 0.51795 16.548
internal_count=210 122 88 70 44 42
shrinkage=0.1


Tree=19
num_leaves=7
num_cat=0
split_feature=0 0 0 0 0 0
split_gain=0.139003 0.0263345 0.00384015 0.0264385 0.00330661 4.1004e-06
threshold=0.35000000000000003 0.75000000000000011 1.0000000180025095e-35 0.15000000000000005 0.45000000000000007 0.25000000000000006
decision_type=2 2 2 2 2 2
left_child=2 4 -1 -4 -2 -5
right_child=1 -3 3 5 -6 -7
leaf_value=0.0037353098804216579 -0.034749330108269048 -0.013664877349894945 -0.0072588026631759343 0.0029637492275423195 -0.058770011565195429 0.0030639109519822794
leaf_weight=12.179438248276712 0.43920181668363406 4.0401615237351507 2.9453604053705957 7.2330051660537729 0.065907166572287679 9.3973322361707687
leaf_count=18 30 78 28 22 14 20
internal_value=0 -0.163563 0.0234115 0.0147375 -0.378836 0.0302035
internal_weight=0 4.54527 31.7551 19.5757 0.505109 16.6303
internal_count=210 122 88 70 44 42
shrinkage=0.1


Tree=20
num_leaves=7
num_cat=0
split_feature=0 0 0 0 0 0
split_gain=0.12943 0.0230991 0.00328339 0.0252392 0.0029658 2.0692e-05
threshold=0.35000000000000003 0.75000000000000011 1.0000000180025095e-35 0.15000000000000005 0.45000000000000007 0.25000000000000006
decision_type=2 2 2 2 2 2
left_child=2 4 -1 -4 -2 -5
right_child=1 -3 3 5 -6 -7
leaf_value=0.0035474878221725039 -0.033193827634770016 -0.013306246052977203 -0.0070754663905303224 0.0028418752889970947 -0.056332966902406793 0.0030671251218107294
leaf_weight=12.171550512313845 0.43384652072563673 4.0309154922142625 2.9454988883808282 7.2144387662410745 0.063499346724711359 9.3815297409892082
leaf_count=18 30 78 28 22 14 20
internal_value=0 -0.15815 0.0225821 0.0145517 -0.361482 0.0296921
internal_weight=0 4.52826 31.713 19.5415 0.497346 16.596
internal_count=210 122 88 70 44 42
shrinkage=0.1


Tree=21
num_leaves=7
num_cat=0
split_feature=0 0 0 0 0 0
split_gain=0.12125 0.0202605 0.00269528 0.0243806 0.00267863 2.31855e-05
threshold=0.35000000000000003 0.75000000000000011 1.0000000180025095e-35 0.15000000000000005 0.45000000000000007 0.25000000000000006
decision_type=2 2 2 2 2 2
left_child=2 4 -1 -4 -2 -5
right_child=1 -3 3 5 -6 -7
leaf_value=0.0033544055913361363 -0.031712820219787101 -0.012990800882738044 -0.0069208239185655765 0.0028160356948135367 -0.054049874590427621 0.0030549436330919678
leaf_weight=12.168553963303568 0.42999590688850631 4.0227638428332284 2.9477131972089436 7.1813894659280786 0.061345031834207482 9.3521640002727509
leaf_count=18 30 78 28 22 14 20
internal_value=0 -0.153322 0.0218678 0.0145744 -0.345017 0.0295117
internal_weight=0 4.5141 31.6498 19.4813 0.491341 16.5336
internal_count=210 122 88 70 44 42
shrinkage=0.1


Tree=22
num_leaves=7
num_cat=0
split_feature=0 0 0 0 0 0
split_gain=0.113876 0.0178244 0.00242363 0.00229028 0.0234887 1.96709e-05
threshold=0.35000000000000003 0.75000000000000011 0.45000000000000007 0.15000000000000005 1.0000000180025095e-35 0.25000000000000006
decision_type=2 2 2 2 2 2
left_child=3 2 -2 4 -1 -5
right_child=1 -3 -4 5 -6 -7
leaf_value=0.0031720989429233474 -0.03033477207545221 -0.012692191460631648 -0.051895809881854577 0.0028111880083862353 -0.0067752130200050588 0.0030316708766795616
leaf_weight=12.167596176266672 0.42655862157698626 4.0148026030510664 0.059394082345534123 7.1495241001248369 2.9491797396913162 9.3230693563818932
leaf_count=18 30 78 14 22 28 20
internal_value=0 -0.148816 -0.3297 0.0212029 0.0123145 0.0293598
internal_weight=0 4.50076 0.485953 31.5894 15.1168 16.4726
internal_count=210 122 44 88 46 42
shrinkage=0.1


Tree=23
num_leaves=7
num_cat=0
split_feature=0 0 0 0 0 0
split_gain=0.107129 0.0157414 0.00253234 0.0220427 0.00219365 1.45734e-05
threshold=0.35000000000000003 0.75000000000000011 0.15000000000000005 1.0000000180025095e-35 0.45000000000000007 0.25000000000000006
decision_type=2 2 2 2 2 2
left_child=2 4 3 -1 -2 -4
right_child=1 -3 5 -5 -6 -7
leaf_value=0.0030031259810320977 -0.029060541755563059 -0.012404466309377856 0.0028092138779253419 -0.0066329944916737552 -0.049858508799292017 0.0029993048625817664
leaf_weight=12.167744278907778 0.42323149763978918 4.006837289663963 7.1226660236716279 2.949277237057685 0.057617669750470661 9.2977940589189529
leaf_count=18 30 78 22 28 14 20
internal_value=0 -0.144562 0.0205707 0.0112315 -0.315527 0.0291685
internal_weight=0 4.48769 31.5375 15.117 0.480849 16.4205
internal_count=210 122 88 46 44 42
shrinkage=0.1


Tree=24
num_leaves=7
num_cat=0
split_feature=0 0 0 0 0 0
split_gain=0.100896 0.0139588 0.00273296 0.0207001 0.0019858 1.0277e-05
threshold=0.35000000000000003 0.75000000000000011 0.15000000000000005 1.0000000180025095e-35 0.45000000000000007 0.25000000000000006
decision_type=2 2 2 2 2 2
left_child=2 4 3 -1 -2 -4
right_child=1 -3 5 -5 -6 -7
leaf_value=0.0028480147586980456 -0.027882251334214198 -0.012124233992800626 0.0028006467129126815 -0.0064917226013924446 -0.047930403611166662 0.0029604856949925992
leaf_weight=12.168570101261141 0.41990215890109439 3.9988091731211171 7.101769596338273 2.9479106971994034 0.055995306407567121 9.2773248255252838
leaf_count=18 30 78 22 28 14 20
internal_value=0 -0.14051 0.0199629 0.0102664 -0.302412 0.0289118
internal_weight=0 4.47471 31.4956 15.1165 0.475897 16.3791
internal_count=210 122 88 46 44 42
shrinkage=0.1


Tree=25
num_leaves=7
num_cat=0
split_feature=0 0 0 0 0 0
split_gain=0.0951335 0.0124259 0.00289189 0.0194535 0.00179814 6.83875e-06
threshold=0.35000000000000003 0.75000000000000011 0.15000000000000005 1.0000000180025095e-35 0.45000000000000007 0.25000000000000006
decision_type=2 2 2 2 2 2
left_child=2 4 3 -1 -2 -4
right_child=1 -3 5 -5 -6 -7
leaf_value=0.0027057065692777309 -0.026790145426810089 -0.01185196909746482 0.0027858250748217313 -0.0063516488469852854 -0.046104433046083464 0.0029163430163650144
leaf_weight=12.169933900237085 0.41656494792550702 3.9907639530720189 7.0862746760249147 2.9452399238944045 0.054509546142071486 9.2612963244318962
leaf_count=18 30 78 22 28 14 20
internal_value=0 -0.136651 0.0193789 0.00940852 -0.290251 0.0285977
internal_weight=0 4.46184 31.4627 15.1152 0.471074 16.3476
internal_count=210 122 88 46 44 42
shrinkage=0.1


Tree=26
num_leaves=7
num_cat=0
split_feature=0 0 0 0 0 0
split_gain=0.0897983 0.0111015 0.00301189 0.0182938 0.001629 4.0227e-06
threshold=0.35000000000000003 0.75000000000000011 0.15000000000000005 1.0000000180025095e-35 0.45000000000000007 0.25000000000000006
decision_type=2 2 2 2 2 2
left_child=2 4 3 -1 -2 -4
right_child=1 -3 5 -5 -6 -7
leaf_value=0.0025748325705024066 -0.025775212752089889 -0.011587756052472316 0.0027667996168001855 -0.0062128475424326774 -0.044374644968260969 0.0028669717816504426
leaf_weight=12.17174117267132 0.41321870568208297 3.9827325897058472 7.0756440609693536 2.9414328932762137 0.053145401645451777 9.2493231296539307
leaf_count=18 30 78 22 28 14 20
internal_value=0 -0.132971 0.0188179 0.00864512 -0.278947 0.0282355
internal_weight=0 4.4491 31.4381 15.1132 0.466364 16.325
internal_count=210 122 88 46 44 42
shrinkage=0.1


Tree=27
num_leaves=7
num_cat=0
split_feature=0 0 0 0 0 0
split_gain=0.0848393 0.00995411 0.00309277 0.0172169 0.00147673 2.15972e-06
threshold=0.35000000000000003 0.75000000000000011 0.15000000000000005 1.0000000180025095e-35 0.45000000000000007 0.25000000000000006
decision_type=2 2 2 2 2 2
left_child=2 4 3 -1 -2 -4
right_child=1 -3 5 -5 -6 -7
leaf_value=0.0024548103446393383 -0.024830257288235531 -0.01133050640357566 0.0027410311729012108 -0.0060758308338988883 -0.042736001895718266 0.0028144610479709873
leaf_weight=12.173853516578676 0.40984784462489088 3.974720451515168 7.0696496739983568 2.9365780204534522 0.051890607923269272 9.2412769198417664
leaf_count=18 30 78 22 28 14 20
internal_value=0 -0.12945 0.0182773 0.00796956 -0.268425 0.0278263
internal_weight=0 4.43646 31.4214 15.1104 0.461738 16.3109
internal_count=210 122 88 46 44 42
shrinkage=0.1


Tree=28
num_leaves=7
num_cat=0
split_feature=0 0 0 0 0 0
split_gain=0.0802355 0.00895608 0.00313835 0.0162154 0.00133953 9.93623e-07
threshold=0.35000000000000003 0.75000000000000011 0.15000000000000005 1.0000000180025095e-35 0.45000000000000007 0.25000000000000006
decision_type=2 2 2 2 2 2
left_child=2 4 3 -1 -2 -4
right_child=1 -3 5 -5 -6 -7
leaf_value=0.002344744514062129 -0.0239492472364181 -0.011080988771775232 0.0027097305745945512 -0.0059404265653310367 -0.041182612552341145 0.0027595465241467428
leaf_weight=12.176238372921945 0.40647509240079566 3.966770795872435 7.0676077678799638 2.9308424564078441 0.050733345386106521 9.236597552895546
leaf_count=18 30 78 22 28 14 20
internal_value=0 -0.126085 0.0177579 0.00737384 -0.258615 0.0273795
internal_weight=0 4.42398 31.4113 15.1071 0.457208 16.3042
internal_count=210 122 88 46 44 42
shrinkage=0.1


Tree=29
num_leaves=7
num_cat=0
split_feature=0 0 0 0 0 0
split_gain=0.0759539 0.00808396 0.00315644 0.0152814 0.00121616 1.99987e-07
threshold=0.35000000000000003 0.75000000000000011 0.15000000000000005 1.0000000180025095e-35 0.45000000000000007 0.25000000000000006
decision_type=2 2 2 2 2 2
left_child=2 4 3 -1 -2 -4
right_child=1 -3 5 -5 -6 -7
leaf_value=0.0022429748659820894 -0.023125196328509331 -0.010838936555928673 0.0026780985917692962 -0.0058070257765835626 -0.039709784902958241 0.0027004473495281772
leaf_weight=12.178873285651209 0.40311364491935719 3.9589017939288169 7.0689580142498025 2.924379823729395 0.049663678684737526 9.234835758805275
leaf_count=18 30 78 22 28 14 20
internal_value=0 -0.122866 0.0172587 0.00684287 -0.249443 0.0269076
internal_weight=0 4.41168 31.407 15.1033 0.452777 16.3038
internal_count=210 122 88 46 44 42
shrinkage=0.1


Tree=30
num_leaves=7
num_cat=0
split_feature=0 0 0 0 0 0
split_gain=0.0719586 0.00732058 0.00313991 0.0144146 0.00110505 9.56174e-09
threshold=0.35000000000000003 0.75000000000000011 0.15000000000000005 1.0000000180025095e-35 0.45000000000000007 0.25000000000000006
decision_type=2 2 2 2 2 2
left_child=2 4 3 -1 -2 -4
right_child=1 -3 5 -5 -6 -7
leaf_value=0.0021505775996118344 -0.022354113080862565 -0.010603517276772794 0.0026369616614589433 -0.0056753986483187866 -0.03831277946535367 0.0026418472682504563
leaf_weight=12.181581050157549 0.39972548594232554 3.9511056893970817 7.0739909037947664 2.9171673236414781 0.048673247743863605 9.2362609580159187
leaf_count=18 30 78 22 28 14 20
internal_value=0 -0.119777 0.0167774 0.00638553 -0.240864 0.0263973
internal_weight=0 4.3995 31.409 15.0987 0.448399 16.3103
internal_count=210 122 88 46 44 42
shrinkage=0.1


Tree=31
num_leaves=7
num_cat=0
split_feature=0 0 0 0 0 0
split_gain=0.0682416 0.00664788 0.00310125 0.0136095 0.00100531 6.15754e-08
threshold=0.35000000000000003 0.75000000000000011 0.15000000000000005 1.0000000180025095e-35 0.45000000000000007 0.25000000000000006
decision_type=2 2 2 2 2 2
left_child=2 4 3 -1 -2 -4
right_child=1 -3 5 -5 -6 -7
leaf_value=0.0020657231186752374 -0.021629570076330172 -0.010375872946688118 0.0025940810694581348 -0.0055465085114451166 -0.036987895257562707 0.0025816877373633046
leaf_weight=12.184480637311937 0.39637617312837287 3.9434382603503764 7.0814550146460542 2.9094774047844103 0.047754585917573422 9.2397793829441071
leaf_count=18 30 78 22 28 14 20
internal_value=0 -0.116822 0.0163158 0.00598406 -0.23281 0.0258706
internal_weight=0 4.38757 31.4152 15.094 0.444131 16.3212
internal_count=210 122 88 46 44 42
shrinkage=0.1


Tree=32
num_leaves=7
num_cat=0
split_feature=0 0 0 0 0 0
split_gain=0.0647747 0.00605364 0.00304448 0.0128605 0.000915608 3.55945e-07
threshold=0.35000000000000003 0.75000000000000011 0.15000000000000005 1.0000000180025095e-35 0.45000000000000007 0.25000000000000006
decision_type=2 2 2 2 2 2
left_child=2 4 3 -1 -2 -4
right_child=1 -3 5 -5 -6 -7
leaf_value=0.0019875298296000883 -0.020947872730415682 -0.010155340338572259 0.0025500423508935206 -0.0054204468355453367 -0.035730216726789797 0.0025202606404599133
leaf_weight=12.187482446432115 0.39305739640258153 3.9358997821109369 7.0912285521626481 2.901359712239354 0.046900591405574232 9.2453183606266975
leaf_count=18 30 78 22 28 14 20
internal_value=0 -0.113989 0.0158725 0.00563086 -0.225237 0.0253319
internal_weight=0 4.37586 31.4254 15.0888 0.439958 16.3365
internal_count=210 122 88 46 44 42
shrinkage=0.1


Tree=33
num_leaves=7
num_cat=0
split_feature=0 0 0 0 0 0
split_gain=0.0615358 0.00552755 0.00296911 0.0121642 0.000834793 6.88729e-07
threshold=0.35000000000000003 0.75000000000000011 0.15000000000000005 1.0000000180025095e-35 0.45000000000000007 0.25000000000000006
decision_type=2 2 2 2 2 2
left_child=2 4 3 -1 -2 -4
right_child=1 -3 5 -5 -6 -7
leaf_value=0.001916046402019784 -0.020306006210337027 -0.0099415569498416262 0.0025012630230398752 -0.0052969765181685924 -0.034535588863703025 0.0024598633033201551
leaf_weight=12.190521672368051 0.38976040261331846 3.9284894996089861 7.1032734289765367 2.8928528148680916 0.046105166315101087 9.2528298944234848
leaf_count=18 30 78 22 28 14 20
internal_value=0 -0.11127 0.0154462 0.00532655 -0.218112 0.0247784
internal_weight=0 4.36436 31.4395 15.0834 0.435866 16.3561
internal_count=210 122 88 46 44 42
shrinkage=0.1


Tree=34
num_leaves=7
num_cat=0
split_feature=0 0 0 0 0 0
split_gain=0.0585123 0.00505933 0.00288211 0.0115186 0.000762139 1.14688e-06
threshold=0.35000000000000003 0.75000000000000011 0.15000000000000005 1.0000000180025095e-35 0.45000000000000007 0.25000000000000006
decision_type=2 2 2 2 2 2
left_child=2 4 3 -1 -2 -4
right_child=1 -3 5 -5 -6 -7
leaf_value=0.0018503212558243524 -0.019699569561737362 -0.0097348227183342989 0.002452318671266523 -0.0051771014255916964 -0.033400873783351409 0.0023989350890625946
leaf_weight=12.193632215261461 0.38651781890075554 3.9212379368254915 7.1168781518936166 2.8841043883003286 0.04536335077136755 9.2617132887244225
leaf_count=18 30 78 22 28 14 20
internal_value=0 -0.108662 0.0150373 0.005061 -0.211387 0.0242213
internal_weight=0 4.35312 31.4563 15.0777 0.431881 16.3786
internal_count=210 122 88 46 44 42
shrinkage=0.1


Tree=35
num_leaves=7
num_cat=0
split_feature=0 0 0 0 0 0
split_gain=0.055687 0.0046412 0.00278572 0.0109145 0.000696756 1.63307e-06
threshold=0.35000000000000003 0.75000000000000011 0.15000000000000005 1.0000000180025095e-35 0.45000000000000007 0.25000000000000006
decision_type=2 2 2 2 2 2
left_child=2 4 3 -1 -2 -4
right_child=1 -3 5 -5 -6 -7
leaf_value=0.0017895876590979154 -0.019125725191372674 -0.0095349863677166215 0.0024022259448138387 -0.0050595092405044916 -0.03232248206084231 0.0023385779769783057
leaf_weight=12.196755528450014 0.38331790961092238 3.9141415123594925 7.1320466101169595 2.8751444104127577 0.044670334464171901 9.2719653025269508
leaf_count=18 30 78 22 28 14 20
internal_value=0 -0.106161 0.014645 0.00483041 -0.205031 0.0236625
internal_weight=0 4.34213 31.4759 15.0719 0.427988 16.404
internal_count=210 122 88 46 44 42
shrinkage=0.1


Tree=36
num_leaves=7
num_cat=0
split_feature=0 0 0 0 0 0
split_gain=0.0530435 0.00426735 0.0026779 0.0103571 0.000637826 2.10411e-06
threshold=0.35000000000000003 0.75000000000000011 0.15000000000000005 1.0000000180025095e-35 0.45000000000000007 0.25000000000000006
decision_type=2 2 2 2 2 2
left_child=2 4 3 -1 -2 -4
right_child=1 -3 5 -5 -6 -7
leaf_value=0.0017346965737762166 -0.018582485739035284 -0.009341632703702217 0.0023505011702956869 -0.0049456416520027155 -0.031297236478819761 0.0022783213108480472
leaf_weight=12.199853748083116 0.38016861875075753 3.9072069969261065 7.1485697105526933 2.8660264322534195 0.04402218185714446 9.2834068983793259
leaf_count=18 30 78 22 28 14 20
internal_value=0 -0.103759 0.0142683 0.00463876 -0.19902 0.0230972
internal_weight=0 4.3314 31.4979 15.0659 0.424191 16.432
internal_count=210 122 88 46 44 42
shrinkage=0.1


Tree=37
num_leaves=7
num_cat=0
split_feature=0 0 0 0 0 0
split_gain=0.0505674 0.00393209 0.00256489 0.00983604 0.000584591 2.2699e-06
threshold=0.35000000000000003 0.75000000000000011 0.15000000000000005 1.0000000180025095e-35 0.45000000000000007 0.25000000000000006
decision_type=2 2 2 2 2 2
left_child=2 4 3 -1 -2 -4
right_child=1 -3 5 -5 -6 -7
leaf_value=0.001684093978417644 -0.018067413450483568 -0.0091545126627991143 0.0022957174506967109 -0.0048343692985477575 -0.030321242069497198 0.002220821750735884
leaf_weight=12.202908113598825 0.37707516422960807 3.9004375963704661 7.1661935076117524 2.8568248399533323 0.043414651823695749 9.2958089485764503
leaf_count=18 30 78 22 28 14 20
internal_value=0 -0.10145 0.0139065 0.00447544 -0.193326 0.0225343
internal_weight=0 4.32093 31.5217 15.0597 0.42049 16.462
internal_count=210 122 88 46 44 42
shrinkage=0.1


Tree=38
num_leaves=7
num_cat=0
split_feature=0 0 0 0 0 0
split_gain=0.0482526 0.00362948 0.00245084 0.0093511 0.000536703 2.69335e-06
threshold=0.35000000000000003 0.75000000000000011 0.15000000000000005 1.0000000180025095e-35 0.45000000000000007 0.25000000000000006
decision_type=2 2 2 2 2 2
left_child=2 4 3 -1 -2 -4
right_child=1 -3 5 -5 -6 -7
leaf_value=0.00163729556088668 -0.017577020820317025 -0.0089741472672037314 0.0022441285547238365 -0.0047265701694789589 -0.029392836895806698 0.0021626277986090234
leaf_weight=12.205982819199564 0.37407203787006338 3.8938581869006157 7.1842234730720529 2.8476707660593084 0.042845078714890406 9.308587372303009
leaf_count=18 30 78 22 28 14 20
internal_value=0 -0.0992361 0.0135604 0.00433455 -0.187913 0.0219813
internal_weight=0 4.31078 31.5465 15.0537 0.416917 16.4928
internal_count=210 122 88 46 44 42
shrinkage=0.1


Tree=39
num_leaves=7
num_cat=0
split_feature=0 0 0 0 0 0
split_gain=0.0460814 0.00335635 0.00233284 0.00889997 0.000493395 2.73981e-06
threshold=0.35000000000000003 0.75000000000000011 0.15000000000000005 1.0000000180025095e-35 0.45000000000000007 0.25000000000000006
decision_type=2 2 2 2 2 2
left_child=2 4 3 -1 -2 -4
right_child=1 -3 5 -5 -6 -7
leaf_value=0.0015946654159376486 -0.017110428671940892 -0.0087997226977734894 0.0021893851417794231 -0.00462177672263696 -0.028508177071582833 0.00210727110948723
leaf_weight=12.208954825997354 0.37112519080983375 3.8874509434681386 7.2030901163816461 2.8385030203498891 0.042310050106607378 9.3221055865287781
leaf_count=18 30 78 22 28 14 20
internal_value=0 -0.0971074 0.0132282 0.00422016 -0.182768 0.0214306
internal_weight=0 4.30089 31.5727 15.0475 0.413435 16.5252
internal_count=210 122 88 46 44 42
shrinkage=0.1


Tree=40
num_leaves=7
num_cat=0
split_feature=0 0 0 0 0 0
split_gain=0.0440472 0.00310879 0.00221769 0.00848013 0.000454309 2.82746e-06
threshold=0.35000000000000003 0.75000000000000011 0.15000000000000005 1.0000000180025095e-35 0.45000000000000007 0.25000000000000006
decision_type=2 2 2 2 2 2
left_child=2 4 3 -1 -2 -4
right_child=1 -3 5 -5 -6 -7
leaf_value=0.0015549653886277729 -0.016665253638096268 -0.0086314294733612403 0.0021364482942393829 -0.0045208041811969244 -0.027665427265425209 0.0020531195024086116
leaf_weight=12.211906492710115 0.36827306961640616 3.8812350747175515 7.2220464423298845 2.8294603852555147 0.041807193396380171 9.3357246890664101
leaf_count=18 30 78 22 28 14 20
internal_value=0 -0.0950631 0.01291 0.00412041 -0.177867 0.0208947
internal_weight=0 4.29132 31.5991 15.0414 0.41008 16.5578
internal_count=210 122 88 46 44 42
shrinkage=0.1


Tree=41
num_leaves=7
num_cat=0
split_feature=0 0 0 0 0 0
split_gain=0.0421399 0.00288395 0.00210331 0.0080891 0.000418961 3.10544e-06
threshold=0.35000000000000003 0.75000000000000011 0.15000000000000005 1.0000000180025095e-35 0.45000000000000007 0.25000000000000006
decision_type=2 2 2 2 2 2
left_child=2 4 3 -1 -2 -4
right_child=1 -3 5 -5 -6 -7
leaf_value=0.0015184749150959622 -0.01624025353339691 -0.0084690682818603438 0.0020860399547167441 -0.0044230412992646694 -0.026862038466586635 0.0019988040032540909
leaf_weight=12.214790821075441 0.36550780554534767 3.8752057305537164 7.2411541640758523 2.8205434978008261 0.041333956643939018 9.3495073541998863
leaf_count=18 30 78 22 28 14 20
internal_value=0 -0.0930995 0.0126053 0.0040388 -0.173194 0.0203688
internal_weight=0 4.28205 31.626 15.0353 0.406842 16.5907
internal_count=210 122 88 46 44 42
shrinkage=0.1


Tree=42
num_leaves=7
num_cat=0
split_feature=0 0 0 0 0 0
split_gain=0.0403469 0.0026793 0.00198904 0.00772228 0.000386934 2.89443e-06
threshold=0.35000000000000003 0.75000000000000011 0.15000000000000005 1.0000000180025095e-35 0.45000000000000007 0.25000000000000006
decision_type=2 2 2 2 2 2
left_child=2 4 3 -1 -2 -4
right_child=1 -3 5 -5 -6 -7
leaf_value=0.0014849832819252566 -0.015834020139570765 -0.0083121350954568976 0.0020323680431625813 -0.0043275270159951638 -0.026095471363480605 0.0019482399344833133
leaf_weight=12.217520460486414 0.36280249321134656 3.8693509289296344 7.2607067897915849 2.8117177286185315 0.040888175484724336 9.3636973351240158
leaf_count=18 30 78 22 28 14 20
internal_value=0 -0.0912095 0.0123127 0.0039756 -0.168734 0.0198498
internal_weight=0 4.27304 31.6536 15.0292 0.403691 16.6244
internal_count=210 122 88 46 44 42
shrinkage=0.1


Tree=43
num_leaves=7
num_cat=0
split_feature=0 0 0 0 0 0
split_gain=0.038664 0.00249222 0.00188036 0.00737982 0.000357944 2.69287e-06
threshold=0.35000000000000003 0.75000000000000011 0.15000000000000005 1.0000000180025095e-35 0.45000000000000007 0.25000000000000006
decision_type=2 2 2 2 2 2
left_child=2 4 3 -1 -2 -4
right_child=1 -3 5 -5 -6 -7
leaf_value=0.0014535495153841858 -0.015444578738749557 -0.0081608114799671255 0.0019805545342314159 -0.0042355638409236757 -0.025363702288363446 0.0018994945822634346
leaf_weight=12.220227703452112 0.36020593659486522 3.8636873216601089 7.279822602868081 2.8031375403515986 0.040467685379553593 9.3775341957807541
leaf_count=18 30 78 22 28 14 20
internal_value=0 -0.0893931 0.0120327 0.00392045 -0.164464 0.0193492
internal_weight=0 4.26436 31.6807 15.0234 0.400674 16.6574
internal_count=210 122 88 46 44 42
shrinkage=0.1


Tree=44
num_leaves=7
num_cat=0
split_feature=0 0 0 0 0 0
split_gain=0.0370856 0.00232085 0.00177658 0.00706151 0.000331683 2.5794e-06
threshold=0.35000000000000003 0.75000000000000011 0.15000000000000005 1.0000000180025095e-35 0.45000000000000007 0.25000000000000006
decision_type=2 2 2 2 2 2
left_child=2 4 3 -1 -2 -4
right_child=1 -3 5 -5 -6 -7
leaf_value=0.0014243049513740758 -0.015071151377247566 -0.0080151656950755955 0.0019311642557366092 -0.0041474048798334036 -0.024665199045999349 0.0018519124934748825
leaf_weight=12.222883060574533 0.35771395394112809 3.8582221171236597 7.2984726056456575 2.7947917985729864 0.040071116207400337 9.3910169154405594
leaf_count=18 30 78 22 28 14 20
internal_value=0 -0.0876498 0.0117651 0.00387409 -0.160376 0.0188657
internal_weight=0 4.25601 31.7072 15.0177 0.397785 16.6895
internal_count=210 122 88 46 44 42
shrinkage=0.1


Tree=45
num_leaves=7
num_cat=0
split_feature=0 0 0 0 0 0
split_gain=0.0356014 0.00216349 0.00167878 0.00676087 0.000307844 2.6659e-06
threshold=0.35000000000000003 0.75000000000000011 0.15000000000000005 1.0000000180025095e-35 0.45000000000000007 0.25000000000000006
decision_type=2 2 2 2 2 2
left_child=2 4 3 -1 -2 -4
right_child=1 -3 5 -5 -6 -7
leaf_value=0.0013964388894253782 -0.014712465797078881 -0.0078747340884925115 0.0018853206212489735 -0.0040617275830415892 -0.023997592863180442 0.0018048325725667218
leaf_weight=12.225450694561006 0.35531267820624535 3.8529376652440988 7.3167904466390619 2.7866735383868209 0.03969638398848474 9.4042620584368706
leaf_count=18 30 78 22 28 14 20
internal_value=0 -0.0859733 0.0115088 0.00383249 -0.156456 0.0184005
internal_weight=0 4.24795 31.7332 15.0121 0.395009 16.7211
internal_count=210 122 88 46 44 42
shrinkage=0.1


Tree=46
num_leaves=7
num_cat=0
split_feature=0 0 0 0 0 0
split_gain=0.0341993 0.00201941 0.00158191 0.0064803 0.000286108 2.28009e-06
threshold=0.35000000000000003 0.75000000000000011 0.15000000000000005 1.0000000180025095e-35 0.45000000000000007 0.25000000000000006
decision_type=2 2 2 2 2 2
left_child=2 4 3 -1 -2 -4
right_child=1 -3 5 -5 -6 -7
leaf_value=0.001371121430514168 -0.01436840425265251 -0.0077385811502703045 0.0018359634401425363 -0.003978711443812376 -0.023358905832936473 0.0017616025715908583
leaf_weight=12.227854475378992 0.35297647322295134 3.8478089481359348 7.3351683989167222 2.7787274243310085 0.039341911236988381 9.4175858944654465
leaf_count=18 30 78 22 28 14 20
internal_value=0 -0.0843542 0.011262 0.00380508 -0.1527 0.0179416
internal_weight=0 4.24013 31.7593 15.0066 0.392318 16.7528
internal_count=210 122 88 46 44 42
shrinkage=0.1


Tree=47
num_leaves=7
num_cat=0
split_feature=0 0 0 0 0 0
split_gain=0.0328823 0.00188632 0.00149412 0.00621394 0.000266406 2.07872e-06
threshold=0.35000000000000003 0.75000000000000011 0.15000000000000005 1.0000000180025095e-35 0.45000000000000007 0.25000000000000006
decision_type=2 2 2 2 2 2
left_child=2 4 3 -1 -2 -4
right_child=1 -3 5 -5 -6 -7
leaf_value=0.0013462172530947177 -0.014036845297174961 -0.0076076482917965321 0.001790705300328183 -0.0038982967645187177 -0.022748474531108724 0.0017197720841632175
leaf_weight=12.230241805315019 0.35075595742091442 3.8428725193371065 7.3526045233011255 2.771094260737299 0.03900679643265903 9.4301516562700272
leaf_count=18 30 78 22 28 14 20
internal_value=0 -0.0827997 0.0110263 0.00377434 -0.149087 0.0175085
internal_weight=0 4.23264 31.7841 15.0013 0.389763 16.7828
internal_count=210 122 88 46 44 42
shrinkage=0.1


Tree=48
num_leaves=7
num_cat=0
split_feature=0 0 0 0 0 0
split_gain=0.0316419 0.00176324 0.00140945 0.00596673 0.000248438 2.04466e-06
threshold=0.35000000000000003 0.75000000000000011 0.15000000000000005 1.0000000180025095e-35 0.45000000000000007 0.25000000000000006
decision_type=2 2 2 2 2 2
left_child=2 4 3 -1 -2 -4
right_child=1 -3 5 -5 -6 -7
leaf_value=0.0013233670047233805 -0.013717198582027865 -0.007481464154458238 0.001748224105732615 -0.0038212655968191678 -0.022163507366642608 0.0016779395624098822
leaf_weight=12.232557609677317 0.34862855781102453 3.8381079456303269 7.3694751188158998 2.7637211093679062 0.038689048175001517 9.4422877132892609
leaf_count=18 30 78 22 28 14 20
internal_value=0 -0.0813039 0.0108005 0.00375243 -0.145609 0.0170875
internal_weight=0 4.22543 31.808 14.9963 0.387318 16.8118
internal_count=210 122 88 46 44 42
shrinkage=0.1


Tree=49
num_leaves=7
num_cat=0
split_feature=0 0 0 0 0 0
split_gain=0.0304698 0.00165007 0.0013284 0.00573264 0.000232022 1.73755e-06
threshold=0.35000000000000003 0.75000000000000011 0.15000000000000005 1.0000000180025095e-35 0.45000000000000007 0.25000000000000006
decision_type=2 2 2 2 2 2
left_child=2 4 3 -1 -2 -4
right_child=1 -3 5 -5 -6 -7
leaf_value=0.0013018737824769984 -0.013410165987571577 -0.0073593543004741094 0.001704202397068148 -0.0037460942763203791 -0.02160379641249683 0.001639469795535968
leaf_weight=12.234716072678568 0.34657169849378888 3.8335009836009704 7.3860904648900041 2.7565521756187072 0.038388350367313251 9.4542490690946579
leaf_count=18 30 78 22 28 14 20
internal_value=0 -0.0798609 0.0105835 0.00373668 -0.142272 0.0166786
internal_weight=0 4.21846 31.8316 14.9913 0.38496 16.8403
internal_count=210 122 88 46 44 42
shrinkage=0.1


Tree=50
num_leaves=7
num_cat=0
split_feature=0 0 0 0 0 0
split_gain=0.0293631 0.00154482 0.00125554 0.00551227 0.000217055 1.69655e-06
threshold=0.35000000000000003 0.75000000000000011 0.15000000000000005 1.0000000180025095e-35 0.45000000000000007 0.25000000000000006
decision_type=2 2 2 2 2 2
left_child=2 4 3 -1 -2 -4
right_child=1 -3 5 -5 -6 -7
leaf_value=0.0012806170343821338 -0.013112863983972401 -0.0072414966258616742 0.0016651905485088687 -0.0036743251200732929 -0.021066748827382287 0.0016012809097122071
leaf_weight=12.236843362450601 0.34461656003259022 3.8290584291680716 7.4017898067832002 2.7497012205421916 0.038102731428807601 9.4654915630817413
leaf_count=18 30 78 22 28 14 20
internal_value=0 -0.0784698 0.0103754 0.00371494 -0.139047 0.0162933
internal_weight=0 4.21178 31.8538 14.9865 0.382719 16.8673
internal_count=210 122 88 46 44 42
shrinkage=0.1


Tree=51
num_leaves=7
num_cat=0
split_feature=0 0 0 0 0 0
split_gain=0.0283157 0.00144774 0.00118609 0.00530339 0.000203348 1.54299e-06
threshold=0.35000000000000003 0.75000000000000011 0.15000000000000005 1.0000000180025095e-35 0.45000000000000007 0.25000000000000006
decision_type=2 2 2 2 2 2
left_child=2 4 3 -1 -2 -4
right_child=1 -3 5 -5 -6 -7
leaf_value=0.0012604888716581161 -0.012826818662896167 -0.0071274007410948373 0.0016261281677866569 -0.0036043985159295885 -0.020552350886775213 0.0015652307465856851
leaf_weight=12.238832935690882 0.34272748895455046 3.8247582206386141 7.4172170534729966 2.7430576495826235 0.037831816414836801 9.476553700864315
leaf_count=18 30 78 22 28 14 20
internal_value=0 -0.0771267 0.0101752 0.00369769 -0.135948 0.0159197
internal_weight=0 4.20532 31.8757 14.9819 0.380559 16.8938
internal_count=210 122 88 46 44 42
shrinkage=0.1


Tree=52
num_leaves=7
num_cat=0
split_feature=0 0 0 0 0 0
split_gain=0.0273247 0.00135765 0.00111907 0.00510634 0.000190739 1.22652e-06
threshold=0.35000000000000003 0.75000000000000011 0.15000000000000005 1.0000000180025095e-35 0.45000000000000007 0.25000000000000006
decision_type=2 2 2 2 2 2
left_child=2 4 3 -1 -2 -4
right_child=1 -3 5 -5 -6 -7
leaf_value=0.0012417964079087448 -0.012550662480804732 -0.0070171085959230611 0.0015860013313277769 -0.0035363541258118152 -0.020057868643769728 0.0015317508318598309
leaf_weight=12.240723296999933 0.3409168555517671 3.8206076876958832 7.43206910789013 2.7366462349891654 0.037574192247120657 9.4871679991483688
leaf_count=18 30 78 22 28 14 20
internal_value=0 -0.0758306 0.00998288 0.00368739 -0.132959 0.0155558
internal_weight=0 4.1991 31.8966 14.9774 0.378491 16.9192
internal_count=210 122 88 46 44 42
shrinkage=0.1


Tree=53
num_leaves=7
num_cat=0
split_feature=0 0 0 0 0 0
split_gain=0.0263898 0.00127344 0.00106008 0.00491856 0.000179279 1.18273e-06
threshold=0.35000000000000003 0.75000000000000011 0.15000000000000005 1.0000000180025095e-35 0.45000000000000007 0.25000000000000006
decision_type=2 2 2 2 2 2
left_child=2 4 3 -1 -2 -4
right_child=1 -3 5 -5 -6 -7
leaf_value=0.0012227875024941322 -0.012282715456275564 -0.0069109794347443666 0.0015515177517223594 -0.003470886359143768 -0.019584178566204057 0.0014982839781811337
leaf_weight=12.242619931697847 0.33920903742546121 3.8166165261063725 7.4458190426230439 2.7305606710724524 0.037329539452912286 9.496912032365799
leaf_count=18 30 78 22 28 14 20
internal_value=0 -0.0745835 0.00979889 0.00366833 -0.130066 0.0152168
internal_weight=0 4.19316 31.9159 14.9732 0.376539 16.9427
internal_count=210 122 88 46 44 42
shrinkage=0.1


Tree=54
num_leaves=7
num_cat=0
split_feature=0 0 0 0 0 0
split_gain=0.0255021 0.00119533 0.00100324 0.00474215 0.000168687 1.07765e-06
threshold=0.35000000000000003 0.75000000000000011 0.15000000000000005 1.0000000180025095e-35 0.45000000000000007 0.25000000000000006
decision_type=2 2 2 2 2 2
left_child=2 4 3 -1 -2 -4
right_child=1 -3 5 -5 -6 -7
leaf_value=0.0012050529837297581 -0.012024103248643926 -0.0068080844173457229 0.0015170804354217311 -0.003407694946978978 -0.019128310827932645 0.0014663032480357007
leaf_weight=12.244390815496446 0.33755996444960962 3.8127516031381674 7.4592633023858079 2.7246647817082694 0.037096391402883455 9.5064479932188988
leaf_count=18 30 78 22 28 14 20
internal_value=0 -0.0733771 0.00962147 0.00365441 -0.127275 0.0148863
internal_weight=0 4.18741 31.9348 14.9691 0.374656 16.9657
internal_count=210 122 88 46 44 42
shrinkage=0.1


Tree=55
num_leaves=7
num_cat=0
split_feature=0 0 0 0 0 0
split_gain=0.024659 0.00112263 0.00095024 0.00457369 0.000158968 9.34808e-07
threshold=0.35000000000000003 0.75000000000000011 0.15000000000000005 1.0000000180025095e-35 0.45000000000000007 0.25000000000000006
decision_type=2 2 2 2 2 2
left_child=2 4 3 -1 -2 -4
right_child=1 -3 5 -5 -6 -7
leaf_value=0.0011877896730499151 -0.011773756609051875 -0.006708342989259832 0.0014833616068393174 -0.003346090638680738 -0.018690545482087526 0.0014361022576999463
leaf_weight=12.246073275804521 0.33597741578705509 3.8090121452114545 7.472187504172326 2.7189951734617344 0.036874464858556166 9.5155925452709198
leaf_count=18 30 78 22 28 14 20
internal_value=0 -0.0722096 0.00945051 0.00364031 -0.124578 0.0145689
internal_weight=0 4.18186 31.9528 14.9651 0.372852 16.9878
internal_count=210 122 88 46 44 42
shrinkage=0.1


Tree=56
num_leaves=7
num_cat=0
split_feature=0 0 0 0 0 0
split_gain=0.0238581 0.00105495 0.000901776 0.00441316 0.00014999 8.36754e-07
threshold=0.35000000000000003 0.75000000000000011 0.15000000000000005 1.0000000180025095e-35 0.45000000000000007 0.25000000000000006
decision_type=2 2 2 2 2 2
left_child=2 4 3 -1 -2 -4
right_child=1 -3 5 -5 -6 -7
leaf_value=0.0011707207469915928 -0.011531589666271247 -0.0066116873895749328 0.0014517187835349536 -0.0032864802982861944 -0.018269184253037144 0.0014070360647665729
leaf_weight=12.247697055339815 0.33446802274556731 3.8053980723489076 7.4844376072287568 2.7135587297379962 0.03666281329060439 9.5242190808057785
leaf_count=18 30 78 22 28 14 20
internal_value=0 -0.0710802 0.00928585 0.00362308 -0.121972 0.014267
internal_weight=0 4.17653 31.9699 14.9613 0.371131 17.0087
internal_count=210 122 88 46 44 42
shrinkage=0.1


Tree=57
num_leaves=7
num_cat=0
split_feature=0 0 0 0 0 0
split_gain=0.0230981 0.000991788 0.00085611 0.00426157 0.000141708 7.36178e-07
threshold=0.35000000000000003 0.75000000000000011 0.15000000000000005 1.0000000180025095e-35 0.45000000000000007 0.25000000000000006
decision_type=2 2 2 2 2 2
left_child=2 4 3 -1 -2 -4
right_child=1 -3 5 -5 -6 -7
leaf_value=0.0011544266599985179 -0.011297105419033948 -0.0065182060628744438 0.0014210583651346504 -0.0032289630566944985 -0.017863757728427146 0.0013791732834233126
leaf_weight=12.249250620603563 0.33302202279446547 3.801904876541812 7.4961606264114389 2.7083282754756501 0.036460893679759465 9.532451905310154
leaf_count=18 30 78 22 28 14 20
internal_value=0 -0.069989 0.00912742 0.00360738 -0.119451 0.0139761
internal_weight=0 4.17139 31.9862 14.9576 0.369483 17.0286
internal_count=210 122 88 46 44 42
shrinkage=0.1


Tree=58
num_leaves=7
num_cat=0
split_feature=0 0 0 0 0 0
split_gain=0.0223741 0.000932719 0.000814219 0.00411595 0.000134079 6.64331e-07
threshold=0.35000000000000003 0.75000000000000011 0.15000000000000005 1.0000000180025095e-35 0.45000000000000007 0.25000000000000006
decision_type=2 2 2 2 2 2
left_child=2 4 3 -1 -2 -4
right_child=1 -3 5 -5 -6 -7
leaf_value=0.0011382098145085735 -0.01106942698506249 -0.0064274472479139647 0.0013921209329758278 -0.0031728695004354674 -0.017473474641685634 0.0013523558971970462
leaf_weight=12.250740945339201 0.33163737639551882 3.7985231959610246 7.5073123052716264 2.7033004774712017 0.036268176918383688 9.5402528941631317
leaf_count=18 30 78 22 28 14 20
internal_value=0 -0.0689309 0.00897442 0.00358879 -0.117007 0.0136987
internal_weight=0 4.16643 32.0016 14.954 0.367906 17.0476
internal_count=210 122 88 46 44 42
shrinkage=0.1


Tree=59
num_leaves=7
num_cat=0
split_feature=0 0 0 0 0 0
split_gain=0.0216845 0.000877704 0.000773465 0.00397828 0.000126999 6.81429e-07
threshold=0.35000000000000003 0.75000000000000011 0.15000000000000005 1.0000000180025095e-35 0.45000000000000007 0.25000000000000006
decision_type=2 2 2 2 2 2
left_child=2 4 3 -1 -2 -4
right_child=1 -3 5 -5 -6 -7
leaf_value=0.0011230823480435248 -0.010849195847398558 -0.0063393355728815718 0.0013652348653564917 -0.0031183550487255138 -0.017097421118870647 0.0013249843680901395
leaf_weight=12.252157732844351 0.3303107189713036 3.7952478939550929 7.5180190429091462 2.6984577458351842 0.036083983359276317 9.5477319657802582
leaf_count=18 30 78 22 28 14 20
internal_value=0 -0.0679056 0.0088267 0.00357539 -0.114645 0.0134272
internal_weight=0 4.16164 32.0164 14.9506 0.366395 17.0658
internal_count=210 122 88 46 44 42
shrinkage=0.1


Tree=60
num_leaves=7
num_cat=0
split_feature=0 0 0 0 0 0
split_gain=0.0210269 0.000826345 0.00073567 0.00384623 0.000120427 5.23235e-07
threshold=0.35000000000000003 0.75000000000000011 0.15000000000000005 1.0000000180025095e-35 0.45000000000000007 0.25000000000000006
decision_type=2 2 2 2 2 2
left_child=2 4 3 -1 -2 -4
right_child=1 -3 5 -5 -6 -7
leaf_value=0.0011081502659464617 -0.010635943930535173 -0.0062537700523060029 0.001336371584436156 -0.0030652409919448478 -0.016734950112145899 0.0013011212005945784
leaf_weight=12.253430739045141 0.32901704893447359 3.792070155381225 7.5286071598529825 2.6937589943408957 0.035908004807424725 9.5551552250981331
leaf_count=18 30 78 22 28 14 20
internal_value=0 -0.0669115 0.0086838 0.00356028 -0.112361 0.0131666
internal_weight=0 4.157 32.031 14.9472 0.364925 17.0838
internal_count=210 122 88 46 44 42
shrinkage=0.1


Tree=61
num_leaves=7
num_cat=0
split_feature=0 0 0 0 0 0
split_gain=0.0203996 0.000778116 0.000702525 0.00372011 0.000114351 4.50631e-07
threshold=0.35000000000000003 0.75000000000000011 0.15000000000000005 1.0000000180025095e-35 0.45000000000000007 0.25000000000000006
decision_type=2 2 2 2 2 2
left_child=2 4 3 -1 -2 -4
right_child=1 -3 5 -5 -6 -7
leaf_value=0.0010928370372128098 -0.010428371219350004 -0.0061706793865196202 0.0013105856930532324 -0.0030143135521685672 -0.016385240234428992 0.0012778891088654353
leaf_weight=12.254723086953161 0.32779645849950512 3.788996001763735 7.5383132323622712 2.6892954604700199 0.035739473591092974 9.5618828386068344
leaf_count=18 30 78 22 28 14 20
internal_value=0 -0.0659469 0.0085459 0.00353722 -0.11014 0.012923
internal_weight=0 4.15253 32.0442 14.944 0.363536 17.1002
internal_count=210 122 88 46 44 42
shrinkage=0.1


Tree=62
num_leaves=7
num_cat=0
split_feature=0 0 0 0 0 0
split_gain=0.42825 0.348269 0.33551 0.00930007 0.000437879 0.00016293
threshold=0.25000000000000006 0.15000000000000005 0.35000000000000003 1.0000000180025095e-35 0.75000000000000011 0.45000000000000007
decision_type=2 2 2 2 2 2
left_child=1 3 -2 -1 5 -4
right_child=2 -3 4 -5 -6 -7
leaf_value=0.0036635015634532697 0.029691029343098543 -0.021542557398283063 -0.0089632325241357398 -0.0028165317614553239 -0.005970443802441599 -0.016110389445188968
leaf_weight=12.177948400378225 6.9858796373009664 10.143218144774437 0.30627748259576026 2.7071282928809532 3.7815464731538668 0.035603554642875679
leaf_count=18 20 22 30 28 78 14
internal_value=0 -0.0725266 0.163396 0.0248499 -0.0628029 -0.0970754
internal_weight=0 25.0283 11.1093 14.8851 4.12343 0.341881
internal_count=210 68 142 46 122 44
shrinkage=0.1


Tree=63
num_leaves=7
num_cat=0
split_feature=0 0 0 0 0 0
split_gain=0.214323 0.00930375 0.0419856 0.00273847 1.76316e-05 0.000281932
threshold=0.25000000000000006 0.15000000000000005 1.0000000180025095e-35 0.35000000000000003 0.45000000000000007 0.75000000000000011
decision_type=2 2 2 2 2 2
left_child=1 2 -1 -2 -5 -6
right_child=3 -3 -4 4 5 -7
leaf_value=0.0073530364696435179 -0.011034045654029549 0.0097177693982266784 -0.0062264355116670236 -0.0073007435185698348 -0.017763190648247933 -0.0079199019113987777
leaf_weight=12.914367124438288 8.9596700370311719 5.5669261030852786 2.7641889988444737 0.40302575152600079 0.02932694481569376 3.7275874016340822
leaf_count=18 20 22 28 30 14 78
internal_value=0 0.0620588 0.0495892 -0.100496 -0.0792931 -0.0799674
internal_weight=0 21.2455 15.6786 13.1196 4.15994 3.75691
internal_count=210 68 46 142 122 92
shrinkage=0.1


Tree=64
num_leaves=7
num_cat=0
split_feature=0 0 0 0 0 0
split_gain=0.0368543 0.0267872 0.0106192 0.00702079 2.01576e-05 0.000255895
threshold=0.25000000000000006 0.15000000000000005 1.0000000180025095e-35 0.35000000000000003 0.75000000000000011 0.45000000000000007
decision_type=2 2 2 2 2 2
left_child=1 2 -1 -2 5 -5
right_child=3 -3 -4 4 -6 -7
leaf_value=0.0016163602098752186 -0.0025967516114011459 0.0082511144863456742 -0.0050429340161784394 -0.0075248348424354185 -0.0075054784299893639 -0.01647965413164906
leaf_weight=12.490663900971414 8.3548233360052091 5.9189872220158568 2.9625833714380851 0.41506342211505298 3.8237721053883433 0.034569352545076981
leaf_count=18 20 22 28 30 78 14
internal_value=0 0.0253074 0.00339689 -0.0428307 -0.0757995 -0.0821331
internal_weight=0 21.3722 15.4532 12.6282 4.2734 0.449633
internal_count=210 68 46 142 122 44
shrinkage=0.1


Tree=65
num_leaves=7
num_cat=0
split_feature=0 0 0 0 0 0
split_gain=0.0252825 0.00512705 0.0215944 0.00607804 7.29648e-05 0.000209737
threshold=0.35000000000000003 0.25000000000000006 0.15000000000000005 1.0000000180025095e-35 0.75000000000000011 0.45000000000000007
decision_type=2 2 2 2 2 2
left_child=1 2 3 -1 5 -2
right_child=4 -3 -4 -5 -6 -7
leaf_value=0.0007931583206426578 -0.0077915032503300162 -0.001058721903007824 0.0068189929744362585 -0.0042777039278159281 -0.0070744822463018461 -0.015861585017667372
leaf_weight=12.430231943726541 0.39967063558287819 8.4981115385890025 6.2065843418240538 2.918777701444923 3.820683880825527 0.035027132122195326
leaf_count=18 30 20 22 28 78 14
internal_value=0 0.0102147 0.0184157 -0.0017112 -0.0721415 -0.0844178
internal_weight=0 30.0537 21.5556 15.349 4.25538 0.434698
internal_count=210 88 68 46 122 44
shrinkage=0.1


Tree=66
num_leaves=7
num_cat=0
split_feature=0 0 0 0 0 0
split_gain=0.0224939 0.00471303 0.0111692 0.00380811 0.00016258 0.000165722
threshold=0.35000000000000003 0.15000000000000005 0.25000000000000006 1.0000000180025095e-35 0.75000000000000011 0.45000000000000007
decision_type=2 2 2 2 2 2
left_child=1 3 -3 -1 5 -2
right_child=4 2 -4 -5 -6 -7
leaf_value=0.00046110554479619769 -0.0081114961243259863 0.0053155953139108871 -0.00015052036482032696 -0.0035919875372534002 -0.0066345623066711868 -0.015295496709912502
leaf_weight=12.390622600913046 0.3802808789187101 6.5343262031674376 8.7360419705510139 2.851626170799137 3.808560696663335 0.035071949809207581
leaf_count=18 30 22 20 28 78 14
internal_value=0 0.00946797 0.0218848 -0.00297175 -0.0683944 -0.0871811
internal_weight=0 30.5126 15.2704 15.2422 4.22391 0.415353
internal_count=210 88 42 46 122 44
shrinkage=0.1


Tree=67
num_leaves=7
num_cat=0
split_feature=0 0 0 0 0 0
split_gain=0.0199747 0.00344406 0.00454979 0.00273253 0.000278356 0.000127246
threshold=0.35000000000000003 0.15000000000000005 0.25000000000000006 1.0000000180025095e-35 0.75000000000000011 0.45000000000000007
decision_type=2 2 2 2 2 2
left_child=1 3 -3 -1 5 -2
right_child=4 2 -4 -5 -6 -7
leaf_value=0.0004326095662904364 -0.0084498490756168623 0.0038384816172371836 0.00042441625844769385 -0.0030371194080993039 -0.0062192278297456315 -0.01477019015168851
leaf_weight=12.353092581033705 0.35981662449194018 6.8842607438564292 9.0150572955608368 2.7806308302097031 3.7936637834645808 0.034947697771713138
leaf_count=18 30 22 20 28 78 14
internal_value=0 0.00874881 0.0190268 -0.00204909 -0.064822 -0.0900938
internal_weight=0 31.033 15.8993 15.1337 4.18843 0.394764
internal_count=210 88 42 46 122 44
shrinkage=0.1


Tree=68
num_leaves=7
num_cat=0
split_feature=0 0 0 0 0 0
split_gain=0.0179718 0.00194647 0.00233961 0.00134341 0.000388863 9.80834e-05
threshold=0.35000000000000003 0.15000000000000005 1.0000000180025095e-35 0.25000000000000006 0.75000000000000011 0.45000000000000007
decision_type=2 2 2 2 2 2
left_child=1 2 -1 -3 5 -2
right_child=4 3 -4 -5 -6 -7
leaf_value=0.00057877476390195005 -0.0087301471426412171 0.0025906727995116362 -0.0026614049411881214 0.00077028893417899354 -0.0058751908682347165 -0.014305294323199311
leaf_weight=12.316634118556978 0.34183605940779566 7.2020066380500802 2.7207192000932983 9.2747002094984055 3.7799985503661446 0.034765357137075625
leaf_count=18 30 22 28 20 78 14
internal_value=0 0.00815187 -7.47329e-05 0.0156598 -0.0618049 -0.0924481
internal_weight=0 31.5141 15.0374 16.4767 4.1566 0.376601
internal_count=210 88 46 42 122 44
shrinkage=0.1


Tree=69
num_leaves=7
num_cat=0
split_feature=0 0 0 0 0 0
split_gain=0.0166019 0.00101808 0.00225205 0.000458483 0.000270161 7.97781e-05
threshold=0.35000000000000003 0.15000000000000005 1.0000000180025095e-35 0.75000000000000011 0.25000000000000006 0.45000000000000007
decision_type=2 2 2 2 2 2
left_child=1 2 -1 5 -3 -2
right_child=3 4 -4 -5 -6 -7
leaf_value=0.00074626302790315629 -0.0088713467279712827 0.0017575750848291664 -0.0024525984786537315 -0.0056347308282322876 0.00095167463477794203 -0.013919760946320399
leaf_weight=12.289204403758051 0.32943807053379615 7.4255320951342592 2.6809526248835018 3.7700799693120643 9.4578117802739143 0.034588604961754754
leaf_count=18 30 22 28 78 20 14
internal_value=0 0.00773773 0.0017339 -0.0596197 0.0130612 -0.0935103
internal_weight=0 31.8535 14.9702 4.13411 16.8833 0.364027
internal_count=210 88 46 122 42 44
shrinkage=0.1


Tree=70
num_leaves=7
num_cat=0
split_feature=0 0 0 0 0 0
split_gain=0.0157466 0.000624606 0.00223119 0.00047972 7.00177e-05 4.21555e-05
threshold=0.35000000000000003 0.15000000000000005 1.0000000180025095e-35 0.75000000000000011 0.45000000000000007 0.25000000000000006
decision_type=2 2 2 2 2 2
left_child=1 2 -1 4 -2 -3
right_child=3 5 -4 -5 -6 -7
leaf_value=0.00084508026978945695 -0.0088631813512271701 0.001338012408227964 -0.0023496034831853771 -0.0054859739306258679 -0.013606591235033876 0.0010217701323656165
leaf_weight=12.275066539645193 0.32279056072002177 7.5433232709765443 2.659872076008468 3.7639631947386079 0.034439219540217891 9.5537348240613937
leaf_count=18 30 22 28 78 14 20
internal_value=0 0.00748581 0.00276116 -0.0581835 -0.0932048 0.011613
internal_weight=0 32.032 14.9349 4.12119 0.35723 17.0971
internal_count=210 88 46 122 44 42
shrinkage=0.1


Tree=71
num_leaves=7
num_cat=0
split_feature=0 0 0 0 0 0
split_gain=0.434064 0.349653 0.313156 0.00702532 0.000233482 0.000109691
threshold=0.25000000000000006 0.15000000000000005 0.35000000000000003 1.0000000180025095e-35 0.75000000000000011 0.45000000000000007
decision_type=2 2 2 2 2 2
left_child=1 3 -2 -1 5 -4
right_child=2 -3 4 -5 -6 -7
leaf_value=0.0034917093709557001 0.029306297852302588 -0.021592021336836482 -0.0074339397476122383 -0.0021668480037268321 -0.0052901043039604145 -0.013400170635396766
leaf_weight=12.194849148392676 7.0032301694154722 10.163741126656532 0.30059662775602181 2.6754597187973568 3.7564227831899188 0.034335583433858119
leaf_count=18 20 22 30 28 78 14
internal_value=0 -0.0729695 0.16465 0.0247362 -0.0551568 -0.0804557
internal_weight=0 25.034 11.0946 14.8703 4.09135 0.334932
internal_count=210 68 142 46 122 44
shrinkage=0.1


Tree=72
num_leaves=7
num_cat=0
split_feature=0 0 0 0 0 0
split_gain=0.23956 0.00748605 0.0057834 0.0389787 5.31176e-05 0.000172029
threshold=0.25000000000000006 0.35000000000000003 1.0000000180025095e-35 0.15000000000000005 0.45000000000000007 0.75000000000000011
decision_type=2 2 2 2 2 2
left_child=2 -2 -1 -4 -3 -6
right_child=1 4 3 -5 5 -7
leaf_value=0.0078909836785014311 -0.01218805378963872 -0.0059386559742155972 -0.0053546111704300984 0.0092830735266823672 -0.015012027519004576 -0.0071021570526601241
leaf_weight=12.966156303882601 9.0801277458667737 0.39303184329764818 2.700148116797207 5.5760040730237961 0.027702041916200293 3.6891537370393053
leaf_count=18 20 30 28 22 14 78
internal_value=0 -0.105853 0.0657273 0.0450743 -0.0704421 -0.0716111
internal_weight=0 13.19 21.2423 8.27615 4.10989 3.71686
internal_count=210 142 68 50 122 92
shrinkage=0.1


Tree=73
num_leaves=7
num_cat=0
split_feature=0 0 0 0 0 0
split_gain=0.0316407 0.0245206 0.00720257 0.00482408 1.10243e-05 0.000168228
threshold=0.25000000000000006 0.15000000000000005 1.0000000180025095e-35 0.35000000000000003 0.45000000000000007 0.75000000000000011
decision_type=2 2 2 2 2 2
left_child=1 2 -1 -2 -5 -6
right_child=3 -3 -4 4 5 -7
leaf_value=0.0012880814466716111 -0.0025800040692772483 0.0077964313502536103 -0.0042152746783673716 -0.0062262377705390934 -0.013816004944414085 -0.0067103274858499777
leaf_weight=12.478463858366014 8.3614756092429143 5.9508475102484217 2.9380334322340778 0.40863435826031391 0.033613376697758546 3.800512257264927
leaf_count=18 20 22 28 30 14 78
internal_value=0 0.0234395 0.00239267 -0.0397358 -0.0672 -0.0677262
internal_weight=0 21.3673 15.4165 12.6042 4.24276 3.83413
internal_count=210 68 46 142 122 92
shrinkage=0.1


Tree=74
num_leaves=7
num_cat=0
split_feature=0 0 0 0 0 0
split_gain=0.0197322 0.00476735 0.0196307 0.00387803 2.08286e-05 0.000144973
threshold=0.35000000000000003 0.25000000000000006 0.15000000000000005 1.0000000180025095e-35 0.75000000000000011 0.45000000000000007
decision_type=2 2 2 2 2 2
left_child=1 2 3 -1 5 -2
right_child=4 -3 -4 -5 -6 -7
leaf_value=0.00053278834002629734 -0.0065192281914483764 -0.0011043542383066243 0.0064201788019868037 -0.0035321727654182219 -0.0063247896257709983 -0.01332098914875951
leaf_weight=12.422027558088304 0.39329486392671137 8.5130308419466036 6.2365425303578368 2.8936208812519899 3.7974918973632157 0.03404884270275943
leaf_count=18 30 20 22 28 78 14
internal_value=0 0.0089924 0.0169065 -0.00235214 -0.0639927 -0.0706116
internal_weight=0 30.0652 21.5522 15.3156 4.22484 0.427344
internal_count=210 88 68 46 122 44
shrinkage=0.1


Tree=75
num_leaves=7
num_cat=0
split_feature=0 0 0 0 0 0
split_gain=0.0176001 0.00425826 0.0102357 0.00230568 7.44427e-05 0.000113003
threshold=0.35000000000000003 0.15000000000000005 0.25000000000000006 1.0000000180025095e-35 0.75000000000000011 0.45000000000000007
decision_type=2 2 2 2 2 2
left_child=1 3 -3 -1 5 -2
right_child=4 2 -4 -5 -6 -7
leaf_value=0.00023811986870671254 -0.0068539358515411174 0.0049986768299064141 -0.00022652063555023223 -0.002926385542387536 -0.0059350702808227962 -0.012866214120762026
leaf_weight=12.384844094514845 0.37441709503764187 6.5591029077768317 8.7503858432173729 2.8282205588184306 3.7863419833593071 0.034109601416275843
leaf_count=18 30 22 20 28 78 14
internal_value=0 0.00834704 0.0201213 -0.00350185 -0.0607344 -0.0735593
internal_weight=0 30.5226 15.3095 15.2131 4.19487 0.408527
internal_count=210 88 42 46 122 44
shrinkage=0.1


Tree=76
num_leaves=7
num_cat=0
split_feature=0 0 0 0 0 0
split_gain=0.0156843 0.00314932 0.00423279 0.00160758 0.000153349 8.54912e-05
threshold=0.35000000000000003 0.15000000000000005 0.25000000000000006 1.0000000180025095e-35 0.75000000000000011 0.45000000000000007
decision_type=2 2 2 2 2 2
left_child=1 3 -3 -1 5 -2
right_child=4 2 -4 -5 -6 -7
leaf_value=0.00022652418536420118 -0.0071966838872035525 0.0036188909935333958 0.00032862477550555107 -0.0024430457706157808 -0.0055699494760735966 -0.012445015718595548
leaf_weight=12.350146874785422 0.35474608675576647 6.8998090326786032 9.0228015333414078 2.759826830588282 3.7726885973825119 0.034012724499916658
leaf_count=18 30 22 20 28 78 14
internal_value=0 0.00773058 0.0175441 -0.00261071 -0.0576481 -0.0765586
internal_weight=0 31.0326 15.9226 15.11 4.16145 0.388759
internal_count=210 88 42 46 122 44
shrinkage=0.1


Tree=77
num_leaves=7
num_cat=0
split_feature=0 0 0 0 0 0
split_gain=0.0141603 0.00181216 0.00138026 0.00130417 0.000233868 6.49535e-05
threshold=0.35000000000000003 0.15000000000000005 1.0000000180025095e-35 0.25000000000000006 0.75000000000000011 0.45000000000000007
decision_type=2 2 2 2 2 2
left_child=1 2 -1 -3 5 -2
right_child=4 3 -4 -5 -6 -7
leaf_value=0.00037637261338271195 -0.0074796762636097141 0.0024549163858565235 -0.0021194292990883911 0.00066173890038393932 -0.0052681085256567027 -0.012074036953980504
leaf_weight=12.317051813006403 0.33752727345563366 7.2081984728574762 2.7019404964521518 9.2744719386100769 3.76009986147983 0.033858584894915111
leaf_count=18 30 22 28 20 78 14
internal_value=0 0.00721931 -0.000726261 0.0144593 -0.0550456 -0.0789854
internal_weight=0 31.5017 15.019 16.4827 4.13149 0.371386
internal_count=210 88 46 42 122 44
shrinkage=0.1


Tree=78
num_leaves=7
num_cat=0
split_feature=0 0 0 0 0 0
split_gain=0.0131069 0.000956113 0.00135482 0.000289971 0.000288844 5.21477e-05
threshold=0.35000000000000003 0.15000000000000005 1.0000000180025095e-35 0.25000000000000006 0.75000000000000011 0.45000000000000007
decision_type=2 2 2 2 2 2
left_child=1 2 -1 -3 5 -2
right_child=4 3 -4 -5 -6 -7
leaf_value=0.00054677172189538205 -0.0076358081244431502 0.0016693385154293511 -0.0019413075502139701 0.00083445038748776413 -0.0050551249765845609 -0.011767867363284591
leaf_weight=12.292344480752947 0.32549174112500523 7.4287497103214273 2.6625915588811031 9.4545084983110428 3.7507786584901623 0.033705017092870548
leaf_count=18 30 22 28 20 78 14
internal_value=0 0.00686051 0.00103792 0.0120181 -0.0531455 -0.0802354
internal_weight=0 31.8382 14.9549 16.8833 4.10998 0.359197
internal_count=210 88 46 42 122 44
shrinkage=0.1


Tree=79
num_leaves=7
num_cat=0
split_feature=0 0 0 0 0 0
split_gain=0.0124378 0.000569943 0.00137006 0.000310463 5.37465e-05 4.53269e-05
threshold=0.35000000000000003 0.15000000000000005 1.0000000180025095e-35 0.75000000000000011 0.25000000000000006 0.45000000000000007
decision_type=2 2 2 2 2 2
left_child=1 2 -1 5 -3 -2
right_child=3 4 -4 -5 -6 -7
leaf_value=0.00065637069434513855 -0.0076577175094947663 0.0012570817110980704 -0.001854477359326155 -0.0049208595601470942 0.00090010812473044076 -0.01152071067190091
leaf_weight=12.279523327946661 0.31875346356537093 7.5514312461018571 2.6405034521594635 3.7448214523610659 9.5538766160607338 0.033573674882063642
leaf_count=18 30 22 28 78 20 14
internal_value=0 0.00663707 0.00212008 -0.0518787 0.010577 -0.0802583
internal_weight=0 32.0253 14.92 4.09715 17.1053 0.352327
internal_count=210 88 46 122 42 44
shrinkage=0.1


Tree=80
num_leaves=7
num_cat=0
split_feature=0 0 0 0 0 0
split_gain=0.444626 0.353211 0.29875 0.00558091 0.000125745 7.85384e-05
threshold=0.25000000000000006 0.15000000000000005 0.35000000000000003 1.0000000180025095e-35 0.75000000000000011 0.45000000000000007
decision_type=2 2 2 2 2 2
left_child=1 3 -2 -1 5 -4
right_child=2 -3 4 -5 -6 -7
leaf_value=0.0033524228672543498 0.029158202848597315 -0.021735893588801351 -0.0062539639856937631 -0.0017069047304126837 -0.0047354202648603513 -0.011363756435277237
leaf_weight=12.198108792304991 7.0230207815766317 10.177215173840523 0.29605499311583106 2.6548490696586677 3.7372491810820065 0.033481661856058054
leaf_count=18 20 22 30 28 78 14
internal_value=0 -0.0738506 0.166684 0.0244811 -0.0490054 -0.0677313
internal_weight=0 25.0302 11.0898 14.853 4.06679 0.329537
internal_count=210 68 142 46 122 44
shrinkage=0.1


Tree=81
num_leaves=7
num_cat=0
split_feature=0 0 0 0 0 0
split_gain=0.253379 0.0121016 0.00665664 0.0335519 9.3808e-05 0.000110527
threshold=0.25000000000000006 0.35000000000000003 1.0000000180025095e-35 0.15000000000000005 0.45000000000000007 0.75000000000000011
decision_type=2 2 2 2 2 2
left_child=2 -2 -1 -4 -3 -6
right_child=1 4 3 -5 5 -7
leaf_value=0.0081773022696192948 -0.012887074433263019 -0.0048532838866621056 -0.0046977425346574056 0.0089510323333269227 -0.012905540244197931 -0.0064438158833433129
leaf_weight=12.993547141551973 9.145800054073332 0.38663890160387282 2.660048852209 5.5774613060057163 0.026663855009246951 3.661934846197255
leaf_count=18 20 30 28 22 14 78
internal_value=0 -0.108675 0.0676744 0.0454358 -0.0633519 -0.0649053
internal_weight=0 13.221 21.2311 8.23751 4.07524 3.6886
internal_count=210 142 68 50 122 92
shrinkage=0.1


Tree=82
num_leaves=7
num_cat=0
split_feature=0 0 0 0 0 0
split_gain=0.0280614 0.0229882 0.00516949 0.00331315 3.21867e-05 0.000107464
threshold=0.25000000000000006 0.15000000000000005 1.0000000180025095e-35 0.35000000000000003 0.45000000000000007 0.75000000000000011
decision_type=2 2 2 2 2 2
left_child=1 2 -1 -2 -5 -6
right_child=3 -3 -4 4 5 -7
leaf_value=0.0010521913264590365 -0.0025939495547736393 0.0074787924435381226 -0.0036206338458289774 -0.005183262640094671 -0.011809478928317229 -0.0060718806359399361
leaf_weight=12.467920243740084 8.3575194254517537 5.9622249566018573 2.9224240663461378 0.40448835765710001 0.032928119224380104 3.7819286062149331
leaf_count=18 20 22 28 30 14 78
internal_value=0 0.0220713 0.00164883 -0.0374718 -0.0603147 -0.061214
internal_weight=0 21.3526 15.3903 12.5769 4.21935 3.81486
internal_count=210 68 46 142 122 92
shrinkage=0.1


Tree=83
num_leaves=7
num_cat=0
split_feature=0 0 0 0 0 0
split_gain=0.0158297 0.00458817 0.0184613 0.00260776 2.92423e-06 0.000106484
threshold=0.35000000000000003 0.25000000000000006 0.15000000000000005 1.0000000180025095e-35 0.45000000000000007 0.75000000000000011
decision_type=2 2 2 2 2 2
left_child=1 2 3 -1 -2 -6
right_child=4 -3 -4 -5 5 -7
leaf_value=0.0003391071517521543 -0.0054878106102977768 -0.0011617197728005719 0.0061638004964098981 -0.0030014776828304404 -0.011401347632160861 -0.0057258344064316027
leaf_weight=12.41462677717209 0.38946532941190426 8.5105835497379321 6.2419791668653479 2.8786564678885034 0.033349511475535443 3.7792882326757535
leaf_count=18 30 20 22 28 14 78
internal_value=0 0.00804007 0.0158085 -0.00289692 -0.0574882 -0.0577548
internal_weight=0 30.0458 21.5353 15.2933 4.2021 3.81264
internal_count=210 88 68 46 122 92
shrinkage=0.1


Tree=84
num_leaves=7
num_cat=0
split_feature=0 0 0 0 0 0
split_gain=0.0141605 0.00402398 0.00984212 0.0014516 2.81428e-05 8.29238e-05
threshold=0.35000000000000003 0.15000000000000005 0.25000000000000006 1.0000000180025095e-35 0.75000000000000011 0.45000000000000007
decision_type=2 2 2 2 2 2
left_child=1 3 -3 -1 5 -2
right_child=4 2 -4 -5 -6 -7
leaf_value=6.1147994499860409e-05 -0.0058258608490587118 0.0048216552560901536 -0.0003037683233113227 -0.0024545399579538958 -0.0053778109996317639 -0.01102636665180351
leaf_weight=12.379917293787001 0.37120337481610377 6.5557595938444129 8.7430882602930069 2.8152749817818412 3.7690846128389239 0.033421718602767214
leaf_count=18 30 22 20 28 78 14
internal_value=0 0.00747705 0.0189254 -0.00404944 -0.0546289 -0.0625542
internal_weight=0 30.494 15.2988 15.1952 4.17371 0.404625
internal_count=210 88 42 46 122 44
shrinkage=0.1


Tree=85
num_leaves=7
num_cat=0
split_feature=0 0 0 0 0 0
split_gain=0.0126583 0.00305924 0.00420791 0.00096357 7.92372e-05 6.20074e-05
threshold=0.35000000000000003 0.15000000000000005 0.25000000000000006 1.0000000180025095e-35 0.75000000000000011 0.45000000000000007
decision_type=2 2 2 2 2 2
left_child=1 3 -3 -1 5 -2
right_child=4 2 -4 -5 -6 -7
leaf_value=5.1431292966999702e-05 -0.0061671092251361376 0.0035231692666264449 0.00023959078065100716 -0.0020187488510587013 -0.0050519605331450137 -0.010679024791108944
leaf_weight=12.348222881555555 0.35222940117819129 6.8863366916775695 9.0078824311494827 2.7488819765858361 3.7564438410918228 0.033342754846671603
leaf_count=18 30 22 20 28 78 14
internal_value=0 0.00693927 0.0166224 -0.00325507 -0.0519209 -0.0655728
internal_weight=0 30.9913 15.8942 15.0971 4.14202 0.385572
internal_count=210 88 42 46 122 44
shrinkage=0.1


Tree=86
num_leaves=7
num_cat=0
split_feature=0 0 0 0 0 0
split_gain=0.0114505 0.00182287 0.00139254 0.000815877 0.000137815 4.63939e-05
threshold=0.35000000000000003 0.15000000000000005 0.25000000000000006 1.0000000180025095e-35 0.75000000000000011 0.45000000000000007
decision_type=2 2 2 2 2 2
left_child=1 3 -3 -1 5 -2
right_child=4 2 -4 -5 -6 -7
leaf_value=0.00019670655594486642 -0.0064535658027618809 0.0024203674488550431 0.0005651440568898849 -0.0017250999797858045 -0.0047801111027664864 -0.010372106294036738
leaf_weight=12.318173721432688 0.3354587196954516 7.1886454895138749 9.2545183226466179 2.6917698504403225 3.7445718865492381 0.033205005136551335
leaf_count=18 30 22 20 28 78 14
internal_value=0 0.00648864 0.0137621 -0.00147936 -0.0496173 -0.068065
internal_weight=0 31.4531 16.4432 15.0099 4.11324 0.368664
internal_count=210 88 42 46 122 44
shrinkage=0.1


Tree=87
num_leaves=7
num_cat=0
split_feature=0 0 0 0 0 0
split_gain=0.0105969 0.000975123 0.000814183 0.000345379 0.000182366 3.65523e-05
threshold=0.35000000000000003 0.15000000000000005 1.0000000180025095e-35 0.25000000000000006 0.75000000000000011 0.45000000000000007
decision_type=2 2 2 2 2 2
left_child=1 2 -1 -3 5 -2
right_child=4 3 -4 -5 -6 -7
leaf_value=0.00037117016266163274 -0.0066275108384427107 0.0016488147953646242 -0.0015609251977162552 0.00073673623771296182 -0.0045838524391353967 -0.010118333155660707
leaf_weight=12.295260190963747 0.32334025751333584 7.4129394367337236 2.6513707260601214 9.4372722953557968 3.7354752545943484 0.033062919246731326
leaf_count=18 30 22 28 20 78 14
internal_value=0 0.00616426 0.000284373 0.0113799 -0.0479006 -0.0695135
internal_weight=0 31.7968 14.9466 16.8502 4.09188 0.356403
internal_count=210 88 46 42 122 44
shrinkage=0.1


Tree=88
num_leaves=7
num_cat=0
split_feature=0 0 0 0 0 0
split_gain=0.0100437 0.000566893 0.000843289 0.000203932 7.19632e-05 3.12208e-05
threshold=0.35000000000000003 0.15000000000000005 1.0000000180025095e-35 0.75000000000000011 0.25000000000000006 0.45000000000000007
decision_type=2 2 2 2 2 2
left_child=1 2 -1 5 -3 -2
right_child=3 4 -4 -5 -6 -7
leaf_value=0.00049285991585372685 -0.0066793934010544002 0.0012195774873721779 -0.0014810322235770926 -0.004457167941765202 0.00080633656410663678 -0.0099144681118902012
leaf_weight=12.282975286245344 0.31619019829668005 7.5456762984395036 2.6273152614012352 3.7294234838336706 9.5444491058588028 0.032939242009888403
leaf_count=18 30 22 28 78 20 14
internal_value=0 0.00595655 0.00145044 -0.0467352 0.00988792 -0.0698461
internal_weight=0 32.0004 14.9103 4.07855 17.0901 0.349129
internal_count=210 88 46 122 42 44
shrinkage=0.1


Tree=89
num_leaves=7
num_cat=0
split_feature=0 0 0 0 0 0
split_gain=0.00967344 0.000389802 0.000862677 0.00020848 2.84575e-05 1.71204e-05
threshold=0.35000000000000003 0.15000000000000005 1.0000000180025095e-35 0.75000000000000011 0.45000000000000007 0.25000000000000006
decision_type=2 2 2 2 2 2
left_child=1 2 -1 4 -2 -3
right_child=3 5 -4 -5 -6 -7
leaf_value=0.00055881168994750634 -0.0066489637219412827 0.0010183416227447144 -0.0014419416291606916 -0.0043745194805644089 -0.009743779440880963 0.00081754258031082802
leaf_weight=12.278688952326773 0.31237990787485514 7.6142640858888635 2.613828125409781 3.7254467741004191 0.032834713798365563 9.5989531576633453
leaf_count=18 30 22 28 78 14 20
internal_value=0 0.00582262 0.00207654 -0.0459237 -0.0694332 0.00906366
internal_weight=0 32.1057 14.8925 4.07066 0.345215 17.2132
internal_count=210 88 46 122 44 42
shrinkage=0.1


Tree=90
num_leaves=7
num_cat=0
split_feature=0 0 0 0 0 0
split_gain=0.44654 0.350134 0.283558 0.00444372 5.66151e-05 5.92502e-05
threshold=0.25000000000000006 0.15000000000000005 0.35000000000000003 1.0000000180025095e-35 0.75000000000000011 0.45000000000000007
decision_type=2 2 2 2 2 2
left_child=1 3 -2 -1 5 -4
right_child=2 -3 4 -5 -6 -7
leaf_value=0.0032040890554384215 0.028889062408974632 -0.021678007536324415 -0.0051657130123902509 -0.0013226310848473324 -0.0042419483138532556 -0.0096495665992755494
leaf_weight=12.20844294130802 7.0162247121334058 10.18133769929409 0.29313313830061805 2.6370189627632508 3.7199274004087783 0.03276447048119735
leaf_count=18 20 22 30 28 78 14
internal_value=0 -0.0739535 0.167313 0.024 -0.0435267 -0.056165
internal_weight=0 25.0268 11.062 14.8455 4.04583 0.325898
internal_count=210 68 142 46 122 44
shrinkage=0.1


Tree=91
num_leaves=7
num_cat=0
split_feature=0 0 0 0 0 0
split_gain=0.266503 0.0171932 0.00758892 0.0292365 0.000135755 7.10475e-05
threshold=0.25000000000000006 0.35000000000000003 1.0000000180025095e-35 0.15000000000000005 0.45000000000000007 0.75000000000000011
decision_type=2 2 2 2 2 2
left_child=2 -2 -1 -4 -3 -6
right_child=1 4 3 -5 5 -7
leaf_value=0.0084477672753448148 -0.013511211215640407 -0.0038907438819031949 -0.0041479117210571608 0.0086531961423391215 -0.011106902949038877 -0.0058384291016476113
leaf_weight=13.020665660500528 9.2122686654329282 0.38041042693657695 2.621215283405034 5.586921751499176 0.02577784103050396 3.6366693077143282
leaf_count=18 20 30 28 22 14 78
internal_value=0 -0.111253 0.0694659 0.0456525 -0.0568876 -0.0587551
internal_weight=0 13.2551 21.2288 8.20814 4.04286 3.66245
internal_count=210 142 68 50 122 92
shrinkage=0.1


Tree=92
num_leaves=7
num_cat=0
split_feature=0 0 0 0 0 0
split_gain=0.0246171 0.0216043 0.00366817 0.00223958 5.67462e-05 6.84371e-05
threshold=0.25000000000000006 0.15000000000000005 1.0000000180025095e-35 0.35000000000000003 0.45000000000000007 0.75000000000000011
decision_type=2 2 2 2 2 2
left_child=1 2 -1 -2 -5 -6
right_child=3 -3 -4 4 5 -7
leaf_value=0.00082738141251541145 -0.0025669372787247209 0.0071635495326537171 -0.0031183904071918401 -0.0042650401753825395 -0.010095985819060266 -0.0054779159659282565
leaf_weight=12.458726942539217 8.3627379536628705 5.9848609678447238 2.905513882637023 0.40000059898011286 0.032365962222684508 3.7643886603182182
leaf_count=18 20 22 28 30 14 78
internal_value=0 0.0206662 0.00081201 -0.0351291 -0.0539793 -0.0551728
internal_weight=0 21.3491 15.3642 12.5595 4.19676 3.79675
internal_count=210 68 46 142 122 92
shrinkage=0.1


Tree=93
num_leaves=7
num_cat=0
split_feature=0 0 0 0 0 0
split_gain=0.012611 0.0043027 0.0172825 0.00171061 1.35723e-05 6.84867e-05
threshold=0.35000000000000003 0.25000000000000006 0.15000000000000005 1.0000000180025095e-35 0.45000000000000007 0.75000000000000011
decision_type=2 2 2 2 2 2
left_child=1 2 3 -1 -2 -6
right_child=4 -3 -4 -5 5 -7
leaf_value=0.00016238803206872817 -0.0045810067822333799 -0.0011862906703508534 0.005892271109872475 -0.0025499938857946117 -0.0097563074016367712 -0.0051644591022478332
leaf_weight=12.408383727073671 0.38504617608850722 8.520960599184038 6.2626237943768492 2.8613102338276795 0.03276404945063438 3.7618339711334556
leaf_count=18 30 20 22 28 14 78
internal_value=0 0.00715775 0.0146848 -0.00345871 -0.051467 -0.0520411
internal_weight=0 30.0533 21.5323 15.2697 4.17964 3.7946
internal_count=210 88 68 46 122 92
shrinkage=0.1


Tree=94
num_leaves=7
num_cat=0
split_feature=0 0 0 0 0 0
split_gain=0.0113001 0.00378007 0.00923274 0.000877613 7.11174e-06 6.15735e-05
threshold=0.35000000000000003 0.15000000000000005 0.25000000000000006 1.0000000180025095e-35 0.75000000000000011 0.45000000000000007
decision_type=2 2 2 2 2 2
left_child=1 3 -3 -1 5 -2
right_child=4 2 -4 -5 -6 -7
leaf_value=-9.0790287029281951e-05 -0.0049239615995320188 0.0046066722740845667 -0.000352828119313127 -0.0020515342439001052 -0.004851452156092572 -0.0094436505749046235
leaf_weight=12.375507369637488 0.3671511090942649 6.5722590163350096 8.7525725513696671 2.7990792207419881 3.7523108024033718 0.032838291779626161
leaf_count=18 30 22 20 28 78 14
internal_value=0 0.00666311 0.0177412 -0.00452466 -0.0489418 -0.0529502
internal_weight=0 30.4994 15.3248 15.1746 4.1523 0.399989
internal_count=210 88 42 46 122 44
shrinkage=0.1


Tree=95
num_leaves=7
num_cat=0
split_feature=0 0 0 0 0 0
split_gain=0.0101238 0.00289801 0.00400313 0.000550932 3.73427e-05 4.53373e-05
threshold=0.35000000000000003 0.15000000000000005 0.25000000000000006 1.0000000180025095e-35 0.75000000000000011 0.45000000000000007
decision_type=2 2 2 2 2 2
left_child=1 3 -3 -1 5 -2
right_child=4 2 -4 -5 -6 -7
leaf_value=-8.950756017670161e-05 -0.005264157368926067 0.003374245772662566 0.0001732300415448079 -0.001658297162388348 -0.0045597337081231858 -0.0091545787540859326
leaf_weight=12.345861583948134 0.34871551411924784 6.8962220996618262 9.0126348286867142 2.734352278523148 3.7405108494567685 0.032769422381534241
leaf_count=18 30 22 20 28 78 14
internal_value=0 0.00619295 0.0156082 -0.00373961 -0.0465586 -0.0559834
internal_weight=0 30.9891 15.9089 15.0802 4.122 0.381485
internal_count=210 88 42 46 122 44
shrinkage=0.1


Tree=96
num_leaves=7
num_cat=0
split_feature=0 0 0 0 0 0
split_gain=0.00917717 0.00174838 0.00136482 0.000464543 7.81454e-05 3.33563e-05
threshold=0.35000000000000003 0.15000000000000005 0.25000000000000006 1.0000000180025095e-35 0.75000000000000011 0.45000000000000007
decision_type=2 2 2 2 2 2
left_child=1 3 -3 -1 5 -2
right_child=4 2 -4 -5 -6 -7
leaf_value=5.8521774926242002e-05 -0.0055500028107187318 0.0023252639718995653 0.00048884875355713158 -0.0013945727344914221 -0.0043165457234250653 -0.0088998929171671733
leaf_weight=12.318083032965662 0.33243503764970128 7.1923834532499322 9.254084400832653 2.6784652019850901 3.729366171406582 0.03264344602212077
leaf_count=18 30 22 20 28 78 14
internal_value=0 0.00579893 0.0129195 -0.00201009 -0.0445323 -0.0584953
internal_weight=0 31.443 16.4465 14.9965 4.09444 0.365078
internal_count=210 88 42 46 122 44
shrinkage=0.1


Tree=97
num_leaves=7
num_cat=0
split_feature=0 0 0 0 0 0
split_gain=0.00850339 0.000943622 0.000477025 0.000358979 0.000111981 2.58534e-05
threshold=0.35000000000000003 0.15000000000000005 1.0000000180025095e-35 0.25000000000000006 0.75000000000000011 0.45000000000000007
decision_type=2 2 2 2 2 2
left_child=1 2 -1 -3 5 -2
right_child=4 3 -4 -5 -6 -7
leaf_value=0.00023434657286910111 -0.0057308916629895783 0.0015849566254554988 -0.0012475427719379883 0.00065510004033726232 -0.0041399069183551008 -0.0086904008112132745
leaf_weight=12.297041207551958 0.32055368146393348 7.4146423116326341 2.6382979550398877 9.434767097234726 3.720702359220013 0.03251109087432269
leaf_count=18 30 22 28 20 78 14
internal_value=0 0.00551302 -0.000274262 0.0106429 -0.0430141 -0.0600341
internal_weight=0 31.7847 14.9353 16.8494 4.07377 0.353065
internal_count=210 88 46 42 122 44
shrinkage=0.1


Tree=98
num_leaves=7
num_cat=0
split_feature=0 0 0 0 0 0
split_gain=0.00806252 0.000538544 0.000510977 0.000130324 8.33681e-05 2.17888e-05
threshold=0.35000000000000003 0.15000000000000005 1.0000000180025095e-35 0.75000000000000011 0.25000000000000006 0.45000000000000007
decision_type=2 2 2 2 2 2
left_child=1 2 -1 5 -3 -2
right_child=3 4 -4 -5 -6 -7
leaf_value=0.00036338980616579188 -0.0057992664558231448 0.0011640669638450867 -0.0011764147898449303 -0.0040247132812071063 0.00071935563651275285 -0.008523485152397722
leaf_weight=12.285779505968096 0.31336280124378291 7.5503328591585168 2.6135762035846701 3.7148068671813235 9.5439654141664505 0.032394738023867831
leaf_count=18 30 22 28 78 20 14
internal_value=0 0.00532746 0.000932844 -0.0419755 0.00915779 -0.060545
internal_weight=0 31.9937 14.8994 4.06056 17.0943 0.345758
internal_count=210 88 46 122 42 44
shrinkage=0.1


Tree=99
num_leaves=7
num_cat=0
split_feature=0 0 0 0 0 0
split_gain=0.00776518 0.000356609 0.000535842 0.000136353 2.06643e-05 1.96714e-05
threshold=0.35000000000000003 0.15000000000000005 1.0000000180025095e-35 0.75000000000000011 0.25000000000000006 0.45000000000000007
decision_type=2 2 2 2 2 2
left_child=1 2 -1 5 -3 -2
right_child=3 4 -4 -5 -6 -7
leaf_value=0.00043808666816421262 -0.0057912882482628793 0.00095326905116910202 -0.0011423999607108506 -0.0039487922355423335 0.00073276460949043187 -0.0083848777517804996
leaf_weight=12.281828492879866 0.30936357800965097 7.6244103163480768 2.5990921878255895 3.7108502680202946 9.6026245802640915 0.032296772682457231
leaf_count=18 30 22 28 78 20 14
internal_value=0 0.00520615 0.0016204 -0.041248 0.00830356 -0.0603646
internal_weight=0 32.108 14.8809 4.05251 17.227 0.34166
internal_count=210 88 46 122 42 44
shrinkage=0.1


end of trees

feature importances:
geographical=600

parameters:
[boosting: gbdt]
[objective: lambdarank]
[metric: ndcg]
[tree_learner: serial]
[device_type: cpu]
[data: ]
[valid: ]
[num_iterations: 100]
[learning_rate: 0.1]
[num_leaves: 16]
[num_threads: -1]
[max_depth: -1]
[min_data_in_leaf: 5]
[min_sum_hessian_in_leaf: 0.001]
[bagging_fraction: 1]
[pos_bagging_fraction: 1]
[neg_bagging_fraction: 1]
[bagging_freq: 0]
[bagging_seed: 3]
[feature_fraction: 1]
[feature_fraction_bynode: 1]
[feature_fraction_seed: 2]
[early_stopping_round: 0]
[first_metric_only: 0]
[max_delta_step: 0]
[lambda_l1: 0]
[lambda_l2: 0]
[min_gain_to_split: 0]
[drop_rate: 0.1]
[max_drop: 50]
[skip_drop: 0.5]
[xgboost_dart_mode: 0]
[uniform_drop: 0]
[drop_seed: 4]
[top_rate: 0.2]
[other_rate: 0.1]
[min_data_per_group: 100]
[max_cat_threshold: 32]
[cat_l2: 10]
[cat_smooth: 10]
[max_cat_to_onehot: 4]
[top_k: 20]
[monotone_constraints: ]
[feature_contri: ]
[forcedsplits_filename: ]
[forcedbins_filename: ]
[refit_decay_rate: 0.9]
[cegb_tradeoff: 1]
[cegb_penalty_split: 0]
[cegb_penalty_feature_lazy: ]
[cegb_penalty_feature_coupled: ]
[verbosity: -1]
[max_bin: 255]
[max_bin_by_feature: ]
[min_data_in_bin: 3]
[bin_construct_sample_cnt: 200000]
[histogram_pool_size: -1]
[data_random_seed: 1]
[output_model: LightGBM_model.txt]
[snapshot_freq: -1]
[input_model: ]
[output_result: LightGBM_predict_result.txt]
[initscore_filename: ]
[valid_data_initscores: ]
[pre_partition: 0]
[enable_bundle: 1]
[max_conflict_rate: 0]
[is_enable_sparse: 1]
[sparse_threshold: 0.8]
[use_missing: 1]
[zero_as_missing: 0]
[two_round: 0]
[save_binary: 0]
[header: 0]
[label_column: ]
[weight_column: ]
[group_column: ]
[ignore_column: ]
[categorical_feature: ]
[predict_raw_score: 0]
[predict_leaf_index: 0]
[predict_contrib: 0]
[num_iteration_predict: -1]
[pred_early_stop: 0]
[pred_early_stop_freq: 10]
[pred_early_stop_margin: 10]
[convert_model_language: ]
[convert_model: gbdt_prediction.cpp]
[num_class: 1]
[is_unbalance: 0]
[scale_pos_weight: 1]
[sigmoid: 1]
[boost_from_average: 1]
[reg_sqrt: 0]
[alpha: 0.9]
[fair_c: 1]
[poisson_max_delta_step: 0.7]
[tweedie_variance_power: 1.5]
[max_position: 20]
[lambdamart_norm: 1]
[label_gain: ]
[metric_freq: 1]
[is_provide_training_metric: 0]
[eval_at: 1]
[multi_error_top_k: 1]
[num_machines: 1]
[local_listen_port: 12400]
[time_out: 120]
[machine_list_filename: ]
[machines: ]
[gpu_platform_id: -1]
[gpu_device_id: -1]
[gpu_use_dp: 0]

end of parameters

pandas_categorical:null
