tree
version=v3
num_class=1
num_tree_per_iteration=1
label_index=0
max_feature_idx=0
objective=lambdarank
feature_names=geographical
feature_infos=[0:1]
tree_sizes=842 848 846 851 851 854 854 855 856 858 860 858 861 861 862 859 864 862 862 860 864 867 866 864 862 865 864 860 860 859 863 866 866 866 869 860 870 870 870 870 870 867 868 868 869 870 870 874 875 874 874 873 876 875 871 874 874 877 874 874 877 877 870 875 875 874 879 876 879 880 878 875 878 878 879 876 881 876 878 879 880 878 876 880 877 879 877 882 881 883 882 877 883 878 880 882 882 879 881 882

Tree=0
num_leaves=7
num_cat=0
split_feature=0 0 0 0 0 0
split_gain=9.24031 1.16538 0.415605 0.131621 0.0833257 0.0529012
threshold=0.35000000000000003 1.0000000180025095e-35 0.75000000000000011 0.15000000000000005 0.25000000000000006 0.45000000000000007
decision_type=2 2 2 2 2 2
left_child=1 -1 5 -3 -5 -2
right_child=2 3 -4 4 -6 -7
leaf_value=0.13356776824836336 -0.12591320032813047 0.030686402788921631 -0.070492576927224854 0.081872518952846959 0.044439419093738358 -0.17806224429257428
leaf_weight=2.6415592823177576 0.78245256748050429 2.0066668326035142 6.0630632434040308 1.3473484823480248 1.0644649937748909 0.25888431444764137
leaf_count=24 24 34 78 20 20 10
internal_value=0 0.810221 -0.805162 0.496081 0.653512 -1.38878
internal_weight=0 7.06004 7.1044 4.41848 2.41181 1.04134
internal_count=210 98 112 74 40 34
shrinkage=0.1


Tree=1
num_leaves=7
num_cat=0
split_feature=0 0 0 0 0 0
split_gain=3.16608 1.39436 0.902762 0.424483 0.0979667 0.0386901
threshold=0.35000000000000003 1.0000000180025095e-35 0.75000000000000011 0.15000000000000005 0.45000000000000007 0.25000000000000006
decision_type=2 2 2 2 2 2
left_child=1 -1 4 -3 -2 -5
right_child=2 3 -4 5 -6 -7
leaf_value=0.033794873520893581 -0.11015135797681677 -0.027988879264892397 -0.040506589974677133 -0.00052297845396931332 -0.16596056525625402 0.0109075489016166
leaf_weight=16.304870814085007 1.3120033238083113 6.0972619727253941 5.4324566144496202 6.9164160564541799 0.41371584869921202 5.1781943030655384
leaf_count=24 24 34 78 20 10 20
internal_value=0 0.125586 -0.605224 -0.0647494 -1.23531 0.0437089
internal_weight=0 34.4967 7.15818 18.1919 1.72572 12.0946
internal_count=210 98 112 74 34 40
shrinkage=0.1


Tree=2
num_leaves=7
num_cat=0
split_feature=0 0 0 0 0 0
split_gain=2.04815 0.728172 0.453463 0.329744 0.104997 0.0779759
threshold=0.35000000000000003 1.0000000180025095e-35 0.75000000000000011 0.15000000000000005 0.25000000000000006 0.45000000000000007
decision_type=2 2 2 2 2 2
left_child=1 -1 5 -3 -5 -2
right_child=2 3 -4 4 -6 -7
leaf_value=0.025057191707378135 -0.08988363868401289 -0.025214187455772474 -0.037302543338649803 -0.0030670537169834667 0.015925565206222739 -0.1497033566091279
leaf_weight=16.450863733887672 1.1196358865126956 5.2631638348102596 5.2557352110743523 7.0176157690584642 4.973832294344902 0.27056567464023817
leaf_count=24 24 34 78 20 20 10
internal_value=0 0.100041 -0.507368 -0.0434775 0.0481074 -1.01526
internal_weight=0 33.7055 6.64594 17.2546 11.9914 1.3902
internal_count=210 98 112 74 40 34
shrinkage=0.1


Tree=3
num_leaves=7
num_cat=0
split_feature=0 0 0 0 0 0
split_gain=1.36873 0.525562 0.614982 0.307719 0.0550909 0.0450584
threshold=0.35000000000000003 1.0000000180025095e-35 0.25000000000000006 0.75000000000000011 0.45000000000000007 0.15000000000000005
decision_type=2 2 2 2 2 2
left_child=1 -1 5 4 -2 -3
right_child=3 2 -4 -5 -6 -7
leaf_value=0.020704764798219796 -0.07974355904708165 -0.024358780307165248 0.023653141412789225 -0.032593368849035714 -0.13688987776722655 -0.011851096842062037
leaf_weight=16.47944512963295 0.93776095565408357 4.7446744535118359 5.4695227928459635 5.0684973271563649 0.20569891203194857 7.3294523432850838
leaf_count=24 24 34 20 78 10 20
internal_value=0 0.0788106 -0.0416476 -0.431648 -0.900237 -0.167661
internal_weight=0 34.0231 17.5436 6.21196 1.14346 12.0741
internal_count=210 98 74 112 34 54
shrinkage=0.1


Tree=4
num_leaves=7
num_cat=0
split_feature=0 0 0 0 0 0
split_gain=1.22681 0.342381 0.47202 0.223858 0.038482 0.00123116
threshold=0.35000000000000003 1.0000000180025095e-35 0.15000000000000005 0.75000000000000011 0.45000000000000007 0.25000000000000006
decision_type=2 2 2 2 2 2
left_child=1 -1 -3 4 -2 -4
right_child=3 2 5 -5 -6 -7
leaf_value=0.017786035613891825 -0.074011992330856272 -0.029209855580988205 0.0095905852558631193 -0.032116546925567632 -0.12619052175415121 0.0074542437290468864
leaf_weight=16.567275479435921 0.93274974077939876 4.7384636811912086 4.2554874736815673 5.0422494327649474 0.16658618627116084 7.3685552962124348
leaf_count=24 24 34 20 78 10 20
internal_value=0 0.0765252 -0.026078 -0.410311 -0.819188 0.0823634
internal_weight=0 32.9298 16.3625 6.14159 1.09934 11.624
internal_count=210 98 74 112 34 40
shrinkage=0.1


Tree=5
num_leaves=7
num_cat=0
split_feature=0 0 0 0 0 0
split_gain=0.996661 0.257367 0.325247 0.162801 0.0319111 0.000243377
threshold=0.35000000000000003 1.0000000180025095e-35 0.15000000000000005 0.75000000000000011 0.45000000000000007 0.25000000000000006
decision_type=2 2 2 2 2 2
left_child=1 -1 -3 4 -2 -4
right_child=3 2 5 -5 -6 -7
leaf_value=0.015615242358627428 -0.066630527678152404 -0.024662441328078117 0.0061893865962606084 -0.029976724898817687 -0.11774213392186815 0.0071386501694971852
leaf_weight=16.580971524119377 0.88864507758989819 4.5841232966631678 4.2669978961348516 4.9677331447601318 0.1416193419136107 7.3587441220879555
leaf_count=24 24 34 20 78 10 20
internal_value=0 0.0685563 -0.0210453 -0.374795 -0.736563 0.0679024
internal_weight=0 32.7908 16.2099 5.998 1.03026 11.6257
internal_count=210 98 74 112 34 40
shrinkage=0.1


Tree=6
num_leaves=7
num_cat=0
split_feature=0 0 0 0 0 0
split_gain=0.831352 0.206191 0.247049 0.122609 0.0266892 0.00181747
threshold=0.35000000000000003 1.0000000180025095e-35 0.15000000000000005 0.75000000000000011 0.45000000000000007 0.25000000000000006
decision_type=2 2 2 2 2 2
left_child=1 -1 -3 4 -2 -4
right_child=3 2 5 -5 -6 -7
leaf_value=0.014053601531597407 -0.060635151652635402 -0.021711366701795191 0.0042501907011703579 -0.028146655894223511 -0.11040899175555202 0.0068486071062496025
leaf_weight=16.590628370642662 0.8563383291475466 4.5030191363766816 4.2572608254849893 4.9061395563185215 0.1232317853718996 7.3206139430403709
leaf_count=24 24 34 20 78 10 20
internal_value=0 0.0623239 -0.0183675 -0.345959 -0.668968 0.0589315
internal_weight=0 32.6715 16.0809 5.88571 0.97957 11.5779
internal_count=210 98 74 112 34 40
shrinkage=0.1


Tree=7
num_leaves=7
num_cat=0
split_feature=0 0 0 0 0 0
split_gain=0.708705 0.171606 0.200083 0.0948267 0.0224568 0.00327055
threshold=0.35000000000000003 1.0000000180025095e-35 0.15000000000000005 0.75000000000000011 0.45000000000000007 0.25000000000000006
decision_type=2 2 2 2 2 2
left_child=1 -1 -3 4 -2 -4
right_child=3 2 5 -5 -6 -7
leaf_value=0.012854325538439643 -0.055673468734019432 -0.019654330378240336 0.0030921798367960214 -0.026585102934443307 -0.10392628803696857 0.0065883738771451142
leaf_weight=16.598472118377686 0.8321504332125178 4.4575805347412816 4.234166478738187 4.8549638353288174 0.10909488191828132 7.2691905125975609
leaf_count=24 24 34 20 78 10 20
internal_value=0 0.0573525 -0.0166819 -0.32217 -0.612662 0.0530149
internal_weight=0 32.5594 15.9609 5.79621 0.941245 11.5034
internal_count=210 98 74 112 34 40
shrinkage=0.1


Tree=8
num_leaves=7
num_cat=0
split_feature=0 0 0 0 0 0
split_gain=0.614357 0.146635 0.168767 0.0749445 0.0189814 0.00417959
threshold=0.35000000000000003 1.0000000180025095e-35 0.15000000000000005 0.75000000000000011 0.45000000000000007 0.25000000000000006
decision_type=2 2 2 2 2 2
left_child=1 -1 -3 4 -2 -4
right_child=3 2 5 -5 -6 -7
leaf_value=0.011893844081044753 -0.051500124429901754 -0.018119444154015649 0.0023683797916548717 -0.025230019106041099 -0.098109999590701352 0.006334427998676998
leaf_weight=16.604831844568253 0.81326500093564291 4.4305230770260087 4.2063287142664176 4.8114593955688179 0.097888411954045282 7.214766189455986
leaf_count=24 24 34 20 78 10 20
internal_value=0 0.0532653 -0.0155284 -0.3021 -0.565076 0.0487375
internal_weight=0 32.4564 15.8516 5.72261 0.911153 11.4211
internal_count=210 98 74 112 34 40
shrinkage=0.1


Tree=9
num_leaves=7
num_cat=0
split_feature=0 0 0 0 0 0
split_gain=0.539576 0.127779 0.146064 0.0603214 0.0161041 0.00462073
threshold=0.35000000000000003 1.0000000180025095e-35 0.15000000000000005 0.75000000000000011 0.45000000000000007 0.25000000000000006
decision_type=2 2 2 2 2 2
left_child=1 -1 -3 4 -2 -4
right_child=3 2 5 -5 -6 -7
leaf_value=0.011101244874049588 -0.047940448156989647 -0.016905307221571454 0.0018938539013011865 -0.024034956389143339 -0.092832112568274963 0.0060782928926658361
leaf_weight=16.609875470399857 0.79791697300970443 4.4133161827921858 4.1785083636641485 4.773680857848376 0.088804444298148141 7.1625819820910692
leaf_count=24 24 34 20 78 10 20
internal_value=0 0.0498178 -0.0146998 -0.284841 -0.524363 0.0453658
internal_weight=0 32.3643 15.7544 5.6604 0.886721 11.3411
internal_count=210 98 74 112 34 40
shrinkage=0.1


Tree=10
num_leaves=7
num_cat=0
split_feature=0 0 0 0 0 0
split_gain=0.478904 0.113073 0.128597 0.0493127 0.0137081 0.00474423
threshold=0.35000000000000003 1.0000000180025095e-35 0.15000000000000005 0.75000000000000011 0.45000000000000007 0.25000000000000006
decision_type=2 2 2 2 2 2
left_child=1 -1 -3 4 -2 -4
right_child=3 2 5 -5 -6 -7
leaf_value=0.010432769084505801 -0.044866122365827051 -0.015903209834586728 0.0015675686913851955 -0.022967886394904484 -0.087999073412315554 0.0058211147021854683
leaf_weight=16.613788306713104 0.78504503052681585 4.4016185151413074 4.1527045648545009 4.7403363487683237 0.081313401460647583 7.1146750478073955
leaf_count=24 24 34 20 78 10 20
internal_value=0 0.0468525 -0.0140882 -0.269772 -0.489144 0.0425343
internal_weight=0 32.2828 15.669 5.60669 0.866358 11.2674
internal_count=210 98 74 112 34 40
shrinkage=0.1


Tree=11
num_leaves=7
num_cat=0
split_feature=0 0 0 0 0 0
split_gain=0.428747 0.101295 0.114572 0.0408545 0.0117057 0.00467583
threshold=0.35000000000000003 1.0000000180025095e-35 0.15000000000000005 0.75000000000000011 0.45000000000000007 0.25000000000000006
decision_type=2 2 2 2 2 2
left_child=1 -1 -3 4 -2 -4
right_child=3 2 5 -5 -6 -7
leaf_value=0.009858822435541488 -0.042180300219726768 -0.0150490621377505 0.0013319839089485164 -0.022005710073773152 -0.083543293461244061 0.0055669804969477009
leaf_weight=16.616789147257805 0.77398809953592607 4.3931700009852639 4.1295172702521068 4.7105453168042004 0.075052757747471333 7.0714718969538808
leaf_count=24 24 34 20 78 10 20
internal_value=0 0.0442632 -0.0136243 -0.256451 -0.458367 0.0400565
internal_weight=0 32.2109 15.5942 5.55959 0.849041 11.201
internal_count=210 98 74 112 34 40
shrinkage=0.1


Tree=12
num_leaves=7
num_cat=0
split_feature=0 0 0 0 0 0
split_gain=0.386667 0.0916506 0.102974 0.0342406 0.0100258 0.00449899
threshold=0.35000000000000003 1.0000000180025095e-35 0.15000000000000005 0.75000000000000011 0.45000000000000007 0.25000000000000006
decision_type=2 2 2 2 2 2
left_child=1 -1 -3 4 -2 -4
right_child=3 2 5 -5 -6 -7
leaf_value=0.0093588984600924633 -0.039811089508500652 -0.014304016501328329 0.001154688228899365 -0.021131967936740142 -0.079413068205296075 0.0053196062751813822
leaf_weight=16.619059205055237 0.76432524411938974 4.3867419650778166 4.1089142281562072 4.6836763629689813 0.069762278697453439 7.0327268540859222
leaf_count=24 24 34 20 78 10 20
internal_value=0 0.0419766 -0.013261 -0.244563 -0.431234 0.0378363
internal_weight=0 32.1474 15.5284 5.51776 0.834088 11.1416
internal_count=210 98 74 112 34 40
shrinkage=0.1


Tree=13
num_leaves=7
num_cat=0
split_feature=0 0 0 0 0 0
split_gain=0.350933 0.0836174 0.0931942 0.0289903 0.00861245 0.00426679
threshold=0.35000000000000003 1.0000000180025095e-35 0.15000000000000005 0.75000000000000011 0.45000000000000007 0.25000000000000006
decision_type=2 2 2 2 2 2
left_child=1 -1 -3 4 -2 -4
right_child=3 2 5 -5 -6 -7
leaf_value=0.0089185735330511232 -0.03770385296987204 -0.013644217014282698 0.0010161913007647586 -0.020333840456663914 -0.075570138391464703 0.0050816261620040184
leaf_weight=16.620748564600945 0.75577060761861403 4.3816336579620829 4.0906583629548532 4.6592684504576027 0.06525077391415833 6.9979537604376674
leaf_count=24 24 34 20 78 10 20
internal_value=0 0.0399387 -0.0129708 -0.23387 -0.407133 0.0358186
internal_weight=0 32.091 15.4702 5.48029 0.821021 11.0886
internal_count=210 98 74 112 34 40
shrinkage=0.1


Tree=14
num_leaves=7
num_cat=0
split_feature=0 0 0 0 0 0
split_gain=0.320269 0.0768196 0.0848232 0.0247638 0.00742 0.00400892
threshold=0.35000000000000003 1.0000000180025095e-35 0.15000000000000005 0.75000000000000011 0.45000000000000007 0.25000000000000006
decision_type=2 2 2 2 2 2
left_child=1 -1 -3 4 -2 -4
right_child=3 2 5 -5 -6 -7
leaf_value=0.0085267954029636089 -0.035814985298891752 -0.013052779793158237 0.00090546900271772372 -0.01960135014603015 -0.071983765417554635 0.0048543510187675524
leaf_weight=16.621975317597389 0.74811818334273883 4.3774333717301479 4.0744347721338254 4.6369582628831267 0.061373097356408834 6.9666458256542683
leaf_count=24 24 34 20 78 10 20
internal_value=0 0.0381088 -0.0127314 -0.224187 -0.385572 0.0339711
internal_weight=0 32.0405 15.4185 5.44645 0.809491 11.0411
internal_count=210 98 74 112 34 40
shrinkage=0.1


Tree=15
num_leaves=7
num_cat=0
split_feature=0 0 0 0 0 0
split_gain=0.293716 0.0709887 0.0775568 0.0213229 0.00641131 0.00375037
threshold=0.35000000000000003 1.0000000180025095e-35 0.15000000000000005 0.75000000000000011 0.45000000000000007 0.25000000000000006
decision_type=2 2 2 2 2 2
left_child=1 -1 -3 4 -2 -4
right_child=3 2 5 -5 -6 -7
leaf_value=0.0081751395192863514 -0.03411137087614094 -0.012516231787675761 0.00081254806569561753 -0.018925907072809115 -0.06863036159691463 0.0046391264308030117
leaf_weight=16.622841924428943 0.7412163787521413 4.3738759541884056 4.0599767565727216 4.6164556774310768 0.0580175417708233 6.938317745923996
leaf_count=24 24 34 20 78 10 20
internal_value=0 0.0364545 -0.0125277 -0.215367 -0.366172 0.0322656
internal_weight=0 31.995 15.3722 5.41569 0.799234 10.9983
internal_count=210 98 74 112 34 40
shrinkage=0.1


Tree=16
num_leaves=7
num_cat=0
split_feature=0 0 0 0 0 0
split_gain=0.270535 0.0659387 0.071212 0.0184903 0.00555529 0.00349531
threshold=0.35000000000000003 1.0000000180025095e-35 0.15000000000000005 0.75000000000000011 0.45000000000000007 0.25000000000000006
decision_type=2 2 2 2 2 2
left_child=1 -1 -3 4 -2 -4
right_child=3 2 5 -5 -6 -7
leaf_value=0.0078574401704827098 -0.032565505855501595 -0.012027649084064007 0.00073482926158967526 -0.018300627339596334 -0.065488210114992659 0.0044352702584528544
leaf_weight=16.623418003320698 0.73495152685791154 4.3708107098937026 4.0470055080950242 4.5975285698659718 0.055094680865295231 6.9125581830739975
leaf_count=24 24 34 20 78 10 20
internal_value=0 0.0349504 -0.012353 -0.207291 -0.348614 0.0306882
internal_weight=0 31.9538 15.3304 5.38757 0.790046 10.9596
internal_count=210 98 74 112 34 40
shrinkage=0.1


Tree=17
num_leaves=7
num_cat=0
split_feature=0 0 0 0 0 0
split_gain=0.25017 0.0615109 0.0656168 0.0161364 0.00482736 0.00325488
threshold=0.35000000000000003 1.0000000180025095e-35 0.15000000000000005 0.75000000000000011 0.45000000000000007 0.25000000000000006
decision_type=2 2 2 2 2 2
left_child=1 -1 -3 4 -2 -4
right_child=3 2 5 -5 -6 -7
leaf_value=0.0075682802148377042 -0.031155973778891663 -0.011578544263905949 0.00066726380507490819 -0.017720291911203941 -0.062541830665094028 0.004243676225914237
leaf_weight=16.623764306306843 0.72923204628750571 4.368103106506168 4.035318471491335 4.5799909071065485 0.052535579307004809 6.8890142310410738
leaf_count=24 24 34 20 78 10 20
internal_value=0 0.0335768 -0.0121949 -0.199868 -0.332651 0.0292259
internal_weight=0 31.9162 15.2924 5.36176 0.781768 10.9243
internal_count=210 98 74 112 34 40
shrinkage=0.1


Tree=18
num_leaves=7
num_cat=0
split_feature=0 0 0 0 0 0
split_gain=0.232154 0.057606 0.0606582 0.0141653 0.00420635 0.00302924
threshold=0.35000000000000003 1.0000000180025095e-35 0.15000000000000005 0.75000000000000011 0.45000000000000007 0.25000000000000006
decision_type=2 2 2 2 2 2
left_child=1 -1 -3 4 -2 -4
right_child=3 2 5 -5 -6 -7
leaf_value=0.0073039252132877461 -0.02986534471730258 -0.011164630569459953 0.00060806041884462359 -0.017179413286434426 -0.059775843754860752 0.0040631460149472285
leaf_weight=16.623925074934963 0.72398750623688002 4.3656933843158177 4.0247244248166663 4.5636745565570891 0.050282850861549377 6.8673886274918914
leaf_count=24 24 34 20 78 10 20
internal_value=0 0.032316 -0.0120534 -0.193013 -0.318078 0.0278646
internal_weight=0 31.8817 15.2578 5.33794 0.77427 10.8921
internal_count=210 98 74 112 34 40
shrinkage=0.1


Tree=19
num_leaves=7
num_cat=0
split_feature=0 0 0 0 0 0
split_gain=0.216131 0.0541324 0.056239 0.0124997 0.00367556 0.00281827
threshold=0.35000000000000003 1.0000000180025095e-35 0.15000000000000005 0.75000000000000011 0.45000000000000007 0.25000000000000006
decision_type=2 2 2 2 2 2
left_child=1 -1 -3 4 -2 -4
right_child=3 2 5 -5 -6 -7
leaf_value=0.007060933201399092 -0.028677813525852053 -0.010781255631485466 0.00055615233906295639 -0.016674223606497909 -0.057177685170996341 0.0038930728382507089
leaf_weight=16.623934373259548 0.71915602707303961 4.3635186133906236 4.0150701971724612 4.5484502608887851 0.048290621431078762 6.8474336257204413
leaf_count=24 24 34 20 78 10 20
internal_value=0 0.0311545 -0.0119228 -0.186661 -0.304711 0.0265966
internal_weight=0 31.85 15.226 5.3159 0.767447 10.8625
internal_count=210 98 74 112 34 40
shrinkage=0.1


Tree=20
num_leaves=7
num_cat=0
split_feature=0 0 0 0 0 0
split_gain=0.201804 0.0510198 0.0522739 0.0110827 0.00322077 0.00262465
threshold=0.35000000000000003 1.0000000180025095e-35 0.15000000000000005 0.75000000000000011 0.45000000000000007 0.25000000000000006
decision_type=2 2 2 2 2 2
left_child=1 -1 -3 4 -2 -4
right_child=3 2 5 -5 -6 -7
leaf_value=0.0068364873979328434 -0.02758118652730783 -0.010424109486870746 0.00050908892672133583 -0.016200963362047696 -0.054736041820872709 0.0037331893302324191
leaf_weight=16.623822197318081 0.71468728850595553 4.3615316962823263 4.0062382388859969 4.5342004806734622 0.046521329670213163 6.8289447408169508
leaf_count=24 24 34 20 78 10 20
internal_value=0 0.0300802 -0.0117998 -0.180754 -0.292408 0.025411
internal_weight=0 31.8205 15.1967 5.29541 0.761209 10.8352
internal_count=210 98 74 112 34 40
shrinkage=0.1


Tree=21
num_leaves=7
num_cat=0
split_feature=0 0 0 0 0 0
split_gain=0.188937 0.0482173 0.0487083 0.00987073 0.00282966 0.00244724
threshold=0.35000000000000003 1.0000000180025095e-35 0.15000000000000005 0.75000000000000011 0.45000000000000007 0.25000000000000006
decision_type=2 2 2 2 2 2
left_child=1 -1 -3 4 -2 -4
right_child=3 2 5 -5 -6 -7
leaf_value=0.0066284929999591014 -0.026566024671825419 -0.010091060559108524 0.00046629492451424957 -0.015756603790041766 -0.052439479614190501 0.0035829674220818558
leaf_weight=16.623612761497501 0.71054390631616016 4.3597048399969927 3.9981185579672438 4.5208264477550983 0.044942868466023363 6.8117417292669415
leaf_count=24 24 34 20 78 10 20
internal_value=0 0.0290836 -0.0116836 -0.175247 -0.281052 0.0243024
internal_weight=0 31.7932 15.1696 5.27631 0.755487 10.8099
internal_count=210 98 74 112 34 40
shrinkage=0.1


Tree=22
num_leaves=7
num_cat=0
split_feature=0 0 0 0 0 0
split_gain=0.177327 0.0456816 0.0454903 0.00882601 0.00249288 0.00228263
threshold=0.35000000000000003 1.0000000180025095e-35 0.15000000000000005 0.75000000000000011 0.45000000000000007 0.25000000000000006
decision_type=2 2 2 2 2 2
left_child=1 -1 -3 4 -2 -4
right_child=3 2 5 -5 -6 -7
leaf_value=0.0064350546219152528 -0.02562201627473068 -0.0097797071668551255 0.00042800576208816549 -0.015338421572538972 -0.050278887913719664 0.0034411348783447032
leaf_weight=16.623323857784275 0.70668656006455322 4.3580206525512031 3.9906177027150971 4.508244336117059 0.043529571034014232 6.7956800889223814
leaf_count=24 24 34 20 78 10 20
internal_value=0 0.0281559 -0.0115735 -0.170097 -0.270527 0.0232636
internal_weight=0 31.7676 15.1443 5.25846 0.750216 10.7863
internal_count=210 98 74 112 34 40
shrinkage=0.1


Tree=23
num_leaves=7
num_cat=0
split_feature=0 0 0 0 0 0
split_gain=0.166813 0.0433719 0.0425706 0.00792246 0.00220183 0.0021332
threshold=0.35000000000000003 1.0000000180025095e-35 0.15000000000000005 0.75000000000000011 0.45000000000000007 0.25000000000000006
decision_type=2 2 2 2 2 2
left_child=1 -1 -3 4 -2 -4
right_child=3 2 5 -5 -6 -7
leaf_value=0.0062544220057574916 -0.024743092114675323 -0.0094871607628573187 0.00039230716705520907 -0.014944038313141611 -0.04824507272864717 0.0033079324264869894
leaf_weight=16.62297007441521 0.70309007633477349 4.3564492515288284 3.9836671901866776 4.4963772669434547 0.042259435169398792 6.7806382579728961
leaf_count=24 24 34 20 78 10 20
internal_value=0 0.0272903 -0.0114661 -0.165269 -0.260756 0.0222891
internal_weight=0 31.7437 15.1208 5.24173 0.74535 10.7643
internal_count=210 98 74 112 34 40
shrinkage=0.1


Tree=24
num_leaves=7
num_cat=0
split_feature=0 0 0 0 0 0
split_gain=0.157253 0.0412623 0.0399178 0.00713547 0.00199595 0.00195005
threshold=0.35000000000000003 1.0000000180025095e-35 0.15000000000000005 0.75000000000000011 0.25000000000000006 0.45000000000000007
decision_type=2 2 2 2 2 2
left_child=1 -1 -3 5 -4 -2
right_child=3 2 4 -5 -6 -7
leaf_value=0.0060853375499322513 -0.023921331860510365 -0.0092122825891943327 0.00035953956121621882 -0.014571333743387031 0.0031823471314722969 -0.046330423212123516
leaf_weight=16.622565388679508 0.69972400483675201 4.3549804105423382 3.977200663648544 4.4851633226498961 6.7665072260424495 0.041114398918580257
leaf_count=24 24 34 20 78 20 10
internal_value=0 0.02648 -0.0113626 -0.160731 0.0213738 -0.25165
internal_weight=0 31.7213 15.0987 5.226 10.7437 0.740838
internal_count=210 98 74 112 40 34
shrinkage=0.1


Tree=25
num_leaves=7
num_cat=0
split_feature=0 0 0 0 0 0
split_gain=0.148535 0.0393271 0.0374952 0.00644759 0.00186969 0.0017312
threshold=0.35000000000000003 1.0000000180025095e-35 0.15000000000000005 0.75000000000000011 0.25000000000000006 0.45000000000000007
decision_type=2 2 2 2 2 2
left_child=1 -1 -3 5 -4 -2
right_child=3 2 4 -5 -6 -7
leaf_value=0.0059266399220106918 -0.023152044950148019 -0.0089528577853627243 0.00032926534151822806 -0.014218548960360676 0.0030636326448246955 -0.044525229550235995
leaf_weight=16.622116938233379 0.69656997313722868 4.3535985853523007 3.9711677916347963 4.474544802447781 6.7531898878514767 0.040077727171592414
leaf_count=24 24 34 20 78 20 10
internal_value=0 0.0257201 -0.0112617 -0.156458 0.0205111 -0.243149
internal_weight=0 31.7001 15.078 5.21119 10.7244 0.736648
internal_count=210 98 74 112 40 34
shrinkage=0.1


Tree=26
num_leaves=7
num_cat=0
split_feature=0 0 0 0 0 0
split_gain=0.14056 0.0375457 0.0352794 0.00584357 0.00175412 0.00154078
threshold=0.35000000000000003 1.0000000180025095e-35 0.15000000000000005 0.75000000000000011 0.25000000000000006 0.45000000000000007
decision_type=2 2 2 2 2 2
left_child=1 -1 -3 5 -4 -2
right_child=3 2 4 -5 -6 -7
leaf_value=0.0057773237867695618 -0.022430117180520858 -0.0087077911506683627 0.00030100429975501465 -0.01388411713626257 0.0029516181848869101 -0.042823824314900893
leaf_weight=16.621633619070057 0.69360617990605433 4.3522951100021592 3.9655187046155316 4.464475087588653 6.7406138554215431 0.039137080544605851
leaf_count=24 24 34 20 78 20 10
internal_value=0 0.025006 -0.0111629 -0.152426 0.0196984 -0.235194
internal_weight=0 31.6801 15.0584 5.19722 10.7061 0.732743
internal_count=210 98 74 112 40 34
shrinkage=0.1


Tree=27
num_leaves=7
num_cat=0
split_feature=0 0 0 0 0 0
split_gain=0.133238 0.0359009 0.0332442 0.0053109 0.00164721 0.00137468
threshold=0.35000000000000003 1.0000000180025095e-35 0.15000000000000005 0.75000000000000011 0.25000000000000006 0.45000000000000007
decision_type=2 2 2 2 2 2
left_child=1 -1 -3 5 -4 -2
right_child=3 2 4 -5 -6 -7
leaf_value=0.0056364834582491473 -0.02175091988953963 -0.0084755693333565234 0.00027482533101416961 -0.013566360346828333 0.0028453204854517011 -0.041218941863137654
leaf_weight=16.621121019124988 0.6908159195445468 4.3510635485872617 3.960215778090058 4.4549021164420992 6.7287058001384139 0.038280786015093327
leaf_count=24 24 34 20 78 20 10
internal_value=0 0.0243329 -0.0110665 -0.148612 0.0189296 -0.227731
internal_weight=0 31.6611 15.04 5.184 10.6889 0.729097
internal_count=210 98 74 112 40 34
shrinkage=0.1


Tree=28
num_leaves=7
num_cat=0
split_feature=0 0 0 0 0 0
split_gain=0.126503 0.0343779 0.0313766 0.00483911 0.00154911 0.0012294
threshold=0.35000000000000003 1.0000000180025095e-35 0.15000000000000005 0.75000000000000011 0.25000000000000006 0.45000000000000007
decision_type=2 2 2 2 2 2
left_child=1 -1 -3 5 -4 -2
right_child=3 2 4 -5 -6 -7
leaf_value=0.0055034160951161551 -0.02111076334085599 -0.0082558079602428006 0.0002503818083782338 -0.013264276113913336 0.00274491820817949 -0.039704133771523653
leaf_weight=16.620587289333347 0.68818490626290341 4.3498911624774328 3.9552228618413192 4.445795560721308 6.71741399820894 0.037499011144973338
leaf_count=24 24 34 20 78 20 10
internal_value=0 0.0236978 -0.0109721 -0.145002 0.0182046 -0.220716
internal_weight=0 31.6431 15.0225 5.17148 10.6726 0.725684
internal_count=210 98 74 112 40 34
shrinkage=0.1


Tree=29
num_leaves=7
num_cat=0
split_feature=0 0 0 0 0 0
split_gain=0.120288 0.0329636 0.0296545 0.00442072 0.00145898 0.00110199
threshold=0.35000000000000003 1.0000000180025095e-35 0.15000000000000005 0.75000000000000011 0.25000000000000006 0.45000000000000007
decision_type=2 2 2 2 2 2
left_child=1 -1 -3 5 -4 -2
right_child=3 2 4 -5 -6 -7
leaf_value=0.0053773963893441711 -0.020506877981825062 -0.0080470147295816138 0.00022727313270405624 -0.01297633046808616 0.0026497794458069488 -0.038273656316943239
leaf_weight=16.620037466287616 0.6857004133053114 4.348777071107178 3.950516523793338 4.4371102682780474 6.70667430665344 0.03678344891523011
leaf_count=24 24 34 20 78 20 10
internal_value=0 0.0230971 -0.0108794 -0.141575 0.0175178 -0.214114
internal_weight=0 31.626 15.006 5.15959 10.6572 0.722484
internal_count=210 98 74 112 40 34
shrinkage=0.1


Tree=30
num_leaves=7
num_cat=0
split_feature=0 0 0 0 0 0
split_gain=0.11454 0.0316455 0.028064 0.00404748 0.00137541 0.000990008
threshold=0.35000000000000003 1.0000000180025095e-35 0.15000000000000005 0.75000000000000011 0.25000000000000006 0.45000000000000007
decision_type=2 2 2 2 2 2
left_child=1 -1 -3 5 -4 -2
right_child=3 2 4 -5 -6 -7
leaf_value=0.005257779547184897 -0.019935541841569853 -0.0078483651298330674 0.00020582758554441605 -0.012701739217559025 0.0025594364243911759 -0.036921579603798736
leaf_weight=16.619472950696949 0.68334871018305321 4.3477133694104841 3.946063442155717 4.4288208198267967 6.6964491466060281 0.036126687249634415
leaf_count=24 24 34 20 78 20 10
internal_value=0 0.022528 -0.0107878 -0.138319 0.0168676 -0.207885
internal_weight=0 31.6097 14.9902 5.1483 10.6425 0.719475
internal_count=210 98 74 112 40 34
shrinkage=0.1


Tree=31
num_leaves=7
num_cat=0
split_feature=0 0 0 0 0 0
split_gain=0.109213 0.0304157 0.0265927 0.00371357 0.00129893 0.000891343
threshold=0.35000000000000003 1.0000000180025095e-35 0.15000000000000005 0.75000000000000011 0.25000000000000006 0.45000000000000007
decision_type=2 2 2 2 2 2
left_child=1 -1 -3 5 -4 -2
right_child=3 2 4 -5 -6 -7
leaf_value=0.0051441380241767582 -0.019394264731025172 -0.0076592441598160466 0.00018527375960027974 -0.01243956594676017 0.0024738929741634679 -0.035642688475334319
leaf_weight=16.618901863694195 0.68112001824192603 4.3466931306757024 3.9418451031669957 4.4209006992168725 6.6866966541856527 0.035522310354281217
leaf_count=24 24 34 20 78 20 10
internal_value=0 0.0219883 -0.0106976 -0.13522 0.016251 -0.201997
internal_weight=0 31.5941 14.9752 5.13754 10.6285 0.716642
internal_count=210 98 74 112 40 34
shrinkage=0.1


Tree=32
num_leaves=7
num_cat=0
split_feature=0 0 0 0 0 0
split_gain=0.104264 0.0292661 0.0252268 0.00341448 0.0012277 0.000804192
threshold=0.35000000000000003 1.0000000180025095e-35 0.15000000000000005 0.75000000000000011 0.25000000000000006 0.45000000000000007
decision_type=2 2 2 2 2 2
left_child=1 -1 -3 5 -4 -2
right_child=3 2 4 -5 -6 -7
leaf_value=0.0050359944088926379 -0.018881097892438581 -0.0074787109713627111 0.00016601858523414379 -0.012188789254768012 0.0023922883574379527 -0.034432400420193736
leaf_weight=16.618321508169178 0.67900569445919146 4.3457179390825322 3.9378405092284066 4.4133181574288756 6.677374224178493 0.03496495887520723
leaf_count=24 24 34 20 78 20 10
internal_value=0 0.0214753 -0.0106092 -0.132267 0.0156643 -0.196427
internal_weight=0 31.5793 14.9609 5.12729 10.6152 0.713971
internal_count=210 98 74 112 40 34
shrinkage=0.1


Tree=33
num_leaves=7
num_cat=0
split_feature=0 0 0 0 0 0
split_gain=0.0996606 0.0281876 0.0239587 0.0031454 0.00116148 0.000727038
threshold=0.35000000000000003 1.0000000180025095e-35 0.15000000000000005 0.75000000000000011 0.25000000000000006 0.45000000000000007
decision_type=2 2 2 2 2 2
left_child=1 -1 -3 5 -4 -2
right_child=3 2 4 -5 -6 -7
leaf_value=0.004932882014923908 -0.018393678739930013 -0.0073063226244518553 0.00014806833470634048 -0.011948894527543628 0.0023146696998755851 -0.033286031775288626
leaf_weight=16.617734566330913 0.67699717241339286 4.3447781554423264 3.9340295474976283 4.4060572742018849 6.6684579970315099 0.034449760540155694
leaf_count=24 24 34 20 78 20 10
internal_value=0 0.0209874 -0.0105214 -0.129451 0.0151076 -0.191148
internal_weight=0 31.565 14.9473 5.1175 10.6025 0.711447
internal_count=210 98 74 112 40 34
shrinkage=0.1


Tree=34
num_leaves=7
num_cat=0
split_feature=0 0 0 0 0 0
split_gain=0.0953623 0.0271772 0.0227794 0.00290249 0.00109996 0.000658729
threshold=0.35000000000000003 1.0000000180025095e-35 0.15000000000000005 0.75000000000000011 0.25000000000000006 0.45000000000000007
decision_type=2 2 2 2 2 2
left_child=1 -1 -3 5 -4 -2
right_child=3 2 4 -5 -6 -7
leaf_value=0.0048345034691442169 -0.017929337837593148 -0.0071417755536571058 0.00013100151456031583 -0.011718713914638005 0.0022405504081334637 -0.032200176812916682
leaf_weight=16.617147281765941 0.67508328496478398 4.343880020081996 3.9303998462855798 4.3990873524453491 6.6599116865545511 0.033972782985074446
leaf_count=24 24 34 20 78 20 10
internal_value=0 0.0205219 -0.0104366 -0.126757 0.0145763 -0.186131
internal_weight=0 31.5513 14.9342 5.10814 10.5903 0.709056
internal_count=210 98 74 112 40 34
shrinkage=0.1


Tree=35
num_leaves=7
num_cat=0
split_feature=0 0 0 0 0 0
split_gain=0.0913518 0.0262222 0.0216807 0.0026832 0.00104343 0.000597825
threshold=0.35000000000000003 1.0000000180025095e-35 0.15000000000000005 0.75000000000000011 0.25000000000000006 0.45000000000000007
decision_type=2 2 2 2 2 2
left_child=1 -1 -3 5 -4 -2
right_child=3 2 4 -5 -6 -7
leaf_value=0.0047402981505445399 -0.017487810525833224 -0.0069840486806273683 0.00011477560724293 -0.01149818154515812 0.0021704472790495394 -0.031169085748981765
leaf_weight=16.616558119654659 0.67326266830786963 4.343007872812449 3.9269359540194255 4.392397198593244 6.651717770844698 0.033529575797729194
leaf_count=24 24 34 20 78 20 10
internal_value=0 0.0200784 -0.01035 -0.124184 0.0140735 -0.181368
internal_weight=0 31.5382 14.9217 5.09919 10.5787 0.706792
internal_count=210 98 74 112 40 34
shrinkage=0.1


Tree=36
num_leaves=7
num_cat=0
split_feature=0 0 0 0 0 0
split_gain=0.0875973 0.0253253 0.0206542 0.00248464 0.000990713 0.000543646
threshold=0.35000000000000003 1.0000000180025095e-35 0.15000000000000005 0.75000000000000011 0.25000000000000006 0.45000000000000007
decision_type=2 2 2 2 2 2
left_child=1 -1 -3 5 -4 -2
right_child=3 2 4 -5 -6 -7
leaf_value=0.0046502793309165583 -0.017066791340922982 -0.0068329825483696167 9.9226422601727431e-05 -0.011286296268308418 0.0021032640270329975 -0.030191247268127233
leaf_weight=16.615969836711887 0.6715263637015586 4.3421674463897935 3.9236266370862705 4.3859675491694361 6.6438436033204198 0.033117693586973473
leaf_count=24 24 34 20 78 20 10
internal_value=0 0.0196545 -0.0102664 -0.121718 0.0135918 -0.176836
internal_weight=0 31.5256 14.9096 5.09061 10.5675 0.704644
internal_count=210 98 74 112 40 34
shrinkage=0.1


Tree=37
num_leaves=7
num_cat=0
split_feature=0 0 0 0 0 0
split_gain=0.0840776 0.0244798 0.0196952 0.00230398 0.000941179 0.000495265
threshold=0.35000000000000003 1.0000000180025095e-35 0.15000000000000005 0.75000000000000011 0.25000000000000006 0.45000000000000007
decision_type=2 2 2 2 2 2
left_child=1 -1 -3 5 -4 -2
right_child=3 2 4 -5 -6 -7
leaf_value=0.0045640707367340426 -0.016664447775949557 -0.0066882664657695497 8.4708353444132431e-05 -0.011082671989414405 0.002038913963529343 -0.029261853025713672
leaf_weight=16.615381523966793 0.66986702580470492 4.3413556283339849 3.9204606339335424 4.3797816822770983 6.6362689817324281 0.032733719534007832
leaf_count=24 24 34 20 78 20 10
internal_value=0 0.0192491 -0.0101847 -0.119354 0.0131318 -0.172514
internal_weight=0 31.5135 14.8981 5.08238 10.5567 0.702601
internal_count=210 98 74 112 40 34
shrinkage=0.1


Tree=38
num_leaves=7
num_cat=0
split_feature=0 0 0 0 0 0
split_gain=0.0807732 0.0236797 0.0187968 0.00213993 0.000895449 0.000451977
threshold=0.35000000000000003 1.0000000180025095e-35 0.15000000000000005 0.75000000000000011 0.25000000000000006 0.45000000000000007
decision_type=2 2 2 2 2 2
left_child=1 -1 -3 5 -4 -2
right_child=3 2 4 -5 -6 -7
leaf_value=0.0044813249020525386 -0.016280353388773646 -0.0065491771828951762 7.0604510809281026e-05 -0.010886710099340859 0.0019775963147766755 -0.028378636623610582
leaf_weight=16.614795759320263 0.66828275611624011 4.3405701820738605 3.9174262173473817 4.3738219670485705 6.6289805136620998 0.032375363254686818
leaf_count=24 24 34 20 78 20 10
internal_value=0 0.0188609 -0.0101035 -0.117086 0.0126925 -0.168394
internal_weight=0 31.5018 14.887 5.07448 10.5464 0.700658
internal_count=210 98 74 112 40 34
shrinkage=0.1


Tree=39
num_leaves=7
num_cat=0
split_feature=0 0 0 0 0 0
split_gain=0.0776685 0.022921 0.0179539 0.00199016 0.000852499 0.000413193
threshold=0.35000000000000003 1.0000000180025095e-35 0.15000000000000005 0.75000000000000011 0.25000000000000006 0.45000000000000007
decision_type=2 2 2 2 2 2
left_child=1 -1 -3 5 -4 -2
right_child=3 2 4 -5 -6 -7
leaf_value=0.0044018155742896487 -0.015912820304707458 -0.0064153241377623285 5.7411107166796463e-05 -0.010698200259392563 0.0019189087735135839 -0.027538531529218441
leaf_weight=16.614214196801189 0.66676684783305873 4.3398072388954452 3.9145143115892989 4.3680822844617069 6.6219546301290393 0.032040319696534425
leaf_count=24 24 34 20 78 20 10
internal_value=0 0.0184891 -0.0100224 -0.114909 0.0122732 -0.164459
internal_weight=0 31.4905 14.8763 5.06689 10.5365 0.698807
internal_count=210 98 74 112 40 34
shrinkage=0.1


Tree=40
num_leaves=7
num_cat=0
split_feature=0 0 0 0 0 0
split_gain=0.0747459 0.0222028 0.0171646 0.00185327 0.000812647 0.000378346
threshold=0.35000000000000003 1.0000000180025095e-35 0.15000000000000005 0.75000000000000011 0.25000000000000006 0.45000000000000007
decision_type=2 2 2 2 2 2
left_child=1 -1 -3 5 -4 -2
right_child=3 2 4 -5 -6 -7
leaf_value=0.0043254433357978279 -0.015560837409172577 -0.0062869247283197649 4.4695563237133695e-05 -0.010516599336766864 0.0018629167125997774 -0.02673847245546512
leaf_weight=16.613634645938877 0.66531488473992695 4.3390677412971845 3.9117146730422956 4.3625452944543213 6.6151848426088691 0.031726384011562914
leaf_count=24 24 34 20 78 20 10
internal_value=0 0.0181325 -0.00994286 -0.112816 0.0118728 -0.160696
internal_weight=0 31.4796 14.866 5.05959 10.5269 0.697041
internal_count=210 98 74 112 40 34
shrinkage=0.1


Tree=41
num_leaves=7
num_cat=0
split_feature=0 0 0 0 0 0
split_gain=0.071989 0.021523 0.0164223 0.00172782 0.000775053 0.000347002
threshold=0.35000000000000003 1.0000000180025095e-35 0.15000000000000005 0.75000000000000011 0.25000000000000006 0.45000000000000007
decision_type=2 2 2 2 2 2
left_child=1 -1 -3 5 -4 -2
right_child=3 2 4 -5 -6 -7
leaf_value=0.0042520481170322316 -0.01522314261515742 -0.0061634087683267455 3.2604524173252764e-05 -0.010341383041450242 0.0018089813581382945 -0.025976039000790249
leaf_weight=16.613059580326084 0.66392231173813243 4.3383497656323007 3.9090250516310316 4.3571999918203801 6.6086439238861203 0.031431797833647579
leaf_count=24 24 34 20 78 20 10
internal_value=0 0.0177898 -0.0098658 -0.110801 0.0114877 -0.157092
internal_weight=0 31.4691 14.856 5.05255 10.5177 0.695354
internal_count=210 98 74 112 40 34
shrinkage=0.1


Tree=42
num_leaves=7
num_cat=0
split_feature=0 0 0 0 0 0
split_gain=0.0693868 0.020877 0.0157243 0.00161298 0.000740093 0.000318787
threshold=0.35000000000000003 1.0000000180025095e-35 0.15000000000000005 0.75000000000000011 0.25000000000000006 0.45000000000000007
decision_type=2 2 2 2 2 2
left_child=1 -1 -3 5 -4 -2
right_child=3 2 4 -5 -6 -7
leaf_value=0.0041813660257594013 -0.014899397922412292 -0.0060444754084297428 2.0901377232894734e-05 -0.010172246571340192 0.0017574230519988466 -0.02524991335493719
leaf_weight=16.612490639090542 0.66258712578564782 4.337652758229523 3.9064358007162792 4.3520352577324957 6.6023260075598955 0.031155301549006253
leaf_count=24 24 34 20 78 20 10
internal_value=0 0.0174605 -0.00978964 -0.108861 0.011119 -0.153642
internal_weight=0 31.4589 14.8464 5.04578 10.5088 0.693742
internal_count=210 98 74 112 40 34
shrinkage=0.1


Tree=43
num_leaves=7
num_cat=0
split_feature=0 0 0 0 0 0
split_gain=0.0669299 0.0202602 0.015065 0.00150753 0.00070663 0.000293228
threshold=0.35000000000000003 1.0000000180025095e-35 0.15000000000000005 0.75000000000000011 0.25000000000000006 0.45000000000000007
decision_type=2 2 2 2 2 2
left_child=1 -1 -3 5 -4 -2
right_child=3 2 4 -5 -6 -7
leaf_value=0.0041131413832976322 -0.01458882224324535 -0.0059293619761433885 1.0278973813011126e-05 -0.010009080783568816 0.0017077210546648633 -0.024556075247296711
leaf_weight=16.611926302313808 0.66130627947859366 4.3369747977703801 3.9039381342008692 4.3470445428974926 6.5962126757949591 0.030894748604623601
leaf_count=24 24 34 20 78 20 10
internal_value=0 0.017144 -0.00971271 -0.106993 0.0107661 -0.150337
internal_weight=0 31.4491 14.8371 5.03925 10.5002 0.692201
internal_count=210 98 74 112 40 34
shrinkage=0.1


Tree=44
num_leaves=7
num_cat=0
split_feature=0 0 0 0 0 0
split_gain=0.0646032 0.0196739 0.014445 0.00141039 0.000675928 0.000270155
threshold=0.35000000000000003 1.0000000180025095e-35 0.15000000000000005 0.75000000000000011 0.25000000000000006 0.45000000000000007
decision_type=2 2 2 2 2 2
left_child=1 -1 -3 5 -4 -2
right_child=3 2 4 -5 -6 -7
leaf_value=0.0040473638463924154 -0.014289997414827489 -0.0058186797495365442 -4.170447009029668e-07 -0.0098512683561908093 0.0016603385148019683 -0.023893978690041374
leaf_weight=16.611369967460636 0.660074507817625 4.3363121678121379 3.9015330169349891 4.3422150369733572 6.5902996305376291 0.030649379594251517
leaf_count=24 24 34 20 78 20 10
internal_value=0 0.016839 -0.00963783 -0.105189 0.0104276 -0.147162
internal_weight=0 31.4395 14.8281 5.03294 10.4918 0.690724
internal_count=210 98 74 112 40 34
shrinkage=0.1


Tree=45
num_leaves=7
num_cat=0
split_feature=0 0 0 0 0 0
split_gain=0.0624009 0.0191164 0.0138602 0.00132083 0.000646643 0.000249236
threshold=0.35000000000000003 1.0000000180025095e-35 0.15000000000000005 0.75000000000000011 0.25000000000000006 0.45000000000000007
decision_type=2 2 2 2 2 2
left_child=1 -1 -3 5 -4 -2
right_child=3 2 4 -5 -6 -7
leaf_value=0.00398397122212226 -0.014002653465636318 -0.0057119937880406833 -1.0351542508513745e-05 -0.0096988081987012392 0.0016145953767419134 -0.023261167632161232
leaf_weight=16.610819235444072 0.65889012312982131 4.3356690080836406 3.899208437651394 4.3375433657784015 6.5845736293122172 0.030417794769164171
leaf_count=24 24 34 20 78 20 10
internal_value=0 0.0165454 -0.00956463 -0.10345 0.0101023 -0.144112
internal_weight=0 31.4303 14.8195 5.02685 10.4838 0.689308
internal_count=210 98 74 112 40 34
shrinkage=0.1


Tree=46
num_leaves=7
num_cat=0
split_feature=0 0 0 0 0 0
split_gain=0.0603125 0.018583 0.0133049 0.00123822 0.000619355 0.000230288
threshold=0.35000000000000003 1.0000000180025095e-35 0.15000000000000005 0.75000000000000011 0.25000000000000006 0.45000000000000007
decision_type=2 2 2 2 2 2
left_child=1 -1 -3 5 -4 -2
right_child=3 2 4 -5 -6 -7
leaf_value=0.0039226484293661363 -0.01372609550911158 -0.0056083906777602173 -2.0180959122745127e-05 -0.0095512632889290412 0.0015706475679236392 -0.022656790671096379
leaf_weight=16.610272988677028 0.65775014890823413 4.3350389346014699 3.8969636335968953 4.3330162416677922 6.5790225751698017 0.030199210101272911
leaf_count=24 24 34 20 78 20 10
internal_value=0 0.0162623 -0.00949152 -0.10177 0.00978875 -0.141181
internal_weight=0 31.4213 14.811 5.02097 10.476 0.687949
internal_count=210 98 74 112 40 34
shrinkage=0.1


Tree=47
num_leaves=7
num_cat=0
split_feature=0 0 0 0 0 0
split_gain=0.0583286 0.0180743 0.0127825 0.00116202 0.000593082 0.000213026
threshold=0.35000000000000003 1.0000000180025095e-35 0.15000000000000005 0.75000000000000011 0.25000000000000006 0.45000000000000007
decision_type=2 2 2 2 2 2
left_child=1 -1 -3 5 -4 -2
right_child=3 2 4 -5 -6 -7
leaf_value=0.0038633855984859349 -0.013459852829579129 -0.0055087885107278078 -2.900461207699563e-05 -0.0094082356215778248 0.0015282265371526491 -0.022077931012968725
leaf_weight=16.609732612967495 0.65665354894008388 4.3344296063296488 3.8947897963225824 4.3286252941470593 6.5736426962539554 0.029992233045049943
leaf_count=24 24 34 20 78 20 10
internal_value=0 0.0159889 -0.00942008 -0.100145 0.00948857 -0.138363
internal_weight=0 31.4126 14.8029 5.01527 10.4684 0.686646
internal_count=210 98 74 112 40 34
shrinkage=0.1


Tree=48
num_leaves=7
num_cat=0
split_feature=0 0 0 0 0 0
split_gain=0.0564453 0.0175885 0.0122869 0.0010914 0.000568964 0.000197312
threshold=0.35000000000000003 1.0000000180025095e-35 0.15000000000000005 0.75000000000000011 0.25000000000000006 0.45000000000000007
decision_type=2 2 2 2 2 2
left_child=1 -1 -3 5 -4 -2
right_child=3 2 4 -5 -6 -7
leaf_value=0.0038061046546116516 -0.013203195491323764 -0.0054122813300976095 -3.8090757732234972e-05 -0.0092698505261030722 0.0014876327303842854 -0.021523659733239126
leaf_weight=16.609201312065128 0.65559621504507859 4.3338289714884004 3.8926901612430793 4.3243712587282062 6.5684205098077655 0.029796193615766239
leaf_count=24 24 34 20 78 20 10
internal_value=0 0.0157252 -0.00934967 -0.0985746 0.00919895 -0.135649
internal_weight=0 31.4041 14.7949 5.00976 10.4611 0.685392
internal_count=210 98 74 112 40 34
shrinkage=0.1


Tree=49
num_leaves=7
num_cat=0
split_feature=0 0 0 0 0 0
split_gain=0.0546534 0.017123 0.0118156 0.00102601 0.000545925 0.000182987
threshold=0.35000000000000003 1.0000000180025095e-35 0.15000000000000005 0.75000000000000011 0.25000000000000006 0.45000000000000007
decision_type=2 2 2 2 2 2
left_child=1 -1 -3 5 -4 -2
right_child=3 2 4 -5 -6 -7
leaf_value=0.0037506084428316892 -0.012955651222375093 -0.0053185457040950688 -4.6674846423212248e-05 -0.0091356307266416761 0.0014482999068980637 -0.020992690864516616
leaf_weight=16.608671888709072 0.65457648364826937 4.3332431276794514 3.8906555073335749 4.3202393692918122 6.5633488483726978 0.029610316982143559
leaf_count=24 24 34 20 78 20 10
internal_value=0 0.0154702 -0.00927992 -0.0970544 0.00891917 -0.133035
internal_weight=0 31.3959 14.7872 5.00443 10.454 0.684187
internal_count=210 98 74 112 40 34
shrinkage=0.1


Tree=50
num_leaves=7
num_cat=0
split_feature=0 0 0 0 0 0
split_gain=0.052948 0.0166775 0.0113714 0.000965362 0.000523794 0.000169895
threshold=0.35000000000000003 1.0000000180025095e-35 0.15000000000000005 0.75000000000000011 0.25000000000000006 0.45000000000000007
decision_type=2 2 2 2 2 2
left_child=1 -1 -3 5 -4 -2
right_child=3 2 4 -5 -6 -7
leaf_value=0.0036968680854430344 -0.012716796070248169 -0.0052282915306485047 -5.4386234706739535e-05 -0.0090054787857036626 0.0014104104800383051 -0.020483426056708279
leaf_weight=16.608155012130741 0.653593500261194 4.3326748679392031 3.8886813623830658 4.3162314123474061 6.5584228960797191 0.029433802381390706
leaf_count=24 24 34 20 78 20 10
internal_value=0 0.0152238 -0.00921117 -0.0955827 0.00865175 -0.130515
internal_weight=0 31.3879 14.7798 4.99926 10.4471 0.683027
internal_count=210 98 74 112 40 34
shrinkage=0.1


Tree=51
num_leaves=7
num_cat=0
split_feature=0 0 0 0 0 0
split_gain=0.0513243 0.0162507 0.0109491 0.000908911 0.000503612 0.000157961
threshold=0.35000000000000003 1.0000000180025095e-35 0.15000000000000005 0.75000000000000011 0.25000000000000006 0.45000000000000007
decision_type=2 2 2 2 2 2
left_child=1 -1 -3 5 -4 -2
right_child=3 2 4 -5 -6 -7
leaf_value=0.0036448095476177217 -0.01248596559202618 -0.0051407231364840357 -6.2493969061183335e-05 -0.0088793186710814601 0.0013742222434432608 -0.01999556752767391
leaf_weight=16.60764263570309 0.65264313539955676 4.3321135714650145 3.8867688840255123 4.3123398630414158 6.5536387315951288 0.029266259240102958
leaf_count=24 24 34 20 78 20 10
internal_value=0 0.0149855 -0.00914329 -0.0941577 0.0083936 -0.128083
internal_weight=0 31.3802 14.7725 4.99425 10.4404 0.681909
internal_count=210 98 74 112 40 34
shrinkage=0.1


Tree=52
num_leaves=7
num_cat=0
split_feature=0 0 0 0 0 0
split_gain=0.0497752 0.0158424 0.0105487 0.000856442 0.000483783 0.000147017
threshold=0.35000000000000003 1.0000000180025095e-35 0.15000000000000005 0.75000000000000011 0.25000000000000006 0.45000000000000007
decision_type=2 2 2 2 2 2
left_child=1 -1 -3 5 -4 -2
right_child=3 2 4 -5 -6 -7
leaf_value=0.0035943746722379068 -0.012262898637350556 -0.0050560711594982511 -6.9646035806109261e-05 -0.008756758980759647 0.0013389002764736646 -0.019526877968269209
leaf_weight=16.607134908437732 0.65172570094000448 4.3315696415957055 3.8849093094468099 4.3085553392302245 6.5489863730035722 0.029106757821864448
leaf_count=24 24 34 20 78 20 10
internal_value=0 0.0147547 -0.00907716 -0.0927757 0.00814449 -0.125734
internal_weight=0 31.3726 14.7655 4.98939 10.4339 0.680832
internal_count=210 98 74 112 40 34
shrinkage=0.1


Tree=53
num_leaves=7
num_cat=0
split_feature=0 0 0 0 0 0
split_gain=0.0482967 0.015449 0.0101668 0.000807715 0.000465611 0.00013698
threshold=0.35000000000000003 1.0000000180025095e-35 0.15000000000000005 0.75000000000000011 0.25000000000000006 0.45000000000000007
decision_type=2 2 2 2 2 2
left_child=1 -1 -3 5 -4 -2
right_child=3 2 4 -5 -6 -7
leaf_value=0.0035453387694911777 -0.012047441965771793 -0.0049736351355303271 -7.7074075986874143e-05 -0.0086376675796325502 0.0013051442344440578 -0.019076857495397566
leaf_weight=16.606637164950374 0.65083966008387406 4.3310324985068283 3.8831073660403472 4.3048758453223854 6.5444573676213622 0.028954930923646319
leaf_count=24 24 34 20 78 20 10
internal_value=0 0.0145312 -0.00901088 -0.0914351 0.00790422 -0.123469
internal_weight=0 31.3652 14.7586 4.98467 10.4276 0.679795
internal_count=210 98 74 112 40 34
shrinkage=0.1


Tree=54
num_leaves=7
num_cat=0
split_feature=0 0 0 0 0 0
split_gain=0.0468854 0.0150726 0.00980397 0.000762093 0.00044811 0.00012777
threshold=0.35000000000000003 1.0000000180025095e-35 0.15000000000000005 0.75000000000000011 0.25000000000000006 0.45000000000000007
decision_type=2 2 2 2 2 2
left_child=1 -1 -3 5 -4 -2
right_child=3 2 4 -5 -6 -7
leaf_value=0.003497845946036018 -0.011838642309065658 -0.0048938171384905063 -8.4016010461850533e-05 -0.0085220798165298439 0.0012723393581530826 -0.01864413075481507
leaf_weight=16.606146395206455 0.64998140966053952 4.3305074244271955 3.8813550183549506 4.301299786195159 6.5400477615185082 0.028810137722757645
leaf_count=24 24 34 20 78 20 10
internal_value=0 0.0143147 -0.0089464 -0.090135 0.00767177 -0.121275
internal_weight=0 31.3581 14.7519 4.98009 10.4214 0.678792
internal_count=210 98 74 112 40 34
shrinkage=0.1


Tree=55
num_leaves=7
num_cat=0
split_feature=0 0 0 0 0 0
split_gain=0.0455358 0.0147109 0.00945877 0.000719715 0.000431558 0.000119295
threshold=0.35000000000000003 1.0000000180025095e-35 0.15000000000000005 0.75000000000000011 0.25000000000000006 0.45000000000000007
decision_type=2 2 2 2 2 2
left_child=1 -1 -3 5 -4 -2
right_child=3 2 4 -5 -6 -7
leaf_value=0.0034516977785099229 -0.011636850419069616 -0.0048164009052638563 -9.0734083197797382e-05 -0.0084095749170688561 0.0012406806422652625 -0.0182280823997042
leaf_weight=16.605658560991291 0.64915183518314645 4.3299928535707286 3.8796530934050661 4.2978161100763828 6.5357538093812764 0.028672016778727997
leaf_count=24 24 34 20 78 20 10
internal_value=0 0.0141046 -0.00888292 -0.088872 0.0074474 -0.119157
internal_weight=0 31.3511 14.7454 4.97564 10.4154 0.677824
internal_count=210 98 74 112 40 34
shrinkage=0.1


Tree=56
num_leaves=7
num_cat=0
split_feature=0 0 0 0 0 0
split_gain=0.044246 0.0143613 0.00912904 0.00068006 0.000415787 0.000111499
threshold=0.35000000000000003 1.0000000180025095e-35 0.15000000000000005 0.75000000000000011 0.25000000000000006 0.45000000000000007
decision_type=2 2 2 2 2 2
left_child=1 -1 -3 5 -4 -2
right_child=3 2 4 -5 -6 -7
leaf_value=0.0034067616984298221 -0.011441350504771795 -0.0047408870348763336 -9.7070426432039166e-05 -0.0083002854516506085 0.00121012082319974 -0.017827821688463155
leaf_weight=16.605180278420452 0.64834874984808166 4.3294883423950514 3.8779942858964187 4.2944270502775908 6.5315696760080755 0.028540140876430087
leaf_count=24 24 34 20 78 20 10
internal_value=0 0.0139011 -0.00881879 -0.0876463 0.00723138 -0.117106
internal_weight=0 31.3442 14.7391 4.97132 10.4096 0.676889
internal_count=210 98 74 112 40 34
shrinkage=0.1


Tree=57
num_leaves=7
num_cat=0
split_feature=0 0 0 0 0 0
split_gain=0.0430101 0.014027 0.00881589 0.000642877 0.000400538 0.000104333
threshold=0.35000000000000003 1.0000000180025095e-35 0.15000000000000005 0.75000000000000011 0.25000000000000006 0.45000000000000007
decision_type=2 2 2 2 2 2
left_child=1 -1 -3 5 -4 -2
right_child=3 2 4 -5 -6 -7
leaf_value=0.0033631891536367864 -0.011251508847334779 -0.0046679566067680464 -0.00010298055841039321 -0.0081938519126115335 0.0011803333373941816 -0.017442609188693167
leaf_weight=16.604708850383762 0.64756923168897529 4.3289971190970382 3.8763808431103808 4.2911247513256967 6.5274904337711632 0.028414146843715567
leaf_count=24 24 34 20 78 20 10
internal_value=0 0.0137032 -0.00875739 -0.0864539 0.00702183 -0.115117
internal_weight=0 31.3376 14.7329 4.96711 10.4039 0.675983
internal_count=210 98 74 112 40 34
shrinkage=0.1


Tree=58
num_leaves=7
num_cat=0
split_feature=0 0 0 0 0 0
split_gain=0.0418271 0.0137044 0.00851552 0.000608271 0.000386164 9.76891e-05
threshold=0.35000000000000003 1.0000000180025095e-35 0.15000000000000005 0.75000000000000011 0.25000000000000006 0.45000000000000007
decision_type=2 2 2 2 2 2
left_child=1 -1 -3 5 -4 -2
right_child=3 2 4 -5 -6 -7
leaf_value=0.0033207714138040463 -0.011067997487161857 -0.0045966468448187083 -0.00010887459926749693 -0.0080902608282463657 0.001151506006685672 -0.017071110642740653
leaf_weight=16.604241028428081 0.64681618841132049 4.3285098364576688 3.8748103827238065 4.287907375022769 6.5235118782147765 0.028293483454035595
leaf_count=24 24 34 20 78 20 10
internal_value=0 0.0135113 -0.00869612 -0.0852954 0.0068184 -0.113196
internal_weight=0 31.3311 14.7268 4.96302 10.3983 0.67511
internal_count=210 98 74 112 40 34
shrinkage=0.1


Tree=59
num_leaves=7
num_cat=0
split_feature=0 0 0 0 0 0
split_gain=0.0406932 0.0133935 0.00823047 0.000575701 0.000372782 9.15847e-05
threshold=0.35000000000000003 1.0000000180025095e-35 0.15000000000000005 0.75000000000000011 0.25000000000000006 0.45000000000000007
decision_type=2 2 2 2 2 2
left_child=1 -1 -3 5 -4 -2
right_child=3 2 4 -5 -6 -7
leaf_value=0.0032794892375903302 -0.010889584295656788 -0.0045276640708968334 -0.0001146945274007093 -0.007989438237554488 0.0011239449940808382 -0.016713635770304935
leaf_weight=16.603782966732982 0.64608407212654029 4.3280335739254943 3.8732811501249653 4.2847721332218498 6.5196334212087095 0.028178141015814617
leaf_count=24 24 34 20 78 20 10
internal_value=0 0.0133248 -0.0086356 -0.0841685 0.00662323 -0.11133
internal_weight=0 31.3247 14.7209 4.95903 10.3929 0.674262
internal_count=210 98 74 112 40 34
shrinkage=0.1


Tree=60
num_leaves=7
num_cat=0
split_feature=0 0 0 0 0 0
split_gain=0.0396059 0.0130938 0.00795677 0.000545289 0.000359752 8.59204e-05
threshold=0.35000000000000003 1.0000000180025095e-35 0.15000000000000005 0.75000000000000011 0.25000000000000006 0.45000000000000007
decision_type=2 2 2 2 2 2
left_child=1 -1 -3 5 -4 -2
right_child=3 2 4 -5 -6 -7
leaf_value=0.0032392930081373023 -0.010716778814679542 -0.0044602241608303539 -0.0001201232448423737 -0.0078911969945779977 0.0010969552179660794 -0.016368623981457425
leaf_weight=16.603328779339794 0.64537509123328973 4.3275654711760572 3.8717910936102253 4.2817132829222828 6.5158438039943576 0.028067540522897616
leaf_count=24 24 34 20 78 20 10
internal_value=0 0.0131435 -0.00857577 -0.0830723 0.00643313 -0.109523
internal_weight=0 31.3185 14.7152 4.95516 10.3876 0.673443
internal_count=210 98 74 112 40 34
shrinkage=0.1


Tree=61
num_leaves=7
num_cat=0
split_feature=0 0 0 0 0 0
split_gain=0.0385624 0.0128054 0.00769572 0.000516782 0.000347239 8.06805e-05
threshold=0.35000000000000003 1.0000000180025095e-35 0.15000000000000005 0.75000000000000011 0.25000000000000006 0.45000000000000007
decision_type=2 2 2 2 2 2
left_child=1 -1 -3 5 -4 -2
right_child=3 2 4 -5 -6 -7
leaf_value=0.0032002048112238766 -0.010549062136266794 -0.0043947816793550778 -0.00012526445123212698 -0.0077954381833770341 0.0010707273922336584 -0.016035914977330729
leaf_weight=16.602883577346805 0.64468766056233917 4.3271083261352024 3.8703373344615084 4.278730345889926 6.5121438587084413 0.027961540385149416
leaf_count=24 24 34 20 78 20 10
internal_value=0 0.0129673 -0.00851742 -0.0820051 0.00624891 -0.107771
internal_weight=0 31.3125 14.7096 4.95138 10.3825 0.672649
internal_count=210 98 74 112 40 34
shrinkage=0.1


Tree=62
num_leaves=7
num_cat=0
split_feature=0 0 0 0 0 0
split_gain=0.0375601 0.0125266 0.00744733 0.00048996 0.000335636 7.58288e-05
threshold=0.35000000000000003 1.0000000180025095e-35 0.15000000000000005 0.75000000000000011 0.25000000000000006 0.45000000000000007
decision_type=2 2 2 2 2 2
left_child=1 -1 -3 5 -4 -2
right_child=3 2 4 -5 -6 -7
leaf_value=0.0031620721921137465 -0.0103859914209241 -0.0043313225106062806 -0.00013041571185058593 -0.007702082106270821 0.0010456819081849607 -0.015714726962066241
leaf_weight=16.602445267140869 0.6440196170588014 4.3266586887184522 3.8689170200377685 4.2758199532981962 6.5085380910895765 0.027859820082085207
leaf_count=24 24 34 20 78 20 10
internal_value=0 0.0127958 -0.00845944 -0.0809655 0.0060721 -0.10607
internal_weight=0 31.3066 14.7041 4.9477 10.3775 0.671879
internal_count=210 98 74 112 40 34
shrinkage=0.1


Tree=63
num_leaves=7
num_cat=0
split_feature=0 0 0 0 0 0
split_gain=0.0365972 0.0122573 0.00720762 0.000464762 0.000324571 7.13304e-05
threshold=0.35000000000000003 1.0000000180025095e-35 0.15000000000000005 0.75000000000000011 0.25000000000000006 0.45000000000000007
decision_type=2 2 2 2 2 2
left_child=1 -1 -3 5 -4 -2
right_child=3 2 4 -5 -6 -7
leaf_value=0.0031248968138147008 -0.010227555553176559 -0.004269022764931886 -0.00013557320185887621 -0.0076110362428258253 0.0010212219828911349 -0.015404628879958549
leaf_weight=16.602009482681755 0.64337050408357643 4.3262117751874021 3.8675349559634906 4.2729772727470845 6.505008528009057 0.027762177240219895
leaf_count=24 24 34 20 78 20 10
internal_value=0 0.012629 -0.00840205 -0.0799528 0.00589896 -0.104417
internal_weight=0 31.3008 14.6988 4.94411 10.3725 0.671133
internal_count=210 98 74 112 40 34
shrinkage=0.1


Tree=64
num_leaves=7
num_cat=0
split_feature=0 0 0 0 0 0
split_gain=0.0356711 0.0119979 0.00697929 0.00044108 0.000313648 6.7147e-05
threshold=0.35000000000000003 1.0000000180025095e-35 0.15000000000000005 0.75000000000000011 0.25000000000000006 0.45000000000000007
decision_type=2 2 2 2 2 2
left_child=1 -1 -3 5 -4 -2
right_child=3 2 4 -5 -6 -7
leaf_value=0.0030886952582790863 -0.010073548026667316 -0.0042086745505313678 -0.00014010058796413502 -0.0075221685893671845 0.00099730011570727212 -0.015104779944527125
leaf_weight=16.601582393050197 0.64274042751639981 4.325778476195409 3.8661814834922534 4.2702026844490319 6.5015607383102179 0.02766828089079354
leaf_count=24 24 34 20 78 20 10
internal_value=0 0.0124664 -0.00834616 -0.0789655 0.00573158 -0.102812
internal_weight=0 31.2951 14.6935 4.94061 10.3677 0.670409
internal_count=210 98 74 112 40 34
shrinkage=0.1


Tree=65
num_leaves=7
num_cat=0
split_feature=0 0 0 0 0 0
split_gain=0.0347811 0.0117467 0.00676074 0.00041876 0.00030335 6.3268e-05
threshold=0.35000000000000003 1.0000000180025095e-35 0.15000000000000005 0.75000000000000011 0.25000000000000006 0.45000000000000007
decision_type=2 2 2 2 2 2
left_child=1 -1 -3 5 -4 -2
right_child=3 2 4 -5 -6 -7
leaf_value=0.003053366771360182 -0.0099237720046634892 -0.0041498475155778425 -0.00014455149323731043 -0.0074355575656291587 0.00097424953625758169 -0.014815262248867006
leaf_weight=16.60116129368544 0.64212770719313883 4.3253508890047661 3.8648604918271285 4.2674932545050979 6.4981898525729775 0.027578091758186929
leaf_count=24 24 34 20 78 20 10
internal_value=0 0.0123083 -0.00829046 -0.0780039 0.00556997 -0.101252
internal_weight=0 31.2896 14.6884 4.9372 10.3631 0.669706
internal_count=210 98 74 112 40 34
shrinkage=0.1


Tree=66
num_leaves=7
num_cat=0
split_feature=0 0 0 0 0 0
split_gain=0.0339247 0.0115038 0.00655064 0.00039775 0.000293686 5.96513e-05
threshold=0.35000000000000003 1.0000000180025095e-35 0.15000000000000005 0.75000000000000011 0.25000000000000006 0.45000000000000007
decision_type=2 2 2 2 2 2
left_child=1 -1 -3 5 -4 -2
right_child=3 2 4 -5 -6 -7
leaf_value=0.0030188869507688219 -0.0097781113078142384 -0.0040923260143305223 -0.00014910534095042991 -0.0073510113643593892 0.00095194824085587841 -0.014535012573431953
leaf_weight=16.600746318697933 0.64153170777717516 4.3249276778660706 3.8635729192756099 4.2648466296959668 6.4948915713466704 0.027491254135384224
leaf_count=24 24 34 20 78 20 10
internal_value=0 0.0121542 -0.00823535 -0.0770663 0.0054127 -0.0997358
internal_weight=0 31.2841 14.6834 4.93387 10.3585 0.669023
internal_count=210 98 74 112 40 34
shrinkage=0.1


Tree=67
num_leaves=7
num_cat=0
split_feature=0 0 0 0 0 0
split_gain=0.0330992 0.011269 0.00635032 0.000377938 0.000284402 5.62946e-05
threshold=0.35000000000000003 1.0000000180025095e-35 0.15000000000000005 0.75000000000000011 0.25000000000000006 0.45000000000000007
decision_type=2 2 2 2 2 2
left_child=1 -1 -3 5 -4 -2
right_child=3 2 4 -5 -6 -7
leaf_value=0.0029852378798332648 -0.009636194549568218 -0.0040365551136880059 -0.00015338006746335462 -0.0072683557634605368 0.00093034338297257047 -0.014264149730363702
leaf_weight=16.600336335599426 0.64095203939359535 4.3245143026579163 3.8623096914961916 4.2622566160280257 6.4916719375178218 0.027407734130974856
leaf_count=24 24 34 20 78 20 10
internal_value=0 0.0120039 -0.0081814 -0.0761505 0.00526086 -0.0982598
internal_weight=0 31.2788 14.6785 4.93062 10.354 0.66836
internal_count=210 98 74 112 40 34
shrinkage=0.1


Tree=68
num_leaves=7
num_cat=0
split_feature=0 0 0 0 0 0
split_gain=0.0323043 0.0110424 0.00615776 0.000359292 0.000275372 5.31557e-05
threshold=0.35000000000000003 1.0000000180025095e-35 0.15000000000000005 0.75000000000000011 0.25000000000000006 0.45000000000000007
decision_type=2 2 2 2 2 2
left_child=1 -1 -3 5 -4 -2
right_child=3 2 4 -5 -6 -7
leaf_value=0.0029524252560297944 -0.0094981981041444147 -0.0039820920474757113 -0.00015740935838700444 -0.007187640085655961 0.00090917447770492695 -0.014001712150561983
leaf_weight=16.599932633340362 0.64038812887156282 4.3241084776818743 3.8610767275094968 4.259726146934554 6.4885164014995098 0.027327198491548188
leaf_count=24 24 34 20 78 20 10
internal_value=0 0.0118574 -0.00812854 -0.0752572 0.00511269 -0.0968251
internal_weight=0 31.2736 14.6737 4.92744 10.3496 0.667715
internal_count=210 98 74 112 40 34
shrinkage=0.1


Tree=69
num_leaves=7
num_cat=0
split_feature=0 0 0 0 0 0
split_gain=0.0315387 0.0108219 0.00597209 0.000341656 0.000266806 5.02345e-05
threshold=0.35000000000000003 1.0000000180025095e-35 0.15000000000000005 0.75000000000000011 0.25000000000000006 0.45000000000000007
decision_type=2 2 2 2 2 2
left_child=1 -1 -3 5 -4 -2
right_child=3 2 4 -5 -6 -7
leaf_value=0.0029203123522157206 -0.0093637321475009069 -0.0039286243748216064 -0.00016138540705330819 -0.0071088637015667578 0.00088867302761887765 -0.013747800216321066
leaf_weight=16.599534422159198 0.63983912521507491 4.3237039637751868 3.8598717800341529 4.2572531159967184 6.4854250620119274 0.027249635866610333
leaf_count=24 24 34 20 78 20 10
internal_value=0 0.0117147 -0.00807534 -0.0743859 0.00496892 -0.0954282
internal_weight=0 31.2685 14.669 4.92434 10.3453 0.667089
internal_count=210 98 74 112 40 34
shrinkage=0.1


Tree=70
num_leaves=7
num_cat=0
split_feature=0 0 0 0 0 0
split_gain=0.0307992 0.0106094 0.00579469 0.000325086 0.000258634 4.75027e-05
threshold=0.35000000000000003 1.0000000180025095e-35 0.15000000000000005 0.75000000000000011 0.25000000000000006 0.45000000000000007
decision_type=2 2 2 2 2 2
left_child=1 -1 -3 5 -4 -2
right_child=3 2 4 -5 -6 -7
leaf_value=0.0028889885895820172 -0.0092328478216579489 -0.0038767763083768845 -0.00016528290683216374 -0.007031681384576622 0.00086875869674881952 -0.013501742587833002
leaf_weight=16.599143795669082 0.6393051904742596 4.3233114685863248 3.8586920937523228 4.2548294721636921 6.4824000182561576 0.027174801653018221
leaf_count=24 24 34 20 78 20 10
internal_value=0 0.0115752 -0.00802395 -0.0735335 0.00482915 -0.0940691
internal_weight=0 31.2635 14.6644 4.92131 10.3411 0.66648
internal_count=210 98 74 112 40 34
shrinkage=0.1


Tree=71
num_leaves=7
num_cat=0
split_feature=0 0 0 0 0 0
split_gain=0.0300871 0.010403 0.00562337 0.000309357 0.00025064 4.49574e-05
threshold=0.35000000000000003 1.0000000180025095e-35 0.15000000000000005 0.75000000000000011 0.25000000000000006 0.45000000000000007
decision_type=2 2 2 2 2 2
left_child=1 -1 -3 5 -4 -2
right_child=3 2 4 -5 -6 -7
leaf_value=0.0028583648837387024 -0.0091051977138478964 -0.003825847834512361 -0.00016887653322072171 -0.0069564188758703864 0.00084924076943937899 -0.013263518337183897
leaf_weight=16.598755374550823 0.638784192095044 4.3229218553751698 3.8575364463031274 4.2524626326048747 6.4794364776462317 0.027102659267256968
leaf_count=24 24 34 20 78 20 10
internal_value=0 0.0114393 -0.00797256 -0.0727025 0.00469301 -0.0927445
internal_weight=0 31.2587 14.6599 4.91835 10.337 0.665887
internal_count=210 98 74 112 40 34
shrinkage=0.1


Tree=72
num_leaves=7
num_cat=0
split_feature=0 0 0 0 0 0
split_gain=0.0293988 0.0102032 0.00545938 0.000294531 0.000243149 4.25688e-05
threshold=0.35000000000000003 1.0000000180025095e-35 0.15000000000000005 0.75000000000000011 0.25000000000000006 0.45000000000000007
decision_type=2 2 2 2 2 2
left_child=1 -1 -3 5 -4 -2
right_child=3 2 4 -5 -6 -7
leaf_value=0.0028284267873791851 -0.0089807898021079819 -0.0037763259383757977 -0.00017253388331657808 -0.0068826751517050699 0.00083042982407956786 -0.013032205377699413
leaf_weight=16.598374485969547 0.63827726023737241 4.3225383460521689 3.856405920814721 4.2501427321694791 6.4765350567176938 0.027032921374484431
leaf_count=24 24 34 20 78 20 10
internal_value=0 0.0113064 -0.0079222 -0.0718894 0.00456109 -0.0914541
internal_weight=0 31.2539 14.6555 4.91545 10.3329 0.66531
internal_count=210 98 74 112 40 34
shrinkage=0.1


Tree=73
num_leaves=7
num_cat=0
split_feature=0 0 0 0 0 0
split_gain=0.0287347 0.0100091 0.00530202 0.00028047 0.00023591 4.03401e-05
threshold=0.35000000000000003 1.0000000180025095e-35 0.15000000000000005 0.75000000000000011 0.25000000000000006 0.45000000000000007
decision_type=2 2 2 2 2 2
left_child=1 -1 -3 5 -4 -2
right_child=3 2 4 -5 -6 -7
leaf_value=0.0027991351800559809 -0.0088593970247829636 -0.0037280011551752631 -0.00017593237541291284 -0.0068106294593834665 0.00081215862354774761 -0.012808109875421043
leaf_weight=16.597997926175598 0.63778266188455646 4.3221613280475131 3.8552975766360742 4.2478735323529691 6.4736936339177191 0.026965616983943615
leaf_count=24 24 34 20 78 20 10
internal_value=0 0.0111768 -0.00787216 -0.0710953 0.00443354 -0.0901958
internal_weight=0 31.2492 14.6512 4.91262 10.329 0.664748
internal_count=210 98 74 112 40 34
shrinkage=0.1


Tree=74
num_leaves=7
num_cat=0
split_feature=0 0 0 0 0 0
split_gain=0.0280927 0.00982086 0.00515029 0.000267254 0.000228937 3.82494e-05
threshold=0.35000000000000003 1.0000000180025095e-35 0.15000000000000005 0.75000000000000011 0.25000000000000006 0.45000000000000007
decision_type=2 2 2 2 2 2
left_child=1 -1 -3 5 -4 -2
right_child=3 2 4 -5 -6 -7
leaf_value=0.0027704768357878604 -0.0087412445614712883 -0.0036806844710684837 -0.00017923140782342094 -0.0067400348627978772 0.00079431094553819191 -0.012590786794904725
leaf_weight=16.597627073526386 0.63730154233053227 4.321791694732382 3.8542112815193814 4.2456490269396454 6.4709076299332082 0.026900591299636289
leaf_count=24 24 34 20 78 20 10
internal_value=0 0.01105 -0.00782283 -0.0703185 0.00430902 -0.0889715
internal_weight=0 31.2445 14.6469 4.90985 10.3251 0.664202
internal_count=210 98 74 112 40 34
shrinkage=0.1


Tree=75
num_leaves=7
num_cat=0
split_feature=0 0 0 0 0 0
split_gain=0.0274726 0.00963873 0.00500431 0.000254623 0.000222308 3.62943e-05
threshold=0.35000000000000003 1.0000000180025095e-35 0.15000000000000005 0.75000000000000011 0.25000000000000006 0.45000000000000007
decision_type=2 2 2 2 2 2
left_child=1 -1 -3 5 -4 -2
right_child=3 2 4 -5 -6 -7
leaf_value=0.0027424885694868756 -0.0086255680855550874 -0.0036344908402056136 -0.000182551869022868 -0.0066710462455415332 0.00077695082637382136 -0.012379705720729528
leaf_weight=16.597261384129528 0.63683092838618804 4.3214235049672416 3.8531489106826466 4.2434723625192419 6.468175180722028 0.026837683479243424
leaf_count=24 24 34 20 78 20 10
internal_value=0 0.0109263 -0.00777458 -0.0695592 0.0041875 -0.0877738
internal_weight=0 31.24 14.6427 4.90714 10.3213 0.663669
internal_count=210 98 74 112 40 34
shrinkage=0.1


Tree=76
num_leaves=7
num_cat=0
split_feature=0 0 0 0 0 0
split_gain=0.0268734 0.00946148 0.00486287 0.000242716 0.000215654 3.44528e-05
threshold=0.35000000000000003 1.0000000180025095e-35 0.15000000000000005 0.75000000000000011 0.25000000000000006 0.45000000000000007
decision_type=2 2 2 2 2 2
left_child=1 -1 -3 5 -4 -2
right_child=3 2 4 -5 -6 -7
leaf_value=0.0027150613054617535 -0.0085129178949980306 -0.0035890136269349049 -0.00018543592371629843 -0.0066035125924426234 0.00075975314936055013 -0.012174619688166483
leaf_weight=16.596899166703228 0.63637242489494283 4.3210638335440299 3.8521048291586322 4.241338922875002 6.4654922843910754 0.026776792525197376
leaf_count=24 24 34 20 78 20 10
internal_value=0 0.0108053 -0.00772646 -0.0688168 0.00406864 -0.0866077
internal_weight=0 31.2356 14.6387 4.90449 10.3176 0.663149
internal_count=210 98 74 112 40 34
shrinkage=0.1


Tree=77
num_leaves=7
num_cat=0
split_feature=0 0 0 0 0 0
split_gain=0.0262934 0.00928965 0.00472806 0.000231385 0.00020967 3.27322e-05
threshold=0.35000000000000003 1.0000000180025095e-35 0.15000000000000005 0.75000000000000011 0.25000000000000006 0.45000000000000007
decision_type=2 2 2 2 2 2
left_child=1 -1 -3 5 -4 -2
right_child=3 2 4 -5 -6 -7
leaf_value=0.002688233352700002 -0.0084026995186294532 -0.0035449874556700736 -0.00018865087543721909 -0.0065373667298981022 0.00074347957319082425 -0.011975615896502763
leaf_weight=16.596544675529007 0.63592452101874997 4.3207055281382045 3.8510847766883654 4.2392496310640126 6.462867412250489 0.026717913126049098
leaf_count=24 24 34 20 78 20 10
internal_value=0 0.0106871 -0.00767927 -0.06809 0.00395435 -0.0854676
internal_weight=0 31.2312 14.6347 4.90189 10.314 0.662642
internal_count=210 98 74 112 40 34
shrinkage=0.1


Tree=78
num_leaves=7
num_cat=0
split_feature=0 0 0 0 0 0
split_gain=0.0257328 0.00912213 0.00459719 0.000220674 0.000203612 3.11084e-05
threshold=0.35000000000000003 1.0000000180025095e-35 0.15000000000000005 0.75000000000000011 0.25000000000000006 0.45000000000000007
decision_type=2 2 2 2 2 2
left_child=1 -1 -3 5 -4 -2
right_child=3 2 4 -5 -6 -7
leaf_value=0.0026619182957885769 -0.0082952789249340474 -0.0035015599445557357 -0.00019139016512537848 -0.0064726399550770579 0.00072731821174761707 -0.011782072736955728
leaf_weight=16.596193179488186 0.63548779184929927 4.3203559936955562 3.850080138538031 4.2372013312997296 6.460287197958678 0.026660842697310727
leaf_count=24 24 34 20 78 20 10
internal_value=0 0.0105715 -0.007632 -0.0673794 0.00384256 -0.0843567
internal_weight=0 31.2269 14.6307 4.89935 10.3104 0.662149
internal_count=210 98 74 112 40 34
shrinkage=0.1


Tree=79
num_leaves=7
num_cat=0
split_feature=0 0 0 0 0 0
split_gain=0.025189 0.00896009 0.00447159 0.00021054 0.000197979 2.95898e-05
threshold=0.35000000000000003 1.0000000180025095e-35 0.15000000000000005 0.75000000000000011 0.25000000000000006 0.45000000000000007
decision_type=2 2 2 2 2 2
left_child=1 -1 -3 5 -4 -2
right_child=3 2 4 -5 -6 -7
leaf_value=0.0026361866064897894 -0.0081902720003192413 -0.0034593263874035892 -0.00019434589642030326 -0.0064090564038312954 0.00071170408800291405 -0.011594323021836382
leaf_weight=16.59584886580706 0.63506166834849764 4.3200101170223197 3.8490988640114647 4.2351902386872098 6.4577561253681779 0.026605658349581063
leaf_count=24 24 34 20 78 20 10
internal_value=0 0.0104582 -0.00758629 -0.0666823 0.00373339 -0.0832715
internal_weight=0 31.2227 14.6269 4.89686 10.3069 0.661667
internal_count=210 98 74 112 40 34
shrinkage=0.1


Tree=80
num_leaves=7
num_cat=0
split_feature=0 0 0 0 0 0
split_gain=0.0246628 0.0088022 0.00435082 0.000200901 0.000192456 2.81543e-05
threshold=0.35000000000000003 1.0000000180025095e-35 0.15000000000000005 0.75000000000000011 0.25000000000000006 0.45000000000000007
decision_type=2 2 2 2 2 2
left_child=1 -1 -3 5 -4 -2
right_child=3 2 4 -5 -6 -7
leaf_value=0.0026109509150513996 -0.0080876524303437961 -0.0034180498993357945 -0.00019697005674983059 -0.0063468166144963634 0.00069648647880441242 -0.011411361921480689
leaf_weight=16.595506779849533 0.63464520062552665 4.3196697949897489 3.8481323253363353 4.2332191894529387 6.455275853164494 0.026552063965937123
leaf_count=24 24 34 20 78 20 10
internal_value=0 0.0103474 -0.00754068 -0.0660002 0.00362797 -0.0822112
internal_weight=0 31.2186 14.6231 4.89442 10.3034 0.661197
internal_count=210 98 74 112 40 34
shrinkage=0.1


Tree=81
num_leaves=7
num_cat=0
split_feature=0 0 0 0 0 0
split_gain=0.0241531 0.00864899 0.00423411 0.000191726 0.00018712 2.68116e-05
threshold=0.35000000000000003 1.0000000180025095e-35 0.15000000000000005 0.75000000000000011 0.25000000000000006 0.45000000000000007
decision_type=2 2 2 2 2 2
left_child=1 -1 -3 5 -4 -2
right_child=3 2 4 -5 -6 -7
leaf_value=0.0025862532838771112 -0.0079872476461843103 -0.0033776063761629636 -0.00019953915320043518 -0.0062858441281136591 0.00068157510878739383 -0.011233820473721189
leaf_weight=16.595169954001907 0.63423796196002413 4.3193355416879049 3.8471835604868811 4.2312857314245775 6.4528390686027706 0.026500217667489775
leaf_count=24 24 34 20 78 20 10
internal_value=0 0.0102391 -0.00749594 -0.0653323 0.00352468 -0.0811746
internal_weight=0 31.2145 14.6194 4.89202 10.3 0.660738
internal_count=210 98 74 112 40 34
shrinkage=0.1


Tree=82
num_leaves=7
num_cat=0
split_feature=0 0 0 0 0 0
split_gain=0.0236596 0.00849994 0.00412059 0.000183021 0.000182102 2.55415e-05
threshold=0.35000000000000003 1.0000000180025095e-35 0.15000000000000005 0.75000000000000011 0.25000000000000006 0.45000000000000007
decision_type=2 2 2 2 2 2
left_child=1 -1 -3 5 -4 -2
right_child=3 2 4 -5 -6 -7
leaf_value=0.0025620480099587096 -0.0078891813318470571 -0.0033377172587776174 -0.00020231566820979761 -0.0062261021365998745 0.00066703054230042547 -0.01106085835826935
leaf_weight=16.594838157296184 0.63384032947942515 4.3190004560165098 3.8462566575035435 4.2293905518017709 6.45044174650684 0.02644986574887298
leaf_count=24 24 34 20 78 20 10
internal_value=0 0.010133 -0.00745166 -0.0646784 0.00342293 -0.0801623
internal_weight=0 31.2105 14.6157 4.88968 10.2967 0.66029
internal_count=210 98 74 112 40 34
shrinkage=0.1


Tree=83
num_leaves=7
num_cat=0
split_feature=0 0 0 0 0 0
split_gain=0.0231808 0.00835462 0.00401192 0.000176968 0.000174774 2.43443e-05
threshold=0.35000000000000003 1.0000000180025095e-35 0.15000000000000005 0.25000000000000006 0.75000000000000011 0.45000000000000007
decision_type=2 2 2 2 2 2
left_child=1 -1 -3 -4 5 -2
right_child=4 2 3 -5 -6 -7
leaf_value=0.0025382823043961487 -0.0077933469246948064 -0.0032989088845750449 -0.00020441020028745001 0.0006527148814696182 -0.0061674636762950666 -0.010892588212279092
leaf_weight=16.594510480761532 0.6334521594690149 4.3186754412017754 3.8453425578773004 6.4480894915759563 4.2275296624284238 0.026401016250019893
leaf_count=24 24 34 20 20 78 10
internal_value=0 0.0100291 -0.00740768 0.00332517 -0.0640372 -0.0791735
internal_weight=0 31.2066 14.6121 10.2934 4.88738 0.659853
internal_count=210 98 74 40 112 34
shrinkage=0.1


Tree=84
num_leaves=7
num_cat=0
split_feature=0 0 0 0 0 0
split_gain=0.0227165 0.00821361 0.0039075 0.000172263 0.000166945 2.32156e-05
threshold=0.35000000000000003 1.0000000180025095e-35 0.15000000000000005 0.25000000000000006 0.75000000000000011 0.45000000000000007
decision_type=2 2 2 2 2 2
left_child=1 -1 -3 -4 5 -2
right_child=4 2 3 -5 -6 -7
leaf_value=0.0025150187438519283 -0.0076996476567285643 -0.0032611020051198677 -0.00020677717646369145 0.000638995579312851 -0.0061099342969467884 -0.010728837629326214
leaf_weight=16.594186700880531 0.63307299267034878 4.3183547605294725 3.8444435833953303 6.4457855559885502 4.22570188366808 0.02635362176806666
leaf_count=24 24 34 20 20 78 10
internal_value=0 0.00992732 -0.00736465 0.00323014 -0.0634087 -0.0782071
internal_weight=0 31.2028 14.6086 10.2902 4.88513 0.659427
internal_count=210 98 74 40 112 34
shrinkage=0.1


Tree=85
num_leaves=7
num_cat=0
split_feature=0 0 0 0 0 0
split_gain=0.0222672 0.00807596 0.00380591 0.000167862 0.000159373 2.21543e-05
threshold=0.35000000000000003 1.0000000180025095e-35 0.15000000000000005 0.25000000000000006 0.75000000000000011 0.45000000000000007
decision_type=2 2 2 2 2 2
left_child=1 -1 -3 -4 5 -2
right_child=4 2 3 -5 -6 -7
leaf_value=0.0024921880559061306 -0.0076075387260948818 -0.0032237598631752011 -0.00020932077369885686 0.00062569429973873686 -0.0060537375832760065 -0.010569195383470628
leaf_weight=16.593869313597683 0.63270001695491285 4.318032329902052 3.8435648926533741 6.443516711704433 4.2239132092799991 0.026307544088922441
leaf_count=24 24 34 20 20 78 10
internal_value=0 0.00982785 -0.00732152 0.00313707 -0.062794 -0.0772577
internal_weight=0 31.199 14.6051 10.2871 4.88292 0.659008
internal_count=210 98 74 40 112 34
shrinkage=0.1


Tree=86
num_leaves=7
num_cat=0
split_feature=0 0 0 0 0 0
split_gain=0.0218298 0.0079422 0.00370744 0.000163387 0.000152319 2.11441e-05
threshold=0.35000000000000003 1.0000000180025095e-35 0.15000000000000005 0.25000000000000006 0.75000000000000011 0.45000000000000007
decision_type=2 2 2 2 2 2
left_child=1 -1 -3 -4 5 -2
right_child=4 2 3 -5 -6 -7
leaf_value=0.002469784535278562 -0.0075179294767986765 -0.0031871270166980042 -0.00021153131688283339 0.00061238907982137788 -0.0059983105818586565 -0.010413677093106227
leaf_weight=16.593553856015209 0.63233759748982166 4.3177192683797321 3.8426979719661158 6.4412858029827476 4.2221509505761787 0.026262784158461727
leaf_count=24 24 34 20 20 78 10
internal_value=0 0.00973004 -0.00727956 0.00304524 -0.0621895 -0.076334
internal_weight=0 31.1953 14.6017 10.284 4.88075 0.6586
internal_count=210 98 74 40 112 34
shrinkage=0.1


Tree=87
num_leaves=7
num_cat=0
split_feature=0 0 0 0 0 0
split_gain=0.0214059 0.00781176 0.00361242 0.000159158 0.000145538 2.01979e-05
threshold=0.35000000000000003 1.0000000180025095e-35 0.15000000000000005 0.25000000000000006 0.75000000000000011 0.45000000000000007
decision_type=2 2 2 2 2 2
left_child=1 -1 -3 -4 5 -2
right_child=4 2 3 -5 -6 -7
leaf_value=0.0024478039814492714 -0.0074299539002710751 -0.0031512377134543267 -0.00021376027848392528 0.00059953479210274178 -0.0059440415920005568 -0.010262446612099095
leaf_weight=16.593243300914768 0.63198204338550468 4.3174064785707733 3.8418491841293854 6.4390932084061205 4.2204231460345909 0.02621936136711156
leaf_count=24 24 34 20 20 78 10
internal_value=0 0.00963435 -0.00723777 0.00295617 -0.0615974 -0.0754279
internal_weight=0 31.1916 14.5983 10.2809 4.87862 0.658201
internal_count=210 98 74 40 112 34
shrinkage=0.1


Tree=88
num_leaves=7
num_cat=0
split_feature=0 0 0 0 0 0
split_gain=0.0209944 0.00768474 0.00352129 0.000155105 0.000139057 1.92994e-05
threshold=0.35000000000000003 1.0000000180025095e-35 0.15000000000000005 0.25000000000000006 0.75000000000000011 0.45000000000000007
decision_type=2 2 2 2 2 2
left_child=1 -1 -3 -4 5 -2
right_child=4 2 3 -5 -6 -7
leaf_value=0.0024262398671155909 -0.0073437391260147977 -0.0031163074176977583 -0.00021586835928412245 0.00058711047716616276 -0.0058908181576083256 -0.010114692059310593
leaf_weight=16.592937596142296 0.63163380592595686 4.3171013034880152 3.8410115255974215 6.4369426313787699 4.2187262048246339 0.026177058338362254
leaf_count=24 24 34 20 20 78 10
internal_value=0 0.00954055 -0.00719653 0.00287026 -0.0610168 -0.0745401
internal_weight=0 31.188 14.5951 10.278 4.87654 0.657811
internal_count=210 98 74 40 112 34
shrinkage=0.1


Tree=89
num_leaves=7
num_cat=0
split_feature=0 0 0 0 0 0
split_gain=0.0205938 0.00756075 0.00343257 0.000151015 0.000132918 1.84515e-05
threshold=0.35000000000000003 1.0000000180025095e-35 0.15000000000000005 0.25000000000000006 0.75000000000000011 0.45000000000000007
decision_type=2 2 2 2 2 2
left_child=1 -1 -3 -4 5 -2
right_child=4 2 3 -5 -6 -7
leaf_value=0.0024050311891718897 -0.0072593328676011986 -0.0030818507447811544 -0.00021770403955821769 0.00057471701927325875 -0.0058384110301509659 -0.0099708042416639282
leaf_weight=16.592632710933689 0.63129328470677037 4.3167972865048787 3.8401893586851639 6.4348236857913435 4.2170561791863292 0.026135963977139909
leaf_count=24 24 34 20 20 78 10
internal_value=0 0.00944838 -0.00715576 0.00278557 -0.0604459 -0.0736713
internal_weight=0 31.1844 14.5918 10.275 4.87449 0.657429
internal_count=210 98 74 40 112 34
shrinkage=0.1


Tree=90
num_leaves=7
num_cat=0
split_feature=0 0 0 0 0 0
split_gain=0.0202061 0.00743975 0.00334668 0.000147118 0.000127098 1.76491e-05
threshold=0.35000000000000003 1.0000000180025095e-35 0.15000000000000005 0.25000000000000006 0.75000000000000011 0.45000000000000007
decision_type=2 2 2 2 2 2
left_child=1 -1 -3 -4 5 -2
right_child=4 2 3 -5 -6 -7
leaf_value=0.0023842305214829638 -0.0071770115317688413 -0.0030479895244299796 -0.00021952786397673595 0.00056270168604976038 -0.0057871311580208569 -0.0098308482611297512
leaf_weight=16.592334955930713 0.63096107915043731 4.3164992090314618 3.8393802018836123 6.4327396186999977 4.2154188565909863 0.026096077046531722
leaf_count=24 24 34 20 20 78 10
internal_value=0 0.00935833 -0.00711499 0.0027033 -0.0598877 -0.0728241
internal_weight=0 31.181 14.5886 10.2721 4.87248 0.657057
internal_count=210 98 74 40 112 34
shrinkage=0.1


Tree=91
num_leaves=7
num_cat=0
split_feature=0 0 0 0 0 0
split_gain=0.0198278 0.00732251 0.00326405 0.000143559 0.000121489 1.68919e-05
threshold=0.35000000000000003 1.0000000180025095e-35 0.15000000000000005 0.25000000000000006 0.75000000000000011 0.45000000000000007
decision_type=2 2 2 2 2 2
left_child=1 -1 -3 -4 5 -2
right_child=4 2 3 -5 -6 -7
leaf_value=0.0023638406587499893 -0.0070958195726268953 -0.00301506378695892 -0.0002216862147078122 0.00055111983722333046 -0.0057366098416532351 -0.009693986508877284
leaf_weight=16.592040501534942 0.63063384580891479 4.3162039981689295 3.8385854298248869 6.430695051793009 4.2138066102052107 0.026057178583869245
leaf_count=24 24 34 20 20 78 10
internal_value=0 0.00926964 -0.00707588 0.0026225 -0.0593377 -0.0719891
internal_weight=0 31.1775 14.5855 10.2693 4.8705 0.656691
internal_count=210 98 74 40 112 34
shrinkage=0.1


Tree=92
num_leaves=7
num_cat=0
split_feature=0 0 0 0 0 0
split_gain=0.0194613 0.0072078 0.00318408 0.000139979 0.000116195 1.61686e-05
threshold=0.35000000000000003 1.0000000180025095e-35 0.15000000000000005 0.25000000000000006 0.75000000000000011 0.45000000000000007
decision_type=2 2 2 2 2 2
left_child=1 -1 -3 -4 5 -2
right_child=4 2 3 -5 -6 -7
leaf_value=0.0023438091301467277 -0.0070167338508310834 -0.0029826917122579948 -0.00022347247316809984 0.00053972994973358428 -0.0056871177427101566 -0.0095604712598244251
leaf_weight=16.591750852763656 0.63031503523234178 4.3159130245912811 3.8378028487786633 6.4286806718446314 4.2122249770909548 0.026019310869742185
leaf_count=24 24 34 20 20 78 10
internal_value=0 0.00918292 -0.00703652 0.00254431 -0.0587996 -0.0711758
internal_weight=0 31.1741 14.5824 10.2665 4.86856 0.656334
internal_count=210 98 74 40 112 34
shrinkage=0.1


Tree=93
num_leaves=7
num_cat=0
split_feature=0 0 0 0 0 0
split_gain=0.0191042 0.00709604 0.0031062 0.00013653 0.000111085 1.54881e-05
threshold=0.35000000000000003 1.0000000180025095e-35 0.15000000000000005 0.25000000000000006 0.75000000000000011 0.45000000000000007
decision_type=2 2 2 2 2 2
left_child=1 -1 -3 -4 5 -2
right_child=4 2 3 -5 -6 -7
leaf_value=0.0023241269407846053 -0.006938778264532465 -0.0029507993474955354 -0.0002253239112071912 0.00052850847738921184 -0.0056384439801053952 -0.0094301260012929888
leaf_weight=16.59146331995726 0.63000104762613673 4.3156240785028777 3.8370342757552844 6.4266972476616502 4.2106691349763423 0.02598242970998399
leaf_count=24 24 34 20 20 78 10
internal_value=0 0.00909765 -0.00699794 0.00246693 -0.0582702 -0.0703746
internal_weight=0 31.1708 14.5794 10.2637 4.86665 0.655983
internal_count=210 98 74 40 112 34
shrinkage=0.1


Tree=94
num_leaves=7
num_cat=0
split_feature=0 0 0 0 0 0
split_gain=0.0187574 0.00698672 0.0030309 0.000133114 0.000106241 1.48395e-05
threshold=0.35000000000000003 1.0000000180025095e-35 0.15000000000000005 0.25000000000000006 0.75000000000000011 0.45000000000000007
decision_type=2 2 2 2 2 2
left_child=1 -1 -3 -4 5 -2
right_child=4 2 3 -5 -6 -7
leaf_value=0.0023047746585386918 -0.0068626031914282492 -0.0029195007765650521 -0.00022692013485037683 0.00051751110742658522 -0.0055906636487303117 -0.0093028726967499791
leaf_weight=16.591177836060528 0.6296946452348483 4.3153382653836152 3.8362755505368096 6.4247480826452374 4.2091397317126393 0.025946505782485477
leaf_count=24 24 34 20 20 78 10
internal_value=0 0.00901407 -0.00695941 0.00239192 -0.057751 -0.0695918
internal_weight=0 31.1675 14.5764 10.261 4.86478 0.655641
internal_count=210 98 74 40 112 34
shrinkage=0.1


Tree=95
num_leaves=7
num_cat=0
split_feature=0 0 0 0 0 0
split_gain=0.0184198 0.00688017 0.00295816 0.00012984 0.000101637 1.42225e-05
threshold=0.35000000000000003 1.0000000180025095e-35 0.15000000000000005 0.25000000000000006 0.75000000000000011 0.45000000000000007
decision_type=2 2 2 2 2 2
left_child=1 -1 -3 -4 5 -2
right_child=4 2 3 -5 -6 -7
leaf_value=0.002285765353651545 -0.0067880008547525576 -0.0028888766993686935 -0.00022850495571482776 0.00050680119064130892 -0.0055436674003386732 -0.0091785784621713964
leaf_weight=16.590899124741558 0.62939457502216001 4.3150600814260534 3.8355286917649192 6.4228284433484077 4.2076348327100277 0.025911487209668849
leaf_count=24 24 34 20 20 78 10
internal_value=0 0.00893197 -0.00692152 0.00231875 -0.0572409 -0.0688253
internal_weight=0 31.1643 14.5734 10.2584 4.86294 0.655306
internal_count=210 98 74 40 112 34
shrinkage=0.1


Tree=96
num_leaves=7
num_cat=0
split_feature=0 0 0 0 0 0
split_gain=0.018091 0.00677611 0.00288754 0.000126787 9.72302e-05 1.36415e-05
threshold=0.35000000000000003 1.0000000180025095e-35 0.15000000000000005 0.25000000000000006 0.75000000000000011 0.45000000000000007
decision_type=2 2 2 2 2 2
left_child=1 -1 -3 -4 5 -2
right_child=4 2 3 -5 -6 -7
leaf_value=0.0022670758575100824 -0.0067147081654425865 -0.002858760189765162 -0.00023026417304619526 0.00049642757472668911 -0.0054974412465410502 -0.0090574428614502087
leaf_weight=16.590622030198578 0.62910013744840299 4.3147801184095433 3.8347949897870404 6.4209413672797382 4.2061545521719381 0.025877429550746456
leaf_count=24 24 34 20 20 78 10
internal_value=0 0.00885134 -0.00688404 0.00224705 -0.0567392 -0.0680727
internal_weight=0 31.1611 14.5705 10.2557 4.86113 0.654978
internal_count=210 98 74 40 112 34
shrinkage=0.1


Tree=97
num_leaves=7
num_cat=0
split_feature=0 0 0 0 0 0
split_gain=0.0177711 0.00667478 0.00281886 0.000123757 9.30044e-05 1.3088e-05
threshold=0.35000000000000003 1.0000000180025095e-35 0.15000000000000005 0.25000000000000006 0.75000000000000011 0.45000000000000007
decision_type=2 2 2 2 2 2
left_child=1 -1 -3 -4 5 -2
right_child=4 2 3 -5 -6 -7
leaf_value=0.0022487290685200292 -0.006642748586312793 -0.0028291286475183629 -0.00023191009373029508 0.00048612615072720055 -0.005452046391194146 -0.0089389018234491725
leaf_weight=16.590349234640602 0.62881093105533992 4.3145048171281806 3.8340745023451728 6.4190785936079919 4.2046984552871436 0.025844171184871808
leaf_count=24 24 34 20 20 78 10
internal_value=0 0.00877214 -0.00684734 0.00217623 -0.0562467 -0.067334
internal_weight=0 31.158 14.5677 10.2532 4.85935 0.654655
internal_count=210 98 74 40 112 34
shrinkage=0.1


Tree=98
num_leaves=7
num_cat=0
split_feature=0 0 0 0 0 0
split_gain=0.0174596 0.00657556 0.00275277 0.00012083 8.8979e-05 1.25628e-05
threshold=0.35000000000000003 1.0000000180025095e-35 0.15000000000000005 0.25000000000000006 0.75000000000000011 0.45000000000000007
decision_type=2 2 2 2 2 2
left_child=1 -1 -3 -4 5 -2
right_child=4 2 3 -5 -6 -7
leaf_value=0.0022306671128742247 -0.0065721904563523503 -0.0028001913330309878 -0.00023340575264796314 0.00047616947402555901 -0.0054073831506056182 -0.0088231838486487798
leaf_weight=16.590079188346866 0.62852776487124973 4.3142337107565245 3.8333623101934773 6.4172491347417235 4.2032659595133737 0.025811772255110554
leaf_count=24 24 34 20 20 78 10
internal_value=0 0.00869437 -0.00681072 0.00210814 -0.0557625 -0.0666099
internal_weight=0 31.1549 14.5648 10.2506 4.85761 0.65434
internal_count=210 98 74 40 112 34
shrinkage=0.1


Tree=99
num_leaves=7
num_cat=0
split_feature=0 0 0 0 0 0
split_gain=0.0171565 0.00647869 0.00268854 0.000117956 8.51458e-05 1.20639e-05
threshold=0.35000000000000003 1.0000000180025095e-35 0.15000000000000005 0.25000000000000006 0.75000000000000011 0.45000000000000007
decision_type=2 2 2 2 2 2
left_child=1 -1 -3 -4 5 -2
right_child=4 2 3 -5 -6 -7
leaf_value=0.0022129218609443168 -0.0065030917083170672 -0.002771707449262582 -0.00023480103803569087 0.00046636033059376534 -0.0053635115281619114 -0.0087102492607327633
leaf_weight=16.58981437236071 0.62825058371527021 4.3139659853186449 3.8326611341908556 6.4154454357922077 4.2018582766177133 0.025780197844142091
leaf_count=24 24 34 20 20 78 10
internal_value=0 0.00861807 -0.00677449 0.00204135 -0.0552872 -0.0659009
internal_weight=0 31.1519 14.5621 10.2481 4.85589 0.654031
internal_count=210 98 74 40 112 34
shrinkage=0.1


end of trees

feature importances:
geographical=600

parameters:
[boosting: gbdt]
[objective: lambdarank]
[metric: ndcg]
[tree_learner: serial]
[device_type: cpu]
[data: ]
[valid: ]
[num_iterations: 100]
[learning_rate: 0.1]
[num_leaves: 16]
[num_threads: -1]
[max_depth: -1]
[min_data_in_leaf: 5]
[min_sum_hessian_in_leaf: 0.001]
[bagging_fraction: 1]
[pos_bagging_fraction: 1]
[neg_bagging_fraction: 1]
[bagging_freq: 0]
[bagging_seed: 3]
[feature_fraction: 1]
[feature_fraction_bynode: 1]
[feature_fraction_seed: 2]
[early_stopping_round: 0]
[first_metric_only: 0]
[max_delta_step: 0]
[lambda_l1: 0]
[lambda_l2: 0]
[min_gain_to_split: 0]
[drop_rate: 0.1]
[max_drop: 50]
[skip_drop: 0.5]
[xgboost_dart_mode: 0]
[uniform_drop: 0]
[drop_seed: 4]
[top_rate: 0.2]
[other_rate: 0.1]
[min_data_per_group: 100]
[max_cat_threshold: 32]
[cat_l2: 10]
[cat_smooth: 10]
[max_cat_to_onehot: 4]
[top_k: 20]
[monotone_constraints: ]
[feature_contri: ]
[forcedsplits_filename: ]
[forcedbins_filename: ]
[refit_decay_rate: 0.9]
[cegb_tradeoff: 1]
[cegb_penalty_split: 0]
[cegb_penalty_feature_lazy: ]
[cegb_penalty_feature_coupled: ]
[verbosity: -1]
[max_bin: 255]
[max_bin_by_feature: ]
[min_data_in_bin: 3]
[bin_construct_sample_cnt: 200000]
[histogram_pool_size: -1]
[data_random_seed: 1]
[output_model: LightGBM_model.txt]
[snapshot_freq: -1]
[input_model: ]
[output_result: LightGBM_predict_result.txt]
[initscore_filename: ]
[valid_data_initscores: ]
[pre_partition: 0]
[enable_bundle: 1]
[max_conflict_rate: 0]
[is_enable_sparse: 1]
[sparse_threshold: 0.8]
[use_missing: 1]
[zero_as_missing: 0]
[two_round: 0]
[save_binary: 0]
[header: 0]
[label_column: ]
[weight_column: ]
[group_column: ]
[ignore_column: ]
[categorical_feature: ]
[predict_raw_score: 0]
[predict_leaf_index: 0]
[predict_contrib: 0]
[num_iteration_predict: -1]
[pred_early_stop: 0]
[pred_early_stop_freq: 10]
[pred_early_stop_margin: 10]
[convert_model_language: ]
[convert_model: gbdt_prediction.cpp]
[num_class: 1]
[is_unbalance: 0]
[scale_pos_weight: 1]
[sigmoid: 1]
[boost_from_average: 1]
[reg_sqrt: 0]
[alpha: 0.9]
[fair_c: 1]
[poisson_max_delta_step: 0.7]
[tweedie_variance_power: 1.5]
[max_position: 20]
[lambdamart_norm: 1]
[label_gain: ]
[metric_freq: 1]
[is_provide_training_metric: 0]
[eval_at: 1]
[multi_error_top_k: 1]
[num_machines: 1]
[local_listen_port: 12400]
[time_out: 120]
[machine_list_filename: ]
[machines: ]
[gpu_platform_id: -1]
[gpu_device_id: -1]
[gpu_use_dp: 0]

end of parameters

pandas_categorical:null
