tree
version=v3
num_class=1
num_tree_per_iteration=1
label_index=0
max_feature_idx=0
objective=lambdarank
feature_names=geographical
feature_infos=[0:1]
tree_sizes=841 845 845 843 845 854 849 854 859 856 857 859 859 862 861 857 863 862 861 863 862 863 864 860 865 864 865 868 866 868 867 868 868 867 867 872 868 870 871 869 874 874 868 866 872 872 872 872 873 871 869 872 870 874 875 874 874 874 874 871 877 875 873 877 877 873 878 876 877 874 875 879 875 876 874 876 874 873 876 874 875 873 874 872 877 872 875 878 879 883 881 880 875 883 881 882 881 877 882 876

Tree=0
num_leaves=7
num_cat=0
split_feature=0 0 0 0 0 0
split_gain=10.6763 0.562446 0.425697 0.0825791 0.0760239 0.0553741
threshold=0.35000000000000003 0.75000000000000011 1.0000000180025095e-35 0.45000000000000007 0.15000000000000005 0.25000000000000006
decision_type=2 2 2 2 2 2
left_child=2 3 -1 -2 -4 -6
right_child=1 -3 4 -5 5 -7
leaf_value=0.13203546592032497 -0.12578313264176208 -0.068674967761982175 0.060479568285158936 -0.18298430475264996 0.099319959111633549 0.070683575233896956
leaf_weight=1.9914178755134342 1.0000428464263675 6.1553807258605957 1.7821462182328103 0.33757843356579526 1.5678960224613547 1.186075484380126
leaf_count=20 30 78 26 14 22 20
internal_value=0 -0.814467 0.934933 -1.40219 0.765727 0.869869
internal_weight=0 7.493 6.52754 1.33762 4.53612 2.75397
internal_count=210 122 88 44 68 42
shrinkage=0.1


Tree=1
num_leaves=7
num_cat=0
split_feature=0 0 0 0 0 0
split_gain=3.48637 1.38313 0.621968 0.476534 0.0687516 0.00873644
threshold=0.35000000000000003 0.75000000000000011 1.0000000180025095e-35 0.15000000000000005 0.45000000000000007 0.25000000000000006
decision_type=2 2 2 2 2 2
left_child=2 4 -1 -4 -2 -5
right_child=1 -3 3 5 -6 -7
leaf_value=0.031731794520281062 -0.12205930477377738 -0.035988401828755595 -0.021132615797077946 0.014825011741613065 -0.1637389055955451 0.0096573282568330997
leaf_weight=12.457766056060789 1.3989696074277151 5.5612450372427702 5.7158371098339584 9.3113434761762601 0.55189134180545796 5.0434452481567851
leaf_count=20 30 78 26 22 14 20
internal_value=0 -0.614027 0.141803 0.0328622 -1.3385 0.130094
internal_weight=0 7.51211 32.5284 20.0706 1.95086 14.3548
internal_count=210 122 88 68 44 42
shrinkage=0.1


Tree=2
num_leaves=7
num_cat=0
split_feature=0 0 0 0 0 0
split_gain=2.36537 0.792234 0.243175 0.387738 0.0540199 0.00629982
threshold=0.35000000000000003 0.75000000000000011 1.0000000180025095e-35 0.15000000000000005 0.45000000000000007 0.25000000000000006
decision_type=2 2 2 2 2 2
left_child=2 4 -1 -4 -2 -5
right_child=1 -3 3 5 -6 -7
leaf_value=0.022664242577711224 -0.10492850321681564 -0.034626484197845052 -0.020195611477959386 0.011450131701132594 -0.14805877218252117 0.015934756726259342
leaf_weight=12.417186841368677 1.1548779485747207 5.4640843654051423 4.7127379067242172 9.2755027264356595 0.38794423080980767 4.7296013645827761
leaf_count=20 30 78 26 22 14 20
internal_value=0 -0.524939 0.118137 0.046156 -1.15774 0.129646
internal_weight=0 7.00691 31.135 18.7178 1.54282 14.0051
internal_count=210 122 88 68 44 42
shrinkage=0.1


Tree=3
num_leaves=7
num_cat=0
split_feature=0 0 0 0 0 0
split_gain=1.67981 0.521038 0.139386 0.298043 0.0452528 0.0298571
threshold=0.35000000000000003 0.75000000000000011 1.0000000180025095e-35 0.15000000000000005 0.45000000000000007 0.25000000000000006
decision_type=2 2 2 2 2 2
left_child=2 4 -1 -4 -2 -5
right_child=1 -3 3 5 -6 -7
leaf_value=0.018065454342575071 -0.091804445225829784 -0.031678827220324765 -0.01885795403010455 0.0080531006568299798 -0.13581851907796702 0.017793707468369165
leaf_weight=12.386328831315042 1.0091517036780704 5.338237589225173 4.2549089472740915 9.295810189098118 0.30395217426121224 4.7573096789419642
leaf_count=20 30 78 26 22 14 20
internal_value=0 -0.455601 0.098727 0.0432987 -1.01993 0.113505
internal_weight=0 6.65134 30.6944 18.308 1.3131 14.0531
internal_count=210 122 88 68 44 42
shrinkage=0.1


Tree=4
num_leaves=7
num_cat=0
split_feature=0 0 0 0 0 0
split_gain=1.23614 0.373894 0.102498 0.234965 0.0811106 0.0369418
threshold=0.35000000000000003 0.75000000000000011 1.0000000180025095e-35 0.15000000000000005 0.25000000000000006 0.45000000000000007
decision_type=2 2 2 2 2 2
left_child=2 5 -1 -4 -5 -2
right_child=1 -3 3 4 -6 -7
leaf_value=0.01536354199485874 -0.082331686540131607 -0.028745371653123238 -0.017995006444799067 0.0040380113993660994 0.019811655130453864 -0.1257888552238062
leaf_weight=12.346044778823854 0.8959028748795379 5.2200151411816478 3.9590203426778343 9.386213716119526 4.994702670723199 0.2502518524415791
leaf_count=20 30 78 26 22 20 14
internal_value=0 -0.401012 0.0831948 0.0357757 0.0951643 -0.918201
internal_weight=0 6.36617 30.686 18.3399 14.3809 1.14615
internal_count=210 122 88 68 42 44
shrinkage=0.1


Tree=5
num_leaves=7
num_cat=0
split_feature=0 0 0 0 0 0
split_gain=0.868242 0.297156 0.222681 0.306137 0.062408 0.0261228
threshold=0.35000000000000003 0.75000000000000011 0.25000000000000006 1.0000000180025095e-35 0.15000000000000005 0.45000000000000007
decision_type=2 2 2 2 2 2
left_child=2 5 3 -1 -5 -2
right_child=1 -3 -4 4 -6 -7
leaf_value=0.014035670439175972 -0.077087527175555212 -0.025112980656403945 0.024113486282712843 -0.019082582167640326 -0.0036966221653173845 -0.11701807033007153
leaf_weight=12.242941573262218 0.74863225501030572 5.0757484035566449 5.9267292805016032 3.6083012707531443 9.7862571477890015 0.20973570784553883
leaf_count=20 30 78 20 26 22 14
internal_value=0 -0.347558 0.0664424 0.026058 -0.0784138 -0.858262
internal_weight=0 6.03412 31.5642 25.6375 13.3946 0.958368
internal_count=210 122 88 68 48 44
shrinkage=0.1


Tree=6
num_leaves=7
num_cat=0
split_feature=0 0 0 0 0 0
split_gain=0.861283 0.215901 0.0604472 0.348145 0.0260338 0.00686096
threshold=0.35000000000000003 0.75000000000000011 0.15000000000000005 1.0000000180025095e-35 0.45000000000000007 0.25000000000000006
decision_type=2 2 2 2 2 2
left_child=2 4 3 -1 -2 -4
right_child=1 -3 5 -5 -6 -7
leaf_value=0.010917209357555677 -0.069190252334950839 -0.02598356793740211 0.014447444476692831 -0.023812599039069973 -0.11058072451680122 0.0099298467418705155
leaf_weight=12.405344873666769 0.8008899586275211 5.1054730513133109 5.8632783032953721 3.7616231292486182 0.18754860432818529 7.8797132447361946
leaf_count=20 30 78 22 26 14 20
internal_value=0 -0.342656 0.0698134 0.0283651 -0.770438 0.118572
internal_weight=0 6.09391 29.91 16.167 0.988439 13.743
internal_count=210 122 88 46 44 42
shrinkage=0.1


Tree=7
num_leaves=7
num_cat=0
split_feature=0 0 0 0 0 0
split_gain=0.707136 0.170652 0.0443891 0.247893 0.0220573 0.00124442
threshold=0.35000000000000003 0.75000000000000011 0.15000000000000005 1.0000000180025095e-35 0.45000000000000007 0.25000000000000006
decision_type=2 2 2 2 2 2
left_child=2 4 3 -1 -2 -4
right_child=1 -3 5 -5 -6 -7
leaf_value=0.009395766834035077 -0.063855790773038754 -0.024243242883956788 0.011473244797705937 -0.020345302237596067 -0.10415951107432438 0.0095646328944724111
leaf_weight=12.385287776589399 0.7513297311961642 5.0418621031567454 5.9838867522776109 3.6221629306673995 0.16574347391724586 7.9607558846473694
leaf_count=20 30 78 22 26 14 20
internal_value=0 -0.314606 0.0625905 0.0266596 -0.711399 0.103837
internal_weight=0 5.95894 29.9521 16.0075 0.917073 13.9446
internal_count=210 122 88 46 44 42
shrinkage=0.1


Tree=8
num_leaves=7
num_cat=0
split_feature=0 0 0 0 0 0
split_gain=0.595247 0.136754 0.0358659 0.188612 0.0189219 4.28475e-05
threshold=0.35000000000000003 0.75000000000000011 0.15000000000000005 1.0000000180025095e-35 0.45000000000000007 0.25000000000000006
decision_type=2 2 2 2 2 2
left_child=2 4 3 -1 -2 -4
right_child=1 -3 5 -5 -6 -7
leaf_value=0.0082625711497136232 -0.059192688953037635 -0.022817802851599556 0.0095774877698631394 -0.017938262463407191 -0.098429730189555822 0.0092249524867891609
leaf_weight=12.372453570365904 0.71353510511107643 4.9899562201462686 6.056883390992879 3.5317947734147319 0.14848203863948584 8.0029936470091343
leaf_count=20 30 78 22 26 14 20
internal_value=0 -0.291715 0.0569718 0.0244425 -0.659513 0.0937682
internal_weight=0 5.85197 29.9641 15.9042 0.862017 14.0599
internal_count=210 122 88 46 44 42
shrinkage=0.1


Tree=9
num_leaves=7
num_cat=0
split_feature=0 0 0 0 0 0
split_gain=0.512059 0.110705 0.0315082 0.151066 0.016408 8.14098e-05
threshold=0.35000000000000003 0.75000000000000011 0.15000000000000005 1.0000000180025095e-35 0.45000000000000007 0.25000000000000006
decision_type=2 2 2 2 2 2
left_child=2 4 3 -1 -2 -4
right_child=1 -3 5 -5 -6 -7
leaf_value=0.0073688892759292204 -0.055059182526983087 -0.021647273267421122 0.0084178373540917881 -0.016238622044962299 -0.093259537955262026 0.0089028889281086293
leaf_weight=12.366717755794523 0.68491326365619798 4.9474565181881189 6.0906628780066958 3.471499379724265 0.13452432071790099 8.0118435025215149
leaf_count=20 30 78 22 26 14 20
internal_value=0 -0.27286 0.0525556 0.0219448 -0.613304 0.086934
internal_weight=0 5.76689 29.9407 15.8382 0.819438 14.1025
internal_count=210 122 88 46 44 42
shrinkage=0.1


Tree=10
num_leaves=7
num_cat=0
split_feature=0 0 0 0 0 0
split_gain=0.44778 0.0904223 0.0291568 0.125493 0.0143266 0.000266134
threshold=0.35000000000000003 0.75000000000000011 0.15000000000000005 1.0000000180025095e-35 0.45000000000000007 0.25000000000000006
decision_type=2 2 2 2 2 2
left_child=2 4 3 -1 -2 -4
right_child=1 -3 5 -5 -6 -7
leaf_value=0.0066386223730632594 -0.051377953641060528 -0.02065603575934279 0.0077034821456980103 -0.014983278804916431 -0.088540503206333276 0.0085802999488778699
leaf_weight=12.36623230576515 0.66251754597760637 4.9114092867821455 6.1011571809649459 3.4285365287214526 0.1229950797278434 8.0014549680054188
leaf_count=20 30 78 22 26 14 20
internal_value=0 -0.256944 0.0489605 0.019452 -0.571968 0.0820097
internal_weight=0 5.69692 29.8974 15.7948 0.785513 14.1026
internal_count=210 122 88 46 44 42
shrinkage=0.1


Tree=11
num_leaves=7
num_cat=0
split_feature=0 0 0 0 0 0
split_gain=0.396239 0.0745097 0.0276503 0.106882 0.0125541 0.000350312
threshold=0.35000000000000003 0.75000000000000011 0.15000000000000005 1.0000000180025095e-35 0.45000000000000007 0.25000000000000006
decision_type=2 2 2 2 2 2
left_child=2 4 3 -1 -2 -4
right_child=1 -3 5 -5 -6 -7
leaf_value=0.0060290716723997891 -0.048097169655144212 -0.019786209198192267 0.0072414654550459704 -0.014001510821465843 -0.084192607082248169 0.0082479210900913407
leaf_weight=12.369201079010965 0.64413980860263009 4.87959453323856 6.1011448204517347 3.3950922759249798 0.11330538801848888 7.9838119633495808
leaf_count=20 30 78 22 26 14 20
internal_value=0 -0.243159 0.0459206 0.0171517 -0.534966 0.0781196
internal_weight=0 5.63704 29.8493 15.7643 0.757445 14.085
internal_count=210 122 88 46 44 42
shrinkage=0.1


Tree=12
num_leaves=7
num_cat=0
split_feature=0 0 0 0 0 0
split_gain=0.353727 0.0619227 0.0264329 0.0925935 0.0110189 0.000335515
threshold=0.35000000000000003 0.75000000000000011 0.15000000000000005 1.0000000180025095e-35 0.45000000000000007 0.25000000000000006
decision_type=2 2 2 2 2 2
left_child=2 4 3 -1 -2 -4
right_child=1 -3 5 -5 -6 -7
leaf_value=0.0055129742143143574 -0.04516750502662209 -0.01900297778539373 0.0069196639874998939 -0.01319128157934279 -0.080156826003926429 0.0079052418139947227
leaf_weight=12.374402537941934 0.62836981727741559 4.8506589182652533 6.0982228033244592 3.3667585952207437 0.10505189036484808 7.9660972058773041
leaf_count=20 30 78 22 26 14 20
internal_value=0 -0.230977 0.0432737 0.0151246 -0.501792 0.074779
internal_weight=0 5.58408 29.8055 15.7412 0.733422 14.0643
internal_count=210 122 88 46 44 42
shrinkage=0.1


Tree=13
num_leaves=7
num_cat=0
split_feature=0 0 0 0 0 0
split_gain=0.317918 0.0518857 0.0252513 0.0812061 0.009678 0.000268015
threshold=0.35000000000000003 0.75000000000000011 0.15000000000000005 1.0000000180025095e-35 0.45000000000000007 0.25000000000000006
decision_type=2 2 2 2 2 2
left_child=2 4 3 -1 -2 -4
right_child=1 -3 5 -5 -6 -7
leaf_value=0.0050724775755807659 -0.042543751896040524 -0.018284752903810153 0.0066742229854154719 -0.012495597965028502 -0.076390355575997992 0.0075555186979709976
leaf_weight=12.381105750799181 0.61436550668440659 4.823805617634207 6.0962901823222619 3.3411487294360986 0.097949119517579675 7.9518946148455143
leaf_count=20 30 78 22 26 14 20
internal_value=0 -0.220049 0.0409204 0.0133907 -0.471979 0.0717308
internal_weight=0 5.53612 29.7704 15.7223 0.712315 14.0482
internal_count=210 122 88 46 44 42
shrinkage=0.1


Tree=14
num_leaves=7
num_cat=0
split_feature=0 0 0 0 0 0
split_gain=0.287288 0.0438134 0.0240166 0.0718544 0.00850348 0.000185077
threshold=0.35000000000000003 0.75000000000000011 0.15000000000000005 1.0000000180025095e-35 0.45000000000000007 0.25000000000000006
decision_type=2 2 2 2 2 2
left_child=2 4 3 -1 -2 -4
right_child=1 -3 5 -5 -6 -7
leaf_value=0.0046931236639854912 -0.040184671238593386 -0.017618437588250224 0.0064707542779922972 -0.01187868463396073 -0.07286163845994241 0.0072032613648037001
leaf_weight=12.388874635100366 0.60161859751678892 4.7985696033574641 6.097089681774376 3.3169827312231055 0.091786527773365378 7.9426413029432297
leaf_count=20 30 78 22 26 14 20
internal_value=0 -0.210137 0.038798 0.0119326 -0.445101 0.0688515
internal_weight=0 5.49197 29.7456 15.7059 0.693405 14.0397
internal_count=210 122 88 46 44 42
shrinkage=0.1


Tree=15
num_leaves=7
num_cat=0
split_feature=0 0 0 0 0 0
split_gain=0.260805 0.0372679 0.0227002 0.0640353 0.0074747 0.000110689
threshold=0.35000000000000003 0.75000000000000011 0.15000000000000005 1.0000000180025095e-35 0.45000000000000007 0.25000000000000006
decision_type=2 2 2 2 2 2
left_child=2 4 3 -1 -2 -4
right_child=1 -3 5 -5 -6 -7
leaf_value=0.0043655263029228645 -0.038055450399965107 -0.016996234353812669 0.0062874578481563297 -0.011321341775935276 -0.069548244384658287 0.006853892365753656
leaf_weight=12.397440180182459 0.58981857355683931 4.7746733208186924 6.1013045720756036 3.2935623740777364 0.086405954672954977 7.9387252517044544
leaf_count=20 30 78 22 26 14 20
internal_value=0 -0.20108 0.0368661 0.0107283 -0.420795 0.0660774
internal_weight=0 5.4509 29.731 15.691 0.676225 14.04
internal_count=210 122 88 46 44 42
shrinkage=0.1


Tree=16
num_leaves=7
num_cat=0
split_feature=0 0 0 0 0 0
split_gain=0.237696 0.0319176 0.0213251 0.0573857 0.00657379 5.33686e-05
threshold=0.35000000000000003 0.75000000000000011 0.15000000000000005 1.0000000180025095e-35 0.45000000000000007 0.25000000000000006
decision_type=2 2 2 2 2 2
left_child=2 4 3 -1 -2 -4
right_child=1 -3 5 -5 -6 -7
leaf_value=0.0040803472816698747 -0.036125561254359909 -0.016412082857364171 0.0061166575271004199 -0.010809779617316502 -0.066430739481449827 0.0065098189298704997
leaf_weight=12.406618490815164 0.57876809593289991 4.7519357833079994 6.1090051829814893 3.2705508423969141 0.081680124858394251 7.93993079662323
leaf_count=20 30 78 22 26 14 20
internal_value=0 -0.19275 0.0350949 0.00973988 -0.398735 0.0633886
internal_weight=0 5.41238 29.7261 15.6772 0.660448 14.0489
internal_count=210 122 88 46 44 42
shrinkage=0.1


Tree=17
num_leaves=7
num_cat=0
split_feature=0 0 0 0 0 0
split_gain=0.217385 0.0275083 0.0199051 0.051664 0.00578571 1.75231e-05
threshold=0.35000000000000003 0.75000000000000011 0.15000000000000005 1.0000000180025095e-35 0.45000000000000007 0.25000000000000006
decision_type=2 2 2 2 2 2
left_child=2 4 3 -1 -2 -4
right_child=1 -3 5 -5 -6 -7
leaf_value=0.0038314802122717331 -0.034368526174975204 -0.015861861241461481 0.0059496170273807339 -0.010334921584342474 -0.063493544914688421 0.0061747499495193904
leaf_weight=12.416256204247476 0.56832384364679356 4.7302346806973219 6.1201382279396039 3.2477376442402592 0.077508242800831795 7.9459231570363045
leaf_count=20 30 78 22 26 14 20
internal_value=0 -0.18505 0.0334625 0.0089425 -0.378639 0.0607679
internal_weight=0 5.37607 29.7301 15.664 0.645832 14.0661
internal_count=210 122 88 46 44 42
shrinkage=0.1


Tree=18
num_leaves=7
num_cat=0
split_feature=0 0 0 0 0 0
split_gain=0.19943 0.023851 0.0184703 0.0466955 0.00509676 1.48447e-06
threshold=0.35000000000000003 0.75000000000000011 0.15000000000000005 1.0000000180025095e-35 0.45000000000000007 0.25000000000000006
decision_type=2 2 2 2 2 2
left_child=2 4 3 -1 -2 -4
right_child=1 -3 5 -5 -6 -7
leaf_value=0.003613345065435378 -0.032763847508257518 -0.015342238587327651 0.0057846362794036627 -0.0098910394600033365 -0.06072461257420142 0.0058501013617887256
leaf_weight=12.426222398877146 0.55839889612980087 4.7094807187095284 6.1344681456685048 3.2250462248921385 0.073809400666505084 7.9561917185783386
leaf_count=20 30 78 22 26 14 20
internal_value=0 -0.177905 0.031952 0.00830678 -0.360282 0.058216
internal_weight=0 5.34169 29.7419 15.6513 0.632208 14.0907
internal_count=210 122 88 46 44 42
shrinkage=0.1


Tree=19
num_leaves=7
num_cat=0
split_feature=0 0 0 0 0 0
split_gain=0.183474 0.0207969 0.0170407 0.0423531 0.00449486 2.09475e-06
threshold=0.35000000000000003 0.75000000000000011 0.15000000000000005 1.0000000180025095e-35 0.45000000000000007 0.25000000000000006
decision_type=2 2 2 2 2 2
left_child=2 4 3 -1 -2 -4
right_child=1 -3 5 -5 -6 -7
leaf_value=0.0034218695854189699 -0.031293054788047295 -0.014850448361171116 0.005616903134115326 -0.009474193963037841 -0.058112881523804782 0.0055392286340181568
leaf_weight=12.436397463083269 0.54892287985421617 4.6896120375022292 6.1517759151756746 3.2024415032938114 0.070516704174224287 7.9702779203653336
leaf_count=20 30 78 22 26 14 20
internal_value=0 -0.171251 0.0305496 0.0078108 -0.343462 0.0557306
internal_weight=0 5.30905 29.7609 15.6388 0.61944 14.1221
internal_count=210 122 88 46 44 42
shrinkage=0.1


Tree=20
num_leaves=7
num_cat=0
split_feature=0 0 0 0 0 0
split_gain=0.169228 0.0182295 0.0156412 0.038529 0.00396878 1.48659e-05
threshold=0.35000000000000003 0.75000000000000011 0.15000000000000005 1.0000000180025095e-35 0.45000000000000007 0.25000000000000006
decision_type=2 2 2 2 2 2
left_child=2 4 3 -1 -2 -4
right_child=1 -3 5 -5 -6 -7
leaf_value=0.0032529052818445949 -0.029940114037539923 -0.014384121473394221 0.0054483082336922763 -0.0090806759274619699 -0.055647014775094407 0.0052416724496797866
leaf_weight=12.446662083268167 0.53985148167703201 4.6705783873330802 6.1717361286282522 3.179959542118012 0.067573501844890416 7.9876256957650185
leaf_count=20 30 78 22 26 14 20
internal_value=0 -0.165035 0.0292438 0.00743067 -0.327999 0.0533174
internal_weight=0 5.278 29.786 15.6266 0.607425 14.1594
internal_count=210 122 88 46 44 42
shrinkage=0.1


Tree=21
num_leaves=7
num_cat=0
split_feature=0 0 0 0 0 0
split_gain=0.156461 0.0160602 0.014295 0.0351386 0.00350933 3.43814e-05
threshold=0.35000000000000003 0.75000000000000011 0.15000000000000005 1.0000000180025095e-35 0.45000000000000007 0.25000000000000006
decision_type=2 2 2 2 2 2
left_child=2 4 3 -1 -2 -4
right_child=1 -3 5 -5 -6 -7
leaf_value=0.003102728720567609 -0.028692665804595865 -0.013941329662146435 0.0052753829693943603 -0.0087078336175745764 -0.053320019813544006 0.004961629071859321
leaf_weight=12.456921905279158 0.53114732913672813 4.6523418896831572 6.1941091269254676 3.1576340682804593 0.064935201487969607 8.007775567471981
leaf_count=20 30 78 22 26 14 20
internal_value=0 -0.159214 0.0280255 0.00714353 -0.313755 0.0509847
internal_weight=0 5.24842 29.8164 15.6146 0.596083 14.2019
internal_count=210 122 88 46 44 42
shrinkage=0.1


Tree=22
num_leaves=7
num_cat=0
split_feature=0 0 0 0 0 0
split_gain=0.144981 0.0142166 0.0130096 0.0321225 0.00310766 5.76188e-05
threshold=0.35000000000000003 0.75000000000000011 0.15000000000000005 1.0000000180025095e-35 0.45000000000000007 0.25000000000000006
decision_type=2 2 2 2 2 2
left_child=2 4 3 -1 -2 -4
right_child=1 -3 5 -5 -6 -7
leaf_value=0.002969218826180552 -0.027539020692374228 -0.013520440226838857 0.0051017495540628052 -0.0083538774370023865 -0.051122430332848946 0.004696275695273546
leaf_weight=12.467076808214186 0.52279499510768701 4.6348742812406272 6.2185355424880973 3.1355356336571285 0.062561950646340847 8.0302126929163933
leaf_count=20 30 78 22 26 14 20
internal_value=0 -0.15375 0.0268869 0.00693704 -0.300596 0.0487324
internal_weight=0 5.22023 29.8514 15.6026 0.585357 14.2487
internal_count=210 122 88 46 44 42
shrinkage=0.1


Tree=23
num_leaves=7
num_cat=0
split_feature=0 0 0 0 0 0
split_gain=0.134622 0.0126387 0.0117922 0.0294362 0.0027566 7.94855e-05
threshold=0.35000000000000003 0.75000000000000011 0.15000000000000005 1.0000000180025095e-35 0.45000000000000007 0.25000000000000006
decision_type=2 2 2 2 2 2
left_child=2 4 3 -1 -2 -4
right_child=1 -3 5 -5 -6 -7
leaf_value=0.002850519913031712 -0.026467645606486637 -0.01312000392186214 0.004923830626325381 -0.0080182226438439402 -0.049046051668649081 0.0044484706500629188
leaf_weight=12.477032274007795 0.5147651000879695 4.6181545215658844 6.244784038513898 3.1137150316499183 0.060420707217417657 8.0545434504747391
leaf_count=20 30 78 22 26 14 20
internal_value=0 -0.14861 0.0258207 0.00679863 -0.288394 0.0465607
internal_weight=0 5.19334 29.8901 15.5907 0.575186 14.2993
internal_count=210 122 88 46 44 42
shrinkage=0.1


Tree=24
num_leaves=7
num_cat=0
split_feature=0 0 0 0 0 0
split_gain=0.125265 0.0112823 0.0106595 0.0270245 0.00244966 9.85534e-05
threshold=0.35000000000000003 0.75000000000000011 0.15000000000000005 1.0000000180025095e-35 0.45000000000000007 0.25000000000000006
decision_type=2 2 2 2 2 2
left_child=2 4 3 -1 -2 -4
right_child=1 -3 5 -5 -6 -7
leaf_value=0.0027435678784232158 -0.02547129197294561 -0.012739481717553429 0.0047457784754971633 -0.0076984733374690214 -0.047085328952687043 0.0042174899454472808
leaf_weight=12.486729711294172 0.50705787364859045 4.6021730455104262 6.2724616155028334 3.0922779995016763 0.058484675828367472 8.0802621617913246
leaf_count=20 30 78 22 26 14 20
internal_value=0 -0.143774 0.0248227 0.00670927 -0.277065 0.0444836
internal_weight=0 5.16772 29.9317 15.579 0.565543 14.3527
internal_count=210 122 88 46 44 42
shrinkage=0.1


Tree=25
num_leaves=7
num_cat=0
split_feature=0 0 0 0 0 0
split_gain=0.116777 0.0101108 0.00960718 0.024863 0.00218088 0.000112963
threshold=0.35000000000000003 0.75000000000000011 0.15000000000000005 1.0000000180025095e-35 0.45000000000000007 0.25000000000000006
decision_type=2 2 2 2 2 2
left_child=2 4 3 -1 -2 -4
right_child=1 -3 5 -5 -6 -7
leaf_value=0.0026475484553490965 -0.024541839287652221 -0.012376837466377816 0.0045670626225692498 -0.0073948332075216838 -0.045232090320846657 0.0040026072675287084
leaf_weight=12.496097400784491 0.49966483237221737 4.5868954907637089 6.3012864291667929 3.0712892455048868 0.056728891213424497 8.107011616230011
leaf_count=20 30 78 22 26 14 20
internal_value=0 -0.13921 0.023886 0.00666287 -0.266514 0.0424946
internal_weight=0 5.14329 29.9757 15.5674 0.556394 14.4083
internal_count=210 122 88 46 44 42
shrinkage=0.1


Tree=26
num_leaves=7
num_cat=0
split_feature=0 0 0 0 0 0
split_gain=0.109073 0.00909293 0.00863848 0.0229185 0.0019454 0.00012142
threshold=0.35000000000000003 0.75000000000000011 0.15000000000000005 1.0000000180025095e-35 0.45000000000000007 0.25000000000000006
decision_type=2 2 2 2 2 2
left_child=2 4 3 -1 -2 -4
right_child=1 -3 5 -5 -6 -7
leaf_value=0.0025608820906592635 -0.02367268246342067 -0.012031937300106592 0.0043882605449443923 -0.0071060522029001739 -0.043480491747132491 0.0038042596419790363
leaf_weight=12.505092293024061 0.49258243339136143 4.572319406317547 6.3309307321906081 3.0508276424370715 0.055133154790382832 8.1344009712338448
leaf_count=20 30 78 22 26 14 20
internal_value=0 -0.134905 0.0230077 0.00665003 -0.256665 0.0405985
internal_weight=0 5.12003 30.0213 15.5559 0.547716 14.4653
internal_count=210 122 88 46 44 42
shrinkage=0.1


Tree=27
num_leaves=7
num_cat=0
split_feature=0 0 0 0 0 0
split_gain=0.102064 0.00820478 0.00775622 0.0211722 0.00173879 0.000125304
threshold=0.35000000000000003 0.75000000000000011 0.15000000000000005 1.0000000180025095e-35 0.45000000000000007 0.25000000000000006
decision_type=2 2 2 2 2 2
left_child=2 4 3 -1 -2 -4
right_child=1 -3 5 -5 -6 -7
leaf_value=0.002482191396963181 -0.022858020627349266 -0.011703565358263442 0.0042126743438683249 -0.0068329521832156724 -0.041824077093149351 0.0036206389318462692
leaf_weight=12.513668984174727 0.48581164388451625 4.5584238029550761 6.3610225506126872 3.0309771639294931 0.053679510310757912 8.1620618626475334
leaf_count=20 30 78 22 26 14 20
internal_value=0 -0.130837 0.0221831 0.00665876 -0.247451 0.0387995
internal_weight=0 5.09791 30.0677 15.5446 0.539491 14.5231
internal_count=210 122 88 46 44 42
shrinkage=0.1


Tree=28
num_leaves=7
num_cat=0
split_feature=0 0 0 0 0 0
split_gain=0.0956743 0.00742605 0.00695277 0.0195924 0.00155764 0.000124524
threshold=0.35000000000000003 0.75000000000000011 0.15000000000000005 1.0000000180025095e-35 0.45000000000000007 0.25000000000000006
decision_type=2 2 2 2 2 2
left_child=2 4 3 -1 -2 -4
right_child=1 -3 5 -5 -6 -7
leaf_value=0.0024104768407256982 -0.022092297720331101 -0.011390875376040693 0.0040399814093824201 -0.0065727835845694237 -0.040258686753726923 0.0034510135793581762
leaf_weight=12.521797254681585 0.4793474719626819 4.5451897631864995 6.3913117237389079 3.0117811006493875 0.052353480888996273 8.1897047981619835
leaf_count=20 30 78 22 26 14 20
internal_value=0 -0.12699 0.0214086 0.00668727 -0.23881 0.0370918
internal_weight=0 5.07689 30.1146 15.5336 0.531701 14.581
internal_count=210 122 88 46 44 42
shrinkage=0.1


Tree=29
num_leaves=7
num_cat=0
split_feature=0 0 0 0 0 0
split_gain=0.0898468 0.00673964 0.00622669 0.0181716 0.00139831 0.000118752
threshold=0.35000000000000003 0.75000000000000011 0.15000000000000005 1.0000000180025095e-35 0.45000000000000007 0.25000000000000006
decision_type=2 2 2 2 2 2
left_child=2 4 3 -1 -2 -4
right_child=1 -3 5 -5 -6 -7
leaf_value=0.0023451955544240128 -0.021371174823304008 -0.011093608880815935 0.0038699420854724207 -0.0063272238972520425 -0.038777356746655306 0.0032959669532928674
leaf_weight=12.529465183615683 0.47318913694471026 4.532607771223411 6.4214931502938262 2.9932982348836967 0.051140644238330417 8.2170511558651924
leaf_count=20 30 78 22 26 14 20
internal_value=0 -0.123353 0.0206817 0.00672868 -0.230689 0.0354775
internal_weight=0 5.05694 30.1613 15.5228 0.52433 14.6385
internal_count=210 122 88 46 44 42
shrinkage=0.1


Tree=30
num_leaves=7
num_cat=0
split_feature=0 0 0 0 0 0
split_gain=0.0845198 0.00613194 0.00557298 0.0168885 0.00125825 0.000110749
threshold=0.35000000000000003 0.75000000000000011 0.15000000000000005 1.0000000180025095e-35 0.45000000000000007 0.25000000000000006
decision_type=2 2 2 2 2 2
left_child=2 4 3 -1 -2 -4
right_child=1 -3 5 -5 -6 -7
leaf_value=0.0022853729412334986 -0.020690050651976707 -0.010810737190364739 0.0037057398798015541 -0.0060948445919947677 -0.037376134172587158 0.0031525543526506002
leaf_weight=12.536672562360762 0.46733988518826558 4.5206534964963794 6.4512243904173365 2.9755963506177077 0.050029653182718896 8.2438011020421982
leaf_count=20 30 78 22 26 14 20
internal_value=0 -0.11991 0.0199987 0.00677862 -0.223036 0.0339541
internal_weight=0 5.03802 30.2073 15.5123 0.51737 14.695
internal_count=210 122 88 46 44 42
shrinkage=0.1


Tree=31
num_leaves=7
num_cat=0
split_feature=0 0 0 0 0 0
split_gain=0.0796476 0.00559169 0.00498758 0.0157299 0.00113483 0.000101128
threshold=0.35000000000000003 0.75000000000000011 0.15000000000000005 1.0000000180025095e-35 0.45000000000000007 0.25000000000000006
decision_type=2 2 2 2 2 2
left_child=2 4 3 -1 -2 -4
right_child=1 -3 5 -5 -6 -7
leaf_value=0.0022303462314241049 -0.020045761492527889 -0.01054188418175149 0.0035478696128608011 -0.0058755339832557768 -0.036049700105478463 0.0030202892751947496
leaf_weight=12.543412610888479 0.46179632772691448 4.509311510482803 6.4802907966077319 2.9587033735588202 0.049010003946023055 8.2697656899690628
leaf_count=20 30 78 22 26 14 20
internal_value=0 -0.116652 0.0193575 0.00683274 -0.215813 0.0325208
internal_weight=0 5.02012 30.2522 15.5021 0.510806 14.7501
internal_count=210 122 88 46 44 42
shrinkage=0.1


Tree=32
num_leaves=7
num_cat=0
split_feature=0 0 0 0 0 0
split_gain=0.0751803 0.00510936 0.00446326 0.0146851 0.00102606 9.0036e-05
threshold=0.35000000000000003 0.75000000000000011 0.15000000000000005 1.0000000180025095e-35 0.45000000000000007 0.25000000000000006
decision_type=2 2 2 2 2 2
left_child=2 4 3 -1 -2 -4
right_child=1 -3 5 -5 -6 -7
leaf_value=0.0021798226138394633 -0.019434556887773419 -0.010286050336693952 0.0033955632329760871 -0.0056691303263193783 -0.034793968724253575 0.0028986915019630702
leaf_weight=12.549678623676298 0.45655132608953758 4.4985546325333416 6.508491735905408 2.9426331277936706 0.048072917328681797 8.2947771325707436
leaf_count=20 30 78 22 26 14 20
internal_value=0 -0.113564 0.0187545 0.00688981 -0.208978 0.0311715
internal_weight=0 5.00318 30.2956 15.4923 0.504624 14.8033
internal_count=210 122 88 46 44 42
shrinkage=0.1


Tree=33
num_leaves=7
num_cat=0
split_feature=0 0 0 0 0 0
split_gain=0.0710854 0.00467714 0.00399904 0.0137376 0.000929837 7.83185e-05
threshold=0.35000000000000003 0.75000000000000011 0.15000000000000005 1.0000000180025095e-35 0.45000000000000007 0.25000000000000006
decision_type=2 2 2 2 2 2
left_child=2 4 3 -1 -2 -4
right_child=1 -3 5 -5 -6 -7
leaf_value=0.0021325744982472121 -0.018854309615966208 -0.010043111280076455 0.0032500657437252497 -0.0054745778134978771 -0.033603834328173404 0.0027874838178760272
leaf_weight=12.555489778518675 0.4516030111117279 4.4883698790799826 6.5355902798473826 2.927411866839976 0.047209750482579686 8.318646252155304
leaf_count=20 30 78 22 26 14 20
internal_value=0 -0.11064 0.0181884 0.00694261 -0.202503 0.0299101
internal_weight=0 4.98718 30.3371 15.4829 0.498813 14.8542
internal_count=210 122 88 46 44 42
shrinkage=0.1


Tree=34
num_leaves=7
num_cat=0
split_feature=0 0 0 0 0 0
split_gain=0.0673235 0.00428842 0.00358411 0.012881 0.00084472 6.71195e-05
threshold=0.35000000000000003 0.75000000000000011 0.15000000000000005 1.0000000180025095e-35 0.45000000000000007 0.25000000000000006
decision_type=2 2 2 2 2 2
left_child=2 4 3 -1 -2 -4
right_child=1 -3 5 -5 -6 -7
leaf_value=0.0020890667692327071 -0.018302063821017227 -0.0098121723341282087 0.0031117496759179115 -0.0052915431621474978 -0.0324759087841196 0.0026842442041127533
leaf_weight=12.560869395732878 0.44694806355982919 4.4787276696879417 6.561425268650054 2.9130440242588529 0.046413673058850691 8.3412675336003304
leaf_count=20 30 78 22 26 14 20
internal_value=0 -0.107869 0.0176562 0.00699629 -0.196355 0.0287247
internal_weight=0 4.97209 30.3766 15.4739 0.493362 14.9027
internal_count=210 122 88 46 44 42
shrinkage=0.1


Tree=35
num_leaves=7
num_cat=0
split_feature=0 0 0 0 0 0
split_gain=0.0638602 0.00393739 0.00322024 0.0121027 0.000769414 5.69558e-05
threshold=0.35000000000000003 0.75000000000000011 0.15000000000000005 1.0000000180025095e-35 0.45000000000000007 0.25000000000000006
decision_type=2 2 2 2 2 2
left_child=2 4 3 -1 -2 -4
right_child=1 -3 5 -5 -6 -7
leaf_value=0.0020476821230471314 -0.017775034799279801 -0.0095924649466794434 0.0029821161857237718 -0.0051197265450732762 -0.031406844524798562 0.0025889366993745431
leaf_weight=12.565826609730719 0.44257371360435982 4.4695998027455062 6.5858696326613417 2.8995377146638939 0.045678502414375537 8.3625420182943344
leaf_count=20 30 78 22 26 14 20
internal_value=0 -0.105239 0.0171554 0.00703894 -0.190504 0.0276216
internal_weight=0 4.95785 30.4138 15.4654 0.488252 14.9484
internal_count=210 122 88 46 44 42
shrinkage=0.1


Tree=36
num_leaves=7
num_cat=0
split_feature=0 0 0 0 0 0
split_gain=0.0606732 0.0036197 0.00289635 0.0113964 0.000702484 4.77129e-05
threshold=0.35000000000000003 0.75000000000000011 0.15000000000000005 1.0000000180025095e-35 0.45000000000000007 0.25000000000000006
decision_type=2 2 2 2 2 2
left_child=2 4 3 -1 -2 -4
right_child=1 -3 5 -5 -6 -7
leaf_value=0.0020091926556329086 -0.017272256371112533 -0.0093838599516673799 0.0028597159695868176 -0.0049580964605527317 -0.03039227819254068 0.0025003907090467275
leaf_weight=12.570382446050642 0.43847133696544816 4.4609689698554575 6.6089048385620108 2.8868517284281561 0.044998194702202447 8.3824718669056892
leaf_count=20 30 78 22 26 14 20
internal_value=0 -0.102746 0.0166845 0.00707955 -0.184934 0.026588
internal_weight=0 4.94444 30.4486 15.4572 0.48347 14.9914
internal_count=210 122 88 46 44 42
shrinkage=0.1


Tree=37
num_leaves=7
num_cat=0
split_feature=0 0 0 0 0 0
split_gain=0.0577303 0.00333175 0.00260945 0.0107553 0.000642929 3.97704e-05
threshold=0.35000000000000003 0.75000000000000011 0.15000000000000005 1.0000000180025095e-35 0.45000000000000007 0.25000000000000006
decision_type=2 2 2 2 2 2
left_child=2 4 3 -1 -2 -4
right_child=1 -3 5 -5 -6 -7
leaf_value=0.0019730479110972796 -0.016791846756878486 -0.0091852083595936433 0.0027452106893247948 -0.0048065717644721956 -0.029429111256871445 0.0024176115354057354
leaf_weight=12.574533835053442 0.43463037302717467 4.4528037616983056 6.6304675787687293 2.8749687350355098 0.044368129398208112 8.4010316282510757
leaf_count=20 30 78 22 26 14 20
internal_value=0 -0.100377 0.0162409 0.00711441 -0.179624 0.0256212
internal_weight=0 4.9318 30.481 15.4495 0.478999 15.0315
internal_count=210 122 88 46 44 42
shrinkage=0.1


Tree=38
num_leaves=7
num_cat=0
split_feature=0 0 0 0 0 0
split_gain=0.0550083 0.00306947 0.00235854 0.0101667 0.000589923 3.22997e-05
threshold=0.35000000000000003 0.75000000000000011 0.15000000000000005 1.0000000180025095e-35 0.45000000000000007 0.25000000000000006
decision_type=2 2 2 2 2 2
left_child=2 4 3 -1 -2 -4
right_child=1 -3 5 -5 -6 -7
leaf_value=0.0019380628285769583 -0.01633137566233794 -0.0089960105431515103 0.0026369985938077501 -0.0046636582923544941 -0.028514245765706686 0.0023421503021605465
leaf_weight=12.578314021229742 0.43103160266764362 4.4450764039065689 6.6505726128816596 2.8638623184524485 0.043783585104392841 8.4182211011648178
leaf_count=20 30 78 22 26 14 20
internal_value=0 -0.0981236 0.0158224 0.00713726 -0.174548 0.0247228
internal_weight=0 4.91989 30.511 15.4422 0.474815 15.0688
internal_count=210 122 88 46 44 42
shrinkage=0.1


Tree=39
num_leaves=7
num_cat=0
split_feature=0 0 0 0 0 0
split_gain=0.0524906 0.00283034 0.00213528 0.00963015 0.00054249 2.61625e-05
threshold=0.35000000000000003 0.75000000000000011 0.15000000000000005 1.0000000180025095e-35 0.45000000000000007 0.25000000000000006
decision_type=2 2 2 2 2 2
left_child=2 4 3 -1 -2 -4
right_child=1 -3 5 -5 -6 -7
leaf_value=0.0019051920297251405 -0.015890397742104278 -0.0088160202773431267 0.0025361369837845257 -0.004529295285677251 -0.02764389558991219 0.0022710913343846448
leaf_weight=12.581752121448515 0.42767222865950216 4.4377684188075364 6.6691612452268592 2.853498929645867 0.043240045226411887 8.4340451285243034
leaf_count=20 30 78 22 26 14 20
internal_value=0 -0.0959823 0.015428 0.00715655 -0.169696 0.0238813
internal_weight=0 4.90868 30.5385 15.4353 0.470912 15.1032
internal_count=210 122 88 46 44 42
shrinkage=0.1


Tree=40
num_leaves=7
num_cat=0
split_feature=0 0 0 0 0 0
split_gain=0.0501537 0.00261205 0.00194134 0.00913648 0.000500139 2.06775e-05
threshold=0.35000000000000003 0.75000000000000011 0.15000000000000005 1.0000000180025095e-35 0.45000000000000007 0.25000000000000006
decision_type=2 2 2 2 2 2
left_child=2 4 3 -1 -2 -4
right_child=1 -3 5 -5 -6 -7
leaf_value=0.0018729435226006654 -0.015467290057402617 -0.0086442663009754367 0.0024415836982682876 -0.0044029632970843278 -0.026816945398748494 0.0022062120094514075
leaf_weight=12.584876313805578 0.42453393340110679 4.4308431663084775 6.6862828209996215 2.8438524268567571 0.042734628252219409 8.4485353529453278
leaf_count=20 30 78 22 26 14 20
internal_value=0 -0.0939419 0.0150551 0.00716157 -0.165053 0.0231019
internal_weight=0 4.89811 30.5635 15.4287 0.467269 15.1348
internal_count=210 122 88 46 44 42
shrinkage=0.1


Tree=41
num_leaves=7
num_cat=0
split_feature=0 0 0 0 0 0
split_gain=0.0479835 0.00241234 0.00176909 0.00868636 0.000462086 1.63994e-05
threshold=0.35000000000000003 0.75000000000000011 0.15000000000000005 1.0000000180025095e-35 0.45000000000000007 0.25000000000000006
decision_type=2 2 2 2 2 2
left_child=2 4 3 -1 -2 -4
right_child=1 -3 5 -5 -6 -7
leaf_value=0.0018424098612474565 -0.015061252229248329 -0.0084804940033898751 0.0023541119808184142 -0.0042847194563778567 -0.026029185757004636 0.0021447075397740783
leaf_weight=12.587716042995451 0.42160897224675759 4.4242817054037005 6.7019414827227584 2.8348765741102406 0.042263086477760232 8.4617449194192886
leaf_count=20 30 78 22 26 14 20
internal_value=0 -0.0919982 0.0147027 0.00716162 -0.160605 0.0223726
internal_weight=0 4.88815 30.5863 15.4226 0.463872 15.1637
internal_count=210 122 88 46 44 42
shrinkage=0.1


Tree=42
num_leaves=7
num_cat=0
split_feature=0 0 0 0 0 0
split_gain=0.0459643 0.00222898 0.00161726 0.00826952 0.00042798 1.31691e-05
threshold=0.35000000000000003 0.75000000000000011 0.15000000000000005 1.0000000180025095e-35 0.45000000000000007 0.25000000000000006
decision_type=2 2 2 2 2 2
left_child=2 4 3 -1 -2 -4
right_child=1 -3 5 -5 -6 -7
leaf_value=0.0018127369398763923 -0.014670525608447983 -0.0083242054140932973 0.0022738156133452151 -0.0041726685253431744 -0.025279373634911152 0.0020863354943570283
leaf_weight=12.590266138315199 0.4188772349152704 4.4180632575880736 6.7162442579865447 2.8265198157168934 0.04182333848439157 8.4737536162137985
leaf_count=20 30 78 22 26 14 20
internal_value=0 -0.0901443 0.0143691 0.0071537 -0.156336 0.0216923
internal_weight=0 4.87876 30.6068 15.4168 0.460701 15.19
internal_count=210 122 88 46 44 42
shrinkage=0.1


Tree=43
num_leaves=7
num_cat=0
split_feature=0 0 0 0 0 0
split_gain=0.0440788 0.0020609 0.00148383 0.00788454 0.000397181 1.01022e-05
threshold=0.35000000000000003 0.75000000000000011 0.15000000000000005 1.0000000180025095e-35 0.45000000000000007 0.25000000000000006
decision_type=2 2 2 2 2 2
left_child=2 4 3 -1 -2 -4
right_child=1 -3 5 -5 -6 -7
leaf_value=0.0017837729129499 -0.01429494779767118 -0.0081745303677580265 0.0021973022903958284 -0.0040671294433124094 -0.024563845710740561 0.0020332334212073478
leaf_weight=12.592569604516028 0.41632276604650442 4.4121507438831031 6.7293497174978247 2.8187452726997444 0.041411772748688243 8.4846792444586754
leaf_count=20 30 78 22 26 14 20
internal_value=0 -0.0883713 0.0140524 0.00713637 -0.15224 0.021058
internal_weight=0 4.86989 30.6253 15.4113 0.457735 15.214
internal_count=210 122 88 46 44 42
shrinkage=0.1


Tree=44
num_leaves=7
num_cat=0
split_feature=0 0 0 0 0 0
split_gain=0.0423191 0.00190655 0.00136364 0.00752873 0.000369384 7.69484e-06
threshold=0.35000000000000003 0.75000000000000011 0.15000000000000005 1.0000000180025095e-35 0.45000000000000007 0.25000000000000006
decision_type=2 2 2 2 2 2
left_child=2 4 3 -1 -2 -4
right_child=1 -3 5 -5 -6 -7
leaf_value=0.0017562409717600206 -0.013933762078432452 -0.0080314062860595958 0.0021257840159472608 -0.0039670470468656802 -0.023881564521728921 0.001982699342675203
leaf_weight=12.594637334346769 0.41394186555407841 4.4065353106707335 6.7411985695362082 2.8115026764571676 0.041026672668522224 8.4945236817002296
leaf_count=20 30 78 22 26 14 20
internal_value=0 -0.0866773 0.0137519 0.00711785 -0.148308 0.0204601
internal_weight=0 4.8615 30.6419 15.4061 0.454969 15.2357
internal_count=210 122 88 46 44 42
shrinkage=0.1


Tree=45
num_leaves=7
num_cat=0
split_feature=0 0 0 0 0 0
split_gain=0.0406737 0.00176433 0.00126062 0.00719633 0.000344251 5.91264e-06
threshold=0.35000000000000003 0.75000000000000011 0.15000000000000005 1.0000000180025095e-35 0.45000000000000007 0.25000000000000006
decision_type=2 2 2 2 2 2
left_child=2 4 3 -1 -2 -4
right_child=1 -3 5 -5 -6 -7
leaf_value=0.0017284334454122211 -0.01358566319227162 -0.0078944576465960793 0.0020608223737288512 -0.0038724856014266834 -0.023230143843039189 0.0019354813538168501
leaf_weight=12.596507698297499 0.41171898890752245 4.4011945191305131 6.7518649622797957 2.8047862080857167 0.040665351931238554 8.5033425092697144
leaf_count=20 30 78 22 26 14 20
internal_value=0 -0.0850572 0.0134664 0.0070843 -0.144526 0.0199096
internal_weight=0 4.85358 30.6565 15.4013 0.452384 15.2552
internal_count=210 122 88 46 44 42
shrinkage=0.1


Tree=46
num_leaves=7
num_cat=0
split_feature=0 0 0 0 0 0
split_gain=0.0391298 0.00163357 0.00116639 0.00688873 0.000321466 4.6465e-06
threshold=0.35000000000000003 0.75000000000000011 0.15000000000000005 1.0000000180025095e-35 0.45000000000000007 0.25000000000000006
decision_type=2 2 2 2 2 2
left_child=2 4 3 -1 -2 -4
right_child=1 -3 5 -5 -6 -7
leaf_value=0.0017021525271199594 -0.013250437245591008 -0.0077629223323851934 0.0020004996313771786 -0.0037827131754281855 -0.022608001051675437 0.0018894537322575692
leaf_weight=12.59818013012409 0.40964069403707881 4.3961023055016994 6.7615290209650984 2.7985103088431069 0.040326204907614738 8.5113013312220573
leaf_count=20 30 78 22 26 14 20
internal_value=0 -0.0835032 0.0131943 0.00705221 -0.140891 0.0193862
internal_weight=0 4.84607 30.6695 15.3967 0.449967 15.2728
internal_count=210 122 88 46 44 42
shrinkage=0.1


Tree=47
num_leaves=7
num_cat=0
split_feature=0 0 0 0 0 0
split_gain=0.0376808 0.00151283 0.00108251 0.00660118 0.000300754 3.30734e-06
threshold=0.35000000000000003 0.75000000000000011 0.15000000000000005 1.0000000180025095e-35 0.45000000000000007 0.25000000000000006
decision_type=2 2 2 2 2 2
left_child=2 4 3 -1 -2 -4
right_child=1 -3 5 -5 -6 -7
leaf_value=0.0016764593207227497 -0.012926976532609314 -0.0076367398718467649 0.0019416620949933819 -0.0036972578698307532 -0.022012781847308059 0.00184802657307885
leaf_weight=12.599663704633711 0.40768973267404257 4.3912466235924512 6.7703080698847762 2.7926510763354608 0.040007213028729886 8.5184660777449608
leaf_count=20 30 78 22 26 14 20
internal_value=0 -0.0820131 0.0129349 0.00701498 -0.137389 0.0188949
internal_weight=0 4.83894 30.6811 15.3923 0.447697 15.2888
internal_count=210 122 88 46 44 42
shrinkage=0.1


Tree=48
num_leaves=7
num_cat=0
split_feature=0 0 0 0 0 0
split_gain=0.0363182 0.00140166 0.00101015 0.00633259 0.000281875 2.46486e-06
threshold=0.35000000000000003 0.75000000000000011 0.15000000000000005 1.0000000180025095e-35 0.45000000000000007 0.25000000000000006
decision_type=2 2 2 2 2 2
left_child=2 4 3 -1 -2 -4
right_child=1 -3 5 -5 -6 -7
leaf_value=0.0016506932319359643 -0.01261537811601145 -0.0075154299724702646 0.0018890461567253572 -0.0036167168614480369 -0.021443415520402725 0.0018082506945321314
leaf_weight=12.601011410355566 0.40586984081892202 4.3866067531052977 6.7780829071998587 2.7872116407379517 0.039706625786493525 8.5247943177819252
leaf_count=20 30 78 22 26 14 20
internal_value=0 -0.0805824 0.0126874 0.00696627 -0.134021 0.0184404
internal_weight=0 4.83218 30.6911 15.3882 0.445576 15.3029
internal_count=210 122 88 46 44 42
shrinkage=0.1


Tree=49
num_leaves=7
num_cat=0
split_feature=0 0 0 0 0 0
split_gain=0.0350335 0.0012991 0.000944209 0.00607961 0.00026465 1.89433e-06
threshold=0.35000000000000003 0.75000000000000011 0.15000000000000005 1.0000000180025095e-35 0.45000000000000007 0.25000000000000006
decision_type=2 2 2 2 2 2
left_child=2 4 3 -1 -2 -4
right_child=1 -3 5 -5 -6 -7
leaf_value=0.0016257385002182467 -0.012314699692248859 -0.007398567308006478 0.0018403054693690102 -0.0035392104462991288 -0.020898339533413374 0.0017695059385724949
leaf_weight=12.602219536900519 0.40416221582563489 4.382161641959101 6.7850897386670104 2.7821144834160814 0.039423070920747705 8.5304656252264977
leaf_count=20 30 78 22 26 14 20
internal_value=0 -0.0792058 0.0124505 0.00691705 -0.130776 0.0180087
internal_weight=0 4.82575 30.6999 15.3843 0.443585 15.3156
internal_count=210 122 88 46 44 42
shrinkage=0.1


Tree=50
num_leaves=7
num_cat=0
split_feature=0 0 0 0 0 0
split_gain=0.0338213 0.00120445 0.000883243 0.00584437 0.000248889 1.31775e-06
threshold=0.35000000000000003 0.75000000000000011 0.15000000000000005 1.0000000180025095e-35 0.45000000000000007 0.25000000000000006
decision_type=2 2 2 2 2 2
left_child=2 4 3 -1 -2 -4
right_child=1 -3 5 -5 -6 -7
leaf_value=0.001602049881196778 -0.012024617463294814 -0.0072859606328296196 0.0017924785356242862 -0.003465532715825885 -0.020376087650143683 0.0017334520019972547
leaf_weight=12.603274807333944 0.40255455434089432 4.3779061313252896 6.791440784931182 2.7773181828670213 0.039155532445875003 8.5355669111013412
leaf_count=20 30 78 22 26 14 20
internal_value=0 -0.077881 0.0122236 0.00686982 -0.127649 0.0175961
internal_weight=0 4.81962 30.7076 15.3806 0.44171 15.327
internal_count=210 122 88 46 44 42
shrinkage=0.1


Tree=51
num_leaves=7
num_cat=0
split_feature=0 0 0 0 0 0
split_gain=0.0326768 0.00111686 0.000830807 0.00562085 0.000234437 9.33326e-07
threshold=0.35000000000000003 0.75000000000000011 0.15000000000000005 1.0000000180025095e-35 0.45000000000000007 0.25000000000000006
decision_type=2 2 2 2 2 2
left_child=2 4 3 -1 -2 -4
right_child=1 -3 5 -5 -6 -7
leaf_value=0.0015779566904279092 -0.011744323829103814 -0.007177483926768629 0.0017490487990605493 -0.0033950203718823495 -0.019875056946399822 0.001699389834996276
leaf_weight=12.604230612516401 0.40104613086441432 4.3738252931507304 6.7970619350671759 2.7728502303361902 0.038902226035133936 8.5400474667549133
leaf_count=20 30 78 22 26 14 20
internal_value=0 -0.0766057 0.0120063 0.00681212 -0.124633 0.017214
internal_weight=0 4.81377 30.7142 15.3771 0.439948 15.3371
internal_count=210 122 88 46 44 42
shrinkage=0.1


Tree=52
num_leaves=7
num_cat=0
split_feature=0 0 0 0 0 0
split_gain=0.0315922 0.00103585 0.000782838 0.00540995 0.000221192 6.80035e-07
threshold=0.35000000000000003 0.75000000000000011 0.15000000000000005 1.0000000180025095e-35 0.45000000000000007 0.25000000000000006
decision_type=2 2 2 2 2 2
left_child=2 4 3 -1 -2 -4
right_child=1 -3 5 -5 -6 -7
leaf_value=0.0015545445398684734 -0.011473295483930727 -0.0070725841288959441 0.0017085949293031901 -0.0033272587099170865 -0.01939453024954696 0.0016662196758309763
leaf_weight=12.605073168873785 0.39962417271453782 4.3699017377803102 6.8020894676446906 2.7686366965062925 0.038662460588966496 8.544035404920578
leaf_count=20 30 78 22 26 14 20
internal_value=0 -0.0753742 0.0117974 0.00675385 -0.12172 0.01685
internal_weight=0 4.80819 30.7198 15.3737 0.438287 15.3461
internal_count=210 122 88 46 44 42
shrinkage=0.1


Tree=53
num_leaves=7
num_cat=0
split_feature=0 0 0 0 0 0
split_gain=0.0305646 0.00096103 0.000738636 0.0052114 0.000208979 4.31217e-07
threshold=0.35000000000000003 0.75000000000000011 0.15000000000000005 1.0000000180025095e-35 0.45000000000000007 0.25000000000000006
decision_type=2 2 2 2 2 2
left_child=2 4 3 -1 -2 -4
right_child=1 -3 5 -5 -6 -7
leaf_value=0.0015319340724626546 -0.011211720306824052 -0.0069712163897648399 0.0016690137657994907 -0.0032622437915013052 -0.018933055085656632 0.0016352793128133324
leaf_weight=12.605832546949385 0.39828227524412696 4.3661243300884962 6.8066342547535887 2.7646664464846262 0.038434977206634358 8.5475972294807434
leaf_count=20 30 78 22 26 14 20
internal_value=0 -0.0741859 0.0115966 0.00669613 -0.118913 0.0165023
internal_weight=0 4.80284 30.7247 15.3705 0.436717 15.3542
internal_count=210 122 88 46 44 42
shrinkage=0.1


Tree=54
num_leaves=7
num_cat=0
split_feature=0 0 0 0 0 0
split_gain=0.0295906 0.000891637 0.000700147 0.00502267 0.000197732 2.84318e-07
threshold=0.35000000000000003 0.75000000000000011 0.15000000000000005 1.0000000180025095e-35 0.45000000000000007 0.25000000000000006
decision_type=2 2 2 2 2 2
left_child=2 4 3 -1 -2 -4
right_child=1 -3 5 -5 -6 -7
leaf_value=0.0015091845410573179 -0.010958594946678042 -0.0068733178427105093 0.0016330441501134375 -0.0031999693433391375 -0.018489666087069472 0.0016056585353461919
leaf_weight=12.606508538126944 0.39701661857543408 4.3624909076606855 6.8106191456317893 2.7609309530816981 0.038218987625441521 8.5507101863622665
leaf_count=20 30 78 22 26 14 20
internal_value=0 -0.0730392 0.0114037 0.00663133 -0.116199 0.016178
internal_weight=0 4.79773 30.7288 15.3674 0.435236 15.3613
internal_count=210 122 88 46 44 42
shrinkage=0.1


Tree=55
num_leaves=7
num_cat=0
split_feature=0 0 0 0 0 0
split_gain=0.0286642 0.000827418 0.000663465 0.0048458 0.000187368 2.01448e-07
threshold=0.35000000000000003 0.75000000000000011 0.15000000000000005 1.0000000180025095e-35 0.45000000000000007 0.25000000000000006
decision_type=2 2 2 2 2 2
left_child=2 4 3 -1 -2 -4
right_child=1 -3 5 -5 -6 -7
leaf_value=0.0014876303538049092 -0.010713709202446589 -0.0067783920145979316 0.0015991806442420247 -0.0031402782556213607 -0.018063766934249978 0.0015761340665336847
leaf_weight=12.607121810317038 0.39581947127589856 4.3589806479867548 6.8142048418521872 2.7573935957625517 0.038013687837519683 8.5534839481115341
leaf_count=20 30 78 22 26 14 20
internal_value=0 -0.071929 0.0112177 0.00657082 -0.113577 0.0158635
internal_weight=0 4.79281 30.7322 15.3645 0.433833 15.3677
internal_count=210 122 88 46 44 42
shrinkage=0.1


Tree=56
num_leaves=7
num_cat=0
split_feature=0 0 0 0 0 0
split_gain=0.0277838 0.000768022 0.000630568 0.00467614 0.000177751 1.08432e-07
threshold=0.35000000000000003 0.75000000000000011 0.15000000000000005 1.0000000180025095e-35 0.45000000000000007 0.25000000000000006
decision_type=2 2 2 2 2 2
left_child=2 4 3 -1 -2 -4
right_child=1 -3 5 -5 -6 -7
leaf_value=0.0014661533268133095 -0.010477206510296539 -0.0066864892934118628 0.001566019009119861 -0.0030822782883966559 -0.017653892847306316 0.0015491138571617645
leaf_weight=12.607646554708479 0.39468281634617497 4.3555954429320991 6.8174408972263327 2.7540325163863608 0.037818427037564106 8.5559521839022636
leaf_count=20 30 78 22 26 14 20
internal_value=0 -0.0708558 0.0110383 0.00650713 -0.111047 0.0155661
internal_weight=0 4.7881 30.7351 15.3617 0.432501 15.3734
internal_count=210 122 88 46 44 42
shrinkage=0.1


Tree=57
num_leaves=7
num_cat=0
split_feature=0 0 0 0 0 0
split_gain=0.0269445 0.000712884 0.000600006 0.00451534 0.000168847 7.12097e-08
threshold=0.35000000000000003 0.75000000000000011 0.15000000000000005 1.0000000180025095e-35 0.45000000000000007 0.25000000000000006
decision_type=2 2 2 2 2 2
left_child=2 4 3 -1 -2 -4
right_child=1 -3 5 -5 -6 -7
leaf_value=0.001445303057457929 -0.010247938016266478 -0.0065972633479854867 0.0015356747934742079 -0.0030263437811319117 -0.017259170171218998 0.0015219775016074057
leaf_weight=12.608120784163473 0.39360657561337481 4.3523208920378238 6.8202917724847785 2.7508492269553253 0.037632213992765166 8.5581121668219566
leaf_count=20 30 78 22 26 14 20
internal_value=0 -0.0698153 0.0108651 0.00644414 -0.108598 0.0152805
internal_weight=0 4.78356 30.7374 15.359 0.431239 15.3784
internal_count=210 122 88 46 44 42
shrinkage=0.1


Tree=58
num_leaves=7
num_cat=0
split_feature=0 0 0 0 0 0
split_gain=0.0261442 0.000661865 0.000571618 0.0043621 0.000160576 3.98997e-08
threshold=0.35000000000000003 0.75000000000000011 0.15000000000000005 1.0000000180025095e-35 0.45000000000000007 0.25000000000000006
decision_type=2 2 2 2 2 2
left_child=2 4 3 -1 -2 -4
right_child=1 -3 5 -5 -6 -7
leaf_value=0.0014249740263451213 -0.010026259390577441 -0.006510616764453735 0.0015063317197377467 -0.0029721185091351804 -0.016879152147487031 0.0014960803343805514
leaf_weight=12.608526855707167 0.39258247840916638 4.3491519187809899 6.8228823021054259 2.7478149542585024 0.037454795950907283 8.5600403249263763
leaf_count=20 30 78 22 26 14 20
internal_value=0 -0.0688067 0.0106977 0.00638172 -0.106231 0.0150063
internal_weight=0 4.77919 30.7393 15.3563 0.430037 15.3829
internal_count=210 122 88 46 44 42
shrinkage=0.1


Tree=59
num_leaves=7
num_cat=0
split_feature=0 0 0 0 0 0
split_gain=0.025381 0.000614494 0.000546156 0.00421624 0.000152888 5.736e-09
threshold=0.35000000000000003 0.75000000000000011 0.15000000000000005 1.0000000180025095e-35 0.45000000000000007 0.25000000000000006
decision_type=2 2 2 2 2 2
left_child=2 4 3 -1 -2 -4
right_child=1 -3 5 -5 -6 -7
leaf_value=0.0014048169637120359 -0.0098114998651664537 -0.006426541005447828 0.0014768049376519972 -0.0029199918614731821 -0.016512920115221135 0.0014729185864772081
leaf_weight=12.60889148712158 0.39160642330534656 4.3460834891302511 6.8252031728625289 2.744929783977569 0.037285360711393878 8.5617365688085556
leaf_count=20 30 78 22 26 14 20
internal_value=0 -0.0678291 0.0105359 0.00631635 -0.103941 0.0147464
internal_weight=0 4.77498 30.7408 15.3538 0.428892 15.3869
internal_count=210 122 88 46 44 42
shrinkage=0.1


Tree=60
num_leaves=7
num_cat=0
split_feature=0 0 0 0 0 0
split_gain=0.0246515 0.000570522 0.000522158 0.00407854 0.000145739 5.14679e-10
threshold=0.35000000000000003 0.75000000000000011 0.15000000000000005 1.0000000180025095e-35 0.45000000000000007 0.25000000000000006
decision_type=2 2 2 2 2 2
left_child=2 4 3 -1 -2 -4
right_child=1 -3 5 -5 -6 -7
leaf_value=0.0013853931604108373 -0.0096032753667320905 -0.0063447466316230343 0.0014501857053228762 -0.0028699392358902853 -0.016159850680626555 0.0014490217003392555
leaf_weight=12.609241142868994 0.39068431971827422 4.3431044704047963 6.8271640986204138 2.7421927847899505 0.037123171423445456 8.5631587877869606
leaf_count=20 30 78 22 26 14 20
internal_value=0 -0.0668796 0.0103793 0.00625273 -0.101722 0.0144954
internal_weight=0 4.77091 30.7418 15.3514 0.427807 15.3903
internal_count=210 122 88 46 44 42
shrinkage=0.1


Tree=61
num_leaves=7
num_cat=0
split_feature=0 0 0 0 0 0
split_gain=0.0239552 0.000529608 0.000499694 0.0039458 0.000139076 2.82919e-12
threshold=0.35000000000000003 0.75000000000000011 0.15000000000000005 1.0000000180025095e-35 0.45000000000000007 0.25000000000000006
decision_type=2 2 2 2 2 2
left_child=2 4 3 -1 -2 -4
right_child=1 -3 5 -5 -6 -7
leaf_value=0.0013663712846865221 -0.009401320156946627 -0.0062653859001677963 0.0014253163079892689 -0.0028207776483066133 -0.015819132482968297 0.0014254026005488766
leaf_weight=12.609527483582495 0.38980373908998345 4.3402212901273742 6.828904725611209 2.7395650078542539 0.036968193264328882 8.5644007921218872
leaf_count=20 30 78 22 26 14 20
internal_value=0 -0.0659591 0.0102278 0.00619033 -0.0995725 0.0142536
internal_weight=0 4.76699 30.7424 15.3491 0.426772 15.3933
internal_count=210 122 88 46 44 42
shrinkage=0.1


Tree=62
num_leaves=7
num_cat=0
split_feature=0 0 0 0 0 0
split_gain=0.0232885 0.000491691 0.000479578 0.00381923 0.000132863 2.27441e-09
threshold=0.35000000000000003 0.75000000000000011 0.15000000000000005 1.0000000180025095e-35 0.45000000000000007 0.25000000000000006
decision_type=2 2 2 2 2 2
left_child=2 4 3 -1 -2 -4
right_child=1 -3 5 -5 -6 -7
leaf_value=0.001347454373908024 -0.0092057236014969086 -0.0061880989192745952 0.0014010577849949497 -0.0027735389542423647 -0.015490649368089757 0.0014035042330471873
leaf_weight=12.609778508543966 0.38896014250349153 4.3374190159374848 6.8304987102746955 2.7370529253967115 0.036819949440541677 8.5655081495642662
leaf_count=20 30 78 22 26 14 20
internal_value=0 -0.0650643 0.0100809 0.0061249 -0.0974922 0.0140242
internal_weight=0 4.7632 30.7428 15.3468 0.42578 15.396
internal_count=210 122 88 46 44 42
shrinkage=0.1


Tree=63
num_leaves=7
num_cat=0
split_feature=0 0 0 0 0 0
split_gain=0.0226494 0.000460438 0.00369705 0.000456444 0.000127036 7.80356e-09
threshold=0.35000000000000003 0.15000000000000005 1.0000000180025095e-35 0.75000000000000011 0.45000000000000007 0.25000000000000006
decision_type=2 2 2 2 2 2
left_child=1 2 -1 4 -2 -3
right_child=3 5 -4 -5 -6 -7
leaf_value=0.0013289790598912856 -0.0090158985624826538 0.0013776223696529415 -0.0027270306521859199 -0.0061127636953019022 -0.015172906765061753 0.0013821535522965177
leaf_weight=12.610003054141997 0.38815306051401322 6.8319200351834288 2.7346351831220099 4.3346913516288623 0.036677614931249991 8.5664746761322021
leaf_count=20 30 22 26 78 14 20
internal_value=0 0.00993818 0.0060614 -0.0641934 -0.0954746 0.0138014
internal_weight=0 30.743 15.3446 4.75952 0.424831 15.3984
internal_count=210 88 46 122 44 42
shrinkage=0.1


Tree=64
num_leaves=7
num_cat=0
split_feature=0 0 0 0 0 0
split_gain=0.0220373 0.000442498 0.00358125 0.000423702 0.000121592 1.55079e-08
threshold=0.35000000000000003 0.15000000000000005 1.0000000180025095e-35 0.75000000000000011 0.45000000000000007 0.25000000000000006
decision_type=2 2 2 2 2 2
left_child=1 2 -1 4 -2 -3
right_child=3 5 -4 -5 -6 -7
leaf_value=0.0013110481103756689 -0.0088318010439643393 0.0013551009259014151 -0.0026823210796039932 -0.0060394237253779308 -0.014866226646220275 0.0013614881230460875
leaf_weight=12.61020354926586 0.38738075527362426 6.8331818431615821 2.7323126518167564 4.3320395062910393 0.036541181762004271 8.5673157945275307
leaf_count=20 30 22 26 78 14 20
internal_value=0 0.00979982 0.00599878 -0.0633469 -0.0935196 0.0135865
internal_weight=0 30.743 15.3425 4.75596 0.423922 15.4005
internal_count=210 88 46 122 44 42
shrinkage=0.1


Tree=65
num_leaves=7
num_cat=0
split_feature=0 0 0 0 0 0
split_gain=0.0214501 0.000425538 0.00347033 0.000393305 0.000116475 1.28883e-08
threshold=0.35000000000000003 0.15000000000000005 1.0000000180025095e-35 0.75000000000000011 0.45000000000000007 0.25000000000000006
decision_type=2 2 2 2 2 2
left_child=1 2 -1 4 -2 -3
right_child=3 5 -4 -5 -6 -7
leaf_value=0.0012935688954129464 -0.0086533123717085127 0.001334599415015632 -0.0026387877219306482 -0.0059679287107497186 -0.014569582725094352 0.0013404218255445056
leaf_weight=12.610378623008726 0.3866420008125705 6.834303453564643 2.7300803838297734 4.3294588514836505 0.036410127722774632 8.5680444240570068
leaf_count=20 30 22 26 78 14 20
internal_value=0 0.0096654 0.00593743 -0.062523 -0.091625 0.0133784
internal_weight=0 30.7428 15.3405 4.75251 0.423052 15.4023
internal_count=210 88 46 122 44 42
shrinkage=0.1


Tree=66
num_leaves=7
num_cat=0
split_feature=0 0 0 0 0 0
split_gain=0.0208861 0.000409624 0.00336408 0.000365058 0.000111672 2.6254e-08
threshold=0.35000000000000003 0.15000000000000005 1.0000000180025095e-35 0.75000000000000011 0.45000000000000007 0.25000000000000006
decision_type=2 2 2 2 2 2
left_child=1 2 -1 4 -2 -3
right_child=3 5 -4 -5 -6 -7
leaf_value=0.0012764558146800302 -0.0084800644535656094 0.0013130881226517874 -0.0025964917599304526 -0.0058981489704200123 -0.014282681580041472 0.0013213976536568159
leaf_weight=12.610513523221014 0.38592811668058757 6.8353775814175597 2.7279154271818706 4.3269447739003226 0.036284404675825499 8.5687206462025642
leaf_count=20 30 22 26 78 14 20
internal_value=0 0.00953464 0.00587658 -0.0617202 -0.0897873 0.0131771
internal_weight=0 30.7425 15.3384 4.74916 0.422213 15.4041
internal_count=210 88 46 122 44 42
shrinkage=0.1


Tree=67
num_leaves=7
num_cat=0
split_feature=0 0 0 0 0 0
split_gain=0.0203438 0.000394463 0.00326213 0.000338755 0.000107172 3.94798e-08
threshold=0.35000000000000003 0.15000000000000005 1.0000000180025095e-35 0.75000000000000011 0.45000000000000007 0.25000000000000006
decision_type=2 2 2 2 2 2
left_child=1 2 -1 4 -2 -3
right_child=3 5 -4 -5 -6 -7
leaf_value=0.0012597848226137067 -0.0083115664128736496 0.0012924758813040718 -0.0025552191419119293 -0.0058299884339676165 -0.014005186566720815 0.0013026651724226852
leaf_weight=12.610635131597517 0.38524478382896526 6.8362912088632575 2.7258336474187681 4.324491384672001 0.036163483702694073 8.5692700743675232
leaf_count=20 30 22 26 78 14 20
internal_value=0 0.00940739 0.00581724 -0.0609372 -0.0880017 0.0129814
internal_weight=0 30.742 15.3365 4.7459 0.421408 15.4056
internal_count=210 88 46 122 44 42
shrinkage=0.1


Tree=68
num_leaves=7
num_cat=0
split_feature=0 0 0 0 0 0
split_gain=0.0198237 0.00038001 0.00316444 0.000314243 0.000102944 5.30896e-08
threshold=0.35000000000000003 0.15000000000000005 1.0000000180025095e-35 0.75000000000000011 0.45000000000000007 0.25000000000000006
decision_type=2 2 2 2 2 2
left_child=1 2 -1 4 -2 -3
right_child=3 5 -4 -5 -6 -7
leaf_value=0.0012435956253523753 -0.0081478762106742039 0.0012725801354737706 -0.0025149908591799489 -0.0057636549131273975 -0.013736686205521166 0.0012843953786768534
leaf_weight=12.610742747783659 0.3845902715693218 6.8370689824223509 2.7238254914991566 4.3221051600994542 0.036047184185008518 8.5697157084941864
leaf_count=20 30 22 26 78 14 20
internal_value=0 0.00928388 0.00575971 -0.0601759 -0.0862682 0.0127915
internal_weight=0 30.7414 15.3346 4.74274 0.420637 15.4068
internal_count=210 88 46 122 44 42
shrinkage=0.1


Tree=69
num_leaves=7
num_cat=0
split_feature=0 0 0 0 0 0
split_gain=0.0193233 0.000367035 0.00306987 0.000291461 9.89623e-05 5.79364e-08
threshold=0.35000000000000003 0.15000000000000005 1.0000000180025095e-35 0.75000000000000011 0.45000000000000007 0.25000000000000006
decision_type=2 2 2 2 2 2
left_child=1 2 -1 4 -2 -3
right_child=3 5 -4 -5 -6 -7
leaf_value=0.0012273539796079085 -0.0079888765342770486 0.0012541940742425148 -0.0024757228488341892 -0.005698827927732842 -0.013476722520459991 0.0012665364328166596
leaf_weight=12.610829979181288 0.383962347288615 6.8377163633704177 2.7218906646594414 4.319775729207322 0.035935242471168749 8.570058785378933
leaf_count=20 30 22 26 78 14 20
internal_value=0 0.00916362 0.00569977 -0.0594332 -0.0845853 0.0126106
internal_weight=0 30.7405 15.3327 4.73967 0.419898 15.4078
internal_count=210 88 46 122 44 42
shrinkage=0.1


Tree=70
num_leaves=7
num_cat=0
split_feature=0 0 0 0 0 0
split_gain=0.0188413 0.00035401 0.00297996 0.000270292 9.51927e-05 4.96742e-08
threshold=0.35000000000000003 0.15000000000000005 1.0000000180025095e-35 0.75000000000000011 0.45000000000000007 0.25000000000000006
decision_type=2 2 2 2 2 2
left_child=1 2 -1 4 -2 -3
right_child=3 5 -4 -5 -6 -7
leaf_value=0.0012119112587778162 -0.0078344687011224195 0.0012367824963197881 -0.0024375637503269935 -0.0056354395241954413 -0.013224555646790856 0.0012482105936113027
leaf_weight=12.610904380679129 0.38335847831331088 6.838312752544879 2.7200177162885675 4.3174988450482488 0.03582724102307111 8.5703646838665009
leaf_count=20 30 22 26 78 14 20
internal_value=0 0.00904638 0.0056442 -0.0587082 -0.0829515 0.0124314
internal_weight=0 30.7396 15.3309 4.73668 0.419186 15.4087
internal_count=210 88 46 122 44 42
shrinkage=0.1


Tree=71
num_leaves=7
num_cat=0
split_feature=0 0 0 0 0 0
split_gain=0.0183775 0.000342322 0.00289249 0.000250511 9.16589e-05 6.11416e-08
threshold=0.35000000000000003 0.15000000000000005 1.0000000180025095e-35 0.75000000000000011 0.45000000000000007 0.25000000000000006
decision_type=2 2 2 2 2 2
left_child=1 2 -1 4 -2 -3
right_child=3 5 -4 -5 -6 -7
leaf_value=0.0011963720808981155 -0.0076839752645511267 0.0012190123151229382 -0.0024001378405351828 -0.0055735649909490056 -0.012980438856067028 0.0012316906950027408
leaf_weight=12.610944986343382 0.38277079246472473 6.8388846963644019 2.7181905922479936 4.3152801253600046 0.035723461551242508 8.5706343874335289
leaf_count=20 30 22 26 78 14 20
internal_value=0 0.00893221 0.00558632 -0.0580011 -0.0813609 0.0122606
internal_weight=0 30.7387 15.3291 4.73377 0.418494 15.4095
internal_count=210 88 46 122 44 42
shrinkage=0.1


Tree=72
num_leaves=7
num_cat=0
split_feature=0 0 0 0 0 0
split_gain=0.0179301 0.000331104 0.00280834 0.000232195 8.82961e-05 8.48451e-08
threshold=0.35000000000000003 0.15000000000000005 1.0000000180025095e-35 0.75000000000000011 0.45000000000000007 0.25000000000000006
decision_type=2 2 2 2 2 2
left_child=1 2 -1 4 -2 -3
right_child=3 5 -4 -5 -6 -7
leaf_value=0.0011812101041565263 -0.0075380649879273637 0.0012010955649056146 -0.0023635375607173152 -0.0055129531106035091 -0.012743487584834255 0.0012160303095612281
leaf_weight=12.610998913645743 0.38220700999954615 6.8393773958086959 2.7164269313216218 4.3131055836565793 0.035622998373582959 8.5708430483937263
leaf_count=20 30 22 26 78 14 20
internal_value=0 0.00882078 0.00552987 -0.05731 -0.0798186 0.012094
internal_weight=0 30.7376 15.3274 4.73094 0.41783 15.4102
internal_count=210 88 46 122 44 42
shrinkage=0.1


Tree=73
num_leaves=7
num_cat=0
split_feature=0 0 0 0 0 0
split_gain=0.017499 0.000320339 0.00272826 0.000215069 8.51366e-05 8.53374e-08
threshold=0.35000000000000003 0.15000000000000005 1.0000000180025095e-35 0.75000000000000011 0.45000000000000007 0.25000000000000006
decision_type=2 2 2 2 2 2
left_child=1 2 -1 4 -2 -3
right_child=3 5 -4 -5 -6 -7
leaf_value=0.0011665346223074739 -0.0073957364199431115 0.0011848339537604211 -0.0023282135984867419 -0.0054537473125428173 -0.012513859392713839 0.0011998116958752208
leaf_weight=12.611043676733969 0.38166572083718975 6.8397342637181273 2.7147151855751881 4.310981331858784 0.03552607842721045 8.5709653124213219
leaf_count=20 30 22 26 78 14 20
internal_value=0 0.00871222 0.00547495 -0.0566356 -0.0783157 0.0119316
internal_weight=0 30.7365 15.3258 4.72817 0.417192 15.4107
internal_count=210 88 46 122 44 42
shrinkage=0.1


Tree=74
num_leaves=7
num_cat=0
split_feature=0 0 0 0 0 0
split_gain=0.0170839 0.000309313 0.00265178 0.000199113 8.2128e-05 7.18464e-08
threshold=0.35000000000000003 0.15000000000000005 1.0000000180025095e-35 0.75000000000000011 0.45000000000000007 0.25000000000000006
decision_type=2 2 2 2 2 2
left_child=1 2 -1 4 -2 -3
right_child=3 5 -4 -5 -6 -7
leaf_value=0.00115266081240554 -0.0072573387416652868 0.001169342872228951 -0.0022936298273428554 -0.0053959391696558785 -0.012290587911674838 0.0011830855757896212
leaf_weight=12.611077070236204 0.38114387530367722 6.8400676473975173 2.7130516888573775 4.3089072623988613 0.035432364136795513 8.571063868701458
leaf_count=20 30 22 26 78 14 20
internal_value=0 0.00860648 0.00542514 -0.0559777 -0.0768545 0.0117699
internal_weight=0 30.7353 15.3241 4.72548 0.416576 15.4111
internal_count=210 88 46 122 44 42
shrinkage=0.1


Tree=75
num_leaves=7
num_cat=0
split_feature=0 0 0 0 0 0
split_gain=0.016682 0.000300323 0.0025759 0.000184293 7.93114e-05 8.94058e-08
threshold=0.35000000000000003 0.15000000000000005 1.0000000180025095e-35 0.75000000000000011 0.45000000000000007 0.25000000000000006
decision_type=2 2 2 2 2 2
left_child=1 2 -1 4 -2 -3
right_child=3 5 -4 -5 -6 -7
leaf_value=0.0011379899762694987 -0.0071225252474030575 0.0011534542474904179 -0.0022594655010509754 -0.0053391284021140342 -0.012074758625991878 0.001168784378740532
leaf_weight=12.611082956194876 0.38063488365150888 6.8403927758336058 2.7114379070699224 4.3068744759075344 0.035342260467587039 8.5711377635598183
leaf_count=20 30 22 26 78 14 20
internal_value=0 0.00850287 0.00536784 -0.0553326 -0.0754328 0.0116198
internal_weight=0 30.7341 15.3225 4.72285 0.415977 15.4115
internal_count=210 88 46 122 44 42
shrinkage=0.1


Tree=76
num_leaves=7
num_cat=0
split_feature=0 0 0 0 0 0
split_gain=0.0162951 0.000290846 0.00250411 0.000170472 7.66093e-05 9.18505e-08
threshold=0.35000000000000003 0.15000000000000005 1.0000000180025095e-35 0.75000000000000011 0.45000000000000007 0.25000000000000006
decision_type=2 2 2 2 2 2
left_child=1 2 -1 4 -2 -3
right_child=3 5 -4 -5 -6 -7
leaf_value=0.0011242890320423593 -0.006991413161822781 0.0011382873070007727 -0.0022262914459953067 -0.005283702652898993 -0.011864346634889639 0.0011538254512333183
leaf_weight=12.611095160245894 0.38014561677118658 6.8406360894441596 2.7098564859479675 4.3048863294534385 0.035254713948233984 8.5711696371436119
leaf_count=20 30 22 26 78 14 20
internal_value=0 0.00840205 0.00531663 -0.0547038 -0.0740498 0.0114693
internal_weight=0 30.7328 15.321 4.72029 0.4154 15.4118
internal_count=210 88 46 122 44 42
shrinkage=0.1


Tree=77
num_leaves=7
num_cat=0
split_feature=0 0 0 0 0 0
split_gain=0.0159212 0.000281129 0.00243584 0.000157585 7.40613e-05 7.77832e-08
threshold=0.35000000000000003 0.15000000000000005 1.0000000180025095e-35 0.75000000000000011 0.45000000000000007 0.25000000000000006
decision_type=2 2 2 2 2 2
left_child=1 2 -1 4 -2 -3
right_child=3 5 -4 -5 -6 -7
leaf_value=0.0011113389691303831 -0.006863574516015044 0.0011239445495147713 -0.0021940256452786006 -0.0052294326158751842 -0.011660306484390899 0.0011382432754698773
leaf_weight=12.611098498106001 0.3796734819188704 6.84085389971733 2.7083207583054909 4.3029412743635476 0.035170193208614364 8.5711776092648506
leaf_count=20 30 22 26 78 14 20
internal_value=0 0.00830351 0.00526983 -0.0540888 -0.0727024 0.011319
internal_weight=0 30.7315 15.3194 4.71778 0.414844 15.412
internal_count=210 88 46 122 44 42
shrinkage=0.1


Tree=78
num_leaves=7
num_cat=0
split_feature=0 0 0 0 0 0
split_gain=0.0155594 0.000273303 0.00236812 0.000145611 7.16286e-05 9.70407e-08
threshold=0.35000000000000003 0.15000000000000005 1.0000000180025095e-35 0.75000000000000011 0.45000000000000007 0.25000000000000006
decision_type=2 2 2 2 2 2
left_child=1 2 -1 4 -2 -3
right_child=3 5 -4 -5 -6 -7
leaf_value=0.0010976176955279039 -0.0067391288812361592 0.0011091379092247639 -0.0021622112511393496 -0.0051761487919585805 -0.011461695398988834 0.0011251087496439516
leaf_weight=12.611078679561613 0.3792128634522659 6.8410661518573752 2.7068310435861358 4.3010350024560466 0.035088415694190189 8.571167416870594
leaf_count=20 30 22 26 78 14 20
internal_value=0 0.00820712 0.00521573 -0.0534862 -0.071391 0.0111802
internal_weight=0 30.7301 15.3179 4.71534 0.414301 15.4122
internal_count=210 88 46 122 44 42
shrinkage=0.1


Tree=79
num_leaves=7
num_cat=0
split_feature=0 0 0 0 0 0
split_gain=0.0152097 0.00026495 0.002304 0.000134422 6.93322e-05 9.82769e-08
threshold=0.35000000000000003 0.15000000000000005 1.0000000180025095e-35 0.75000000000000011 0.45000000000000007 0.25000000000000006
decision_type=2 2 2 2 2 2
left_child=1 2 -1 4 -2 -3
right_child=3 5 -4 -5 -6 -7
leaf_value=0.001084803169356597 -0.0066175932687443546 0.0010950721867717911 -0.0021313096941959295 -0.0051239890387282834 -0.011268880738939339 0.0011111443725018739
leaf_weight=12.611066699028013 0.37876888125901936 6.8411995992064467 2.705369678325952 4.2991660864790902 0.035009189959964715 8.5711134374141693
leaf_count=20 30 22 26 78 14 20
internal_value=0 0.00811289 0.00516735 -0.0528967 -0.0701113 0.0110401
internal_weight=0 30.7287 15.3164 4.71294 0.413778 15.4123
internal_count=210 88 46 122 44 42
shrinkage=0.1


Tree=80
num_leaves=7
num_cat=0
split_feature=0 0 0 0 0 0
split_gain=0.0148718 0.000257533 0.00224173 0.000124034 6.71434e-05 8.20568e-08
threshold=0.35000000000000003 0.15000000000000005 1.0000000180025095e-35 0.75000000000000011 0.45000000000000007 0.25000000000000006
decision_type=2 2 2 2 2 2
left_child=1 2 -1 4 -2 -3
right_child=3 5 -4 -5 -6 -7
leaf_value=0.0010718856878162363 -0.0064994127025685541 0.0010825104910508981 -0.0021011502636037157 -0.0050729139059461923 -0.011081512348762781 0.0010971965546682646
leaf_weight=12.611059054732321 0.3783401024411423 6.8413038924336425 2.7039560982957491 4.2973347147926688 0.034932393580675125 8.571036271750927
leaf_count=20 30 22 26 78 14 20
internal_value=0 0.0080209 0.00511668 -0.0523204 -0.0688672 0.0109068
internal_weight=0 30.7274 15.315 4.71061 0.413272 15.4123
internal_count=210 88 46 122 44 42
shrinkage=0.1


Tree=81
num_leaves=7
num_cat=0
split_feature=0 0 0 0 0 0
split_gain=0.0145445 0.000249814 0.00218135 0.000114333 6.50543e-05 8.90935e-08
threshold=0.35000000000000003 0.15000000000000005 1.0000000180025095e-35 0.75000000000000011 0.45000000000000007 0.25000000000000006
decision_type=2 2 2 2 2 2
left_child=1 2 -1 4 -2 -3
right_child=3 5 -4 -5 -6 -7
leaf_value=0.0010595301020250125 -0.0063839613576860176 0.0010687945886169292 -0.0020711513224811735 -0.0050228110147621675 -0.0108988312306336 0.0010840973337555709
leaf_weight=12.6110253483057 0.37791942112380533 6.8414459228515616 2.7025504922494301 4.2955395084572956 0.034857974736951285 8.5709869861602783
leaf_count=20 30 22 26 78 14 20
internal_value=0 0.00793082 0.00507025 -0.0517557 -0.0676523 0.010773
internal_weight=0 30.726 15.3136 4.70832 0.412777 15.4124
internal_count=210 88 46 122 44 42
shrinkage=0.1


Tree=82
num_leaves=7
num_cat=0
split_feature=0 0 0 0 0 0
split_gain=0.0142284 0.000242254 0.00212294 0.000105319 6.30673e-05 1.11001e-07
threshold=0.35000000000000003 0.15000000000000005 1.0000000180025095e-35 0.75000000000000011 0.45000000000000007 0.25000000000000006
decision_type=2 2 2 2 2 2
left_child=1 2 -1 4 -2 -3
right_child=3 5 -4 -5 -6 -7
leaf_value=0.0010475142373634629 -0.0062715765120459552 0.001054667399422865 -0.0020416066708767969 -0.0049737749021354326 -0.010721385692732018 0.001071748220227371
leaf_weight=12.611006364226339 0.37751394516089831 6.8415493965148917 2.7011870169080803 4.2937800096115097 0.034785774543706793 8.5708970278501511
leaf_count=20 30 22 26 78 14 20
internal_value=0 0.00784284 0.0050257 -0.0512037 -0.0664701 0.0106417
internal_weight=0 30.7246 15.3122 4.70608 0.4123 15.4124
internal_count=210 88 46 122 44 42
shrinkage=0.1


Tree=83
num_leaves=7
num_cat=0
split_feature=0 0 0 0 0 0
split_gain=0.0139218 0.000235079 0.00206799 9.68755e-05 6.11813e-05 8.19679e-08
threshold=0.35000000000000003 0.15000000000000005 1.0000000180025095e-35 0.75000000000000011 0.45000000000000007 0.25000000000000006
decision_type=2 2 2 2 2 2
left_child=1 2 -1 4 -2 -3
right_child=3 5 -4 -5 -6 -7
leaf_value=0.0010358805506298721 -0.0061614514116333976 0.0010432099834620917 -0.0020136178700972348 -0.0049256448384535859 -0.010548458007953404 0.0010578880519442851
leaf_weight=12.610977724194525 0.377124227816238 6.8415478244423857 2.6998686897568414 4.2920553047442809 0.0347157407013583 8.5707506388425827
leaf_count=20 30 22 26 78 14 20
internal_value=0 0.0077567 0.00498141 -0.0506622 -0.0653125 0.0105137
internal_weight=0 30.7231 15.3108 4.7039 0.41184 15.4123
internal_count=210 88 46 122 44 42
shrinkage=0.1


Tree=84
num_leaves=7
num_cat=0
split_feature=0 0 0 0 0 0
split_gain=0.0136244 0.000228919 0.00201322 8.90843e-05 5.93692e-05 9.93314e-08
threshold=0.35000000000000003 0.15000000000000005 1.0000000180025095e-35 0.75000000000000011 0.45000000000000007 0.25000000000000006
decision_type=2 2 2 2 2 2
left_child=1 2 -1 4 -2 -3
right_child=3 5 -4 -5 -6 -7
leaf_value=0.0010238027959924565 -0.0060544808120847806 0.0010302969450513705 -0.0019856339941258009 -0.0048783073264799352 -0.010380087474234204 0.0010464550497333021
leaf_weight=12.610928311944006 0.37674121087184081 6.8416137248277655 2.6985753579065213 4.2903602356091142 0.034647885186132044 8.570634700357914
leaf_count=20 30 22 26 78 14 20
internal_value=0 0.00767222 0.00493335 -0.050131 -0.0641879 0.0103928
internal_weight=0 30.7218 15.3095 4.70175 0.411389 15.4122
internal_count=210 88 46 122 44 42
shrinkage=0.1


Tree=85
num_leaves=7
num_cat=0
split_feature=0 0 0 0 0 0
split_gain=0.013337 0.000222134 0.001961 8.18151e-05 5.76491e-05 9.95922e-08
threshold=0.35000000000000003 0.15000000000000005 1.0000000180025095e-35 0.75000000000000011 0.45000000000000007 0.25000000000000006
decision_type=2 2 2 2 2 2
left_child=1 2 -1 4 -2 -3
right_child=3 5 -4 -5 -6 -7
leaf_value=0.0010126013546761486 -0.0059500434681008909 0.0010179702063373268 -0.001958125761269267 -0.0048320282604419193 -0.010216418490885866 0.0010341495807561754
leaf_weight=12.610887646675108 0.37637228833045711 6.8416129797697058 2.697300350293518 4.2887000190094113 0.03458202988258563 8.5704815685749054
leaf_count=20 30 22 26 78 14 20
internal_value=0 0.00758973 0.0048916 -0.0496119 -0.0630906 0.0102697
internal_weight=0 30.7203 15.3082 4.69965 0.410954 15.4121
internal_count=210 88 46 122 44 42
shrinkage=0.1


Tree=86
num_leaves=7
num_cat=0
split_feature=0 0 0 0 0 0
split_gain=0.0130578 0.000216272 0.00190987 7.50359e-05 5.60109e-05 8.23039e-08
threshold=0.35000000000000003 0.15000000000000005 1.0000000180025095e-35 0.75000000000000011 0.45000000000000007 0.25000000000000006
decision_type=2 2 2 2 2 2
left_child=1 2 -1 4 -2 -3
right_child=3 5 -4 -5 -6 -7
leaf_value=0.0010011078227433984 -0.0058477952117134647 0.0010071290289020074 -0.0019311882617868939 -0.004786494166236885 -0.010056854931712978 0.0010218372999134997
leaf_weight=12.610847502946852 0.37601410312345152 6.8415899127721778 2.6960689392872164 4.287067269673571 0.034517981657700147 8.5703101977705956
leaf_count=20 30 22 26 78 14 20
internal_value=0 0.00750876 0.00484631 -0.0491017 -0.062017 0.0101531
internal_weight=0 30.7188 15.3069 4.6976 0.410532 15.4119
internal_count=210 88 46 122 44 42
shrinkage=0.1


Tree=87
num_leaves=7
num_cat=0
split_feature=0 0 0 0 0 0
split_gain=0.0127875 0.00021005 0.001861 6.87466e-05 5.44383e-05 8.87927e-08
threshold=0.35000000000000003 0.15000000000000005 1.0000000180025095e-35 0.75000000000000011 0.45000000000000007 0.25000000000000006
decision_type=2 2 2 2 2 2
left_child=1 2 -1 4 -2 -3
right_child=3 5 -4 -5 -6 -7
leaf_value=0.00099028982753420424 -0.0057482013957703996 0.00099506099619356045 -0.0019047964732646543 -0.0047418832920595533 -0.0099013356424022241 0.0010103381041755321
leaf_weight=12.610786795616148 0.37566252023680041 6.8416129276156417 2.6948418887332091 4.2854673133697361 0.034455903063644655 8.5701720714569092
leaf_count=20 30 22 26 78 14 20
internal_value=0 0.0074296 0.00480556 -0.0486025 -0.0609712 0.0100356
internal_weight=0 30.7174 15.3056 4.69559 0.410118 15.4118
internal_count=210 88 46 122 44 42
shrinkage=0.1


Tree=88
num_leaves=7
num_cat=0
split_feature=0 0 0 0 0 0
split_gain=0.0125253 0.000204619 0.00181317 6.29022e-05 5.29213e-05 1.01324e-07
threshold=0.35000000000000003 0.15000000000000005 1.0000000180025095e-35 0.75000000000000011 0.45000000000000007 0.25000000000000006
decision_type=2 2 2 2 2 2
left_child=1 2 -1 4 -2 -3
right_child=3 5 -4 -5 -6 -7
leaf_value=0.00097924720400658759 -0.0056509931016409691 0.00098332696273394126 -0.0018789136979977508 -0.0046980875654081787 -0.0097493126124133349 0.00099964660640421946
leaf_weight=12.610736936330794 0.3753224741085423 6.8415897116065016 2.6936542508192369 4.2838954856852069 0.034395305374346208 8.5699990540742874
leaf_count=20 30 22 26 78 14 20
internal_value=0 0.007352 0.00476196 -0.048113 -0.0599504 0.00992402
internal_weight=0 30.716 15.3044 4.69361 0.409718 15.4116
internal_count=210 88 46 122 44 42
shrinkage=0.1


Tree=89
num_leaves=7
num_cat=0
split_feature=0 0 0 0 0 0
split_gain=0.0122701 0.000198225 0.00176842 5.74618e-05 5.14842e-05 8.25938e-08
threshold=0.35000000000000003 0.15000000000000005 1.0000000180025095e-35 0.75000000000000011 0.45000000000000007 0.25000000000000006
decision_type=2 2 2 2 2 2
left_child=1 2 -1 4 -2 -3
right_child=3 5 -4 -5 -6 -7
leaf_value=0.00096935248870176844 -0.0055557186693428601 0.00097253109111017561 -0.0018538176984086937 -0.0046549281862846396 -0.0096013287345832424 0.00098726546570433206
leaf_weight=12.610686525702475 0.37499511678470199 6.8415299206972113 2.6924898019060501 4.2823471785522997 0.03433644374308642 8.5698111802339554
leaf_count=20 30 22 26 78 14 20
internal_value=0 0.00727574 0.00472635 -0.0476313 -0.0589508 0.00980724
internal_weight=0 30.7145 15.3032 4.69168 0.409332 15.4113
internal_count=210 88 46 122 44 42
shrinkage=0.1


Tree=90
num_leaves=7
num_cat=0
split_feature=0 0 0 0 0 0
split_gain=0.0120235 0.000193246 0.00172349 5.24202e-05 5.01081e-05 9.92527e-08
threshold=0.35000000000000003 0.15000000000000005 1.0000000180025095e-35 0.75000000000000011 0.45000000000000007 0.25000000000000006
decision_type=2 2 2 2 2 2
left_child=1 2 -1 4 -2 -3
right_child=3 5 -4 -5 -6 -7
leaf_value=0.00095868350214002313 -0.0054629466338164063 0.00096109743814132796 -0.0018288769545867279 -0.0046127466027636125 -0.0094573024099962183 0.00097724965717261832
leaf_weight=12.610615715384482 0.37467388849472527 6.8414871245622626 2.6913560279645035 4.280835208366625 0.034279514118679799 8.5696131587028503
leaf_count=20 30 22 26 78 14 20
internal_value=0 0.0072013 0.00468399 -0.0471608 -0.0579776 0.00970079
internal_weight=0 30.7131 15.302 4.68979 0.408953 15.4111
internal_count=210 88 46 122 44 42
shrinkage=0.1


Tree=91
num_leaves=7
num_cat=0
split_feature=0 0 0 0 0 0
split_gain=0.011784 0.000188379 0.00168027 4.77361e-05 4.87788e-05 1.07536e-07
threshold=0.35000000000000003 0.15000000000000005 1.0000000180025095e-35 0.75000000000000011 0.45000000000000007 0.25000000000000006
decision_type=2 2 2 2 2 2
left_child=1 2 -1 4 -2 -3
right_child=3 5 -4 -5 -6 -7
leaf_value=0.0009482956547651807 -0.0053722449659376788 0.00095026238526970796 -0.0018045606970426076 -0.004571293772095409 -0.0093163398645316042 0.00096707527358899962
leaf_weight=12.610561817884443 0.37436430476372962 6.8413785323500624 2.6902494942769417 4.2793452594196424 0.034223758899315726 8.5693843141198158
leaf_count=20 30 22 26 78 14 20
internal_value=0 0.00712831 0.00464278 -0.046699 -0.0570261 0.00959611
internal_weight=0 30.7116 15.3008 4.68793 0.408588 15.4108
internal_count=210 88 46 122 44 42
shrinkage=0.1


Tree=92
num_leaves=7
num_cat=0
split_feature=0 0 0 0 0 0
split_gain=0.011551 0.000183022 0.00163932 4.33755e-05 4.75258e-05 7.64668e-08
threshold=0.35000000000000003 0.15000000000000005 1.0000000180025095e-35 0.75000000000000011 0.45000000000000007 0.25000000000000006
decision_type=2 2 2 2 2 2
left_child=1 2 -1 4 -2 -3
right_child=3 5 -4 -5 -6 -7
leaf_value=0.0009386641258678002 -0.0052832651532209954 0.00094102710641721693 -0.0017808956910010118 -0.0045305226869757553 -0.0091793243503375619 0.00095520484643680332
leaf_weight=12.610504269599913 0.374064396834 6.8412431403994551 2.6891590231098244 4.2778808460570872 0.034169684651715215 8.5691430866718292
leaf_count=20 30 22 26 78 14 20
internal_value=0 0.00705665 0.00460658 -0.0462451 -0.0560937 0.00948911
internal_weight=0 30.71 15.2997 4.68611 0.408234 15.4104
internal_count=210 88 46 122 44 42
shrinkage=0.1


Tree=93
num_leaves=7
num_cat=0
split_feature=0 0 0 0 0 0
split_gain=0.0113242 0.00017857 0.00159856 3.93379e-05 4.63138e-05 9.30483e-08
threshold=0.35000000000000003 0.15000000000000005 1.0000000180025095e-35 0.75000000000000011 0.45000000000000007 0.25000000000000006
decision_type=2 2 2 2 2 2
left_child=1 2 -1 4 -2 -3
right_child=3 5 -4 -5 -6 -7
leaf_value=0.00092854475340827826 -0.0051962399179463284 0.00093018604313320822 -0.0017574305166956985 -0.0044903517762047932 -0.0090451462029930672 0.00094582572758242786
leaf_weight=12.610427051782606 0.37376626947661762 6.8411849811673155 2.6880887208972135 4.2764403173932806 0.034117066490580328 8.5689421817660332
leaf_count=20 30 22 26 78 14 20
internal_value=0 0.00698615 0.00456594 -0.0457985 -0.0551818 0.00938883
internal_weight=0 30.7086 15.2985 4.68432 0.407883 15.4101
internal_count=210 88 46 122 44 42
shrinkage=0.1


Tree=94
num_leaves=7
num_cat=0
split_feature=0 0 0 0 0 0
split_gain=0.0111045 0.000173569 0.00155942 3.5607e-05 4.5149e-05 9.29628e-08
threshold=0.35000000000000003 0.15000000000000005 1.0000000180025095e-35 0.75000000000000011 0.45000000000000007 0.25000000000000006
decision_type=2 2 2 2 2 2
left_child=1 2 -1 4 -2 -3
right_child=3 5 -4 -5 -6 -7
leaf_value=0.00091917190570312685 -0.0051114036162707155 0.0009199135376631543 -0.0017341528039766221 -0.0044510269905959693 -0.0089143397209775349 0.00093554621140738876
leaf_weight=12.610355287790297 0.37348034197930152 6.8410647064447394 2.6870308292564014 4.2750273077981547 0.034065815561916679 8.5687086880207062
leaf_count=20 30 22 26 78 14 20
internal_value=0 0.00691727 0.00453108 -0.0453617 -0.0542928 0.00928606
internal_weight=0 30.7072 15.2974 4.68257 0.407546 15.4098
internal_count=210 88 46 122 44 42
shrinkage=0.1


Tree=95
num_leaves=7
num_cat=0
split_feature=0 0 0 0 0 0
split_gain=0.0108907 0.000169336 0.00152168 3.21494e-05 4.40235e-05 7.63736e-08
threshold=0.35000000000000003 0.15000000000000005 1.0000000180025095e-35 0.75000000000000011 0.45000000000000007 0.25000000000000006
decision_type=2 2 2 2 2 2
left_child=1 2 -1 4 -2 -3
right_child=3 5 -4 -5 -6 -7
leaf_value=0.00090957368877577827 -0.0050283018125134417 0.00091105048700685005 -0.0017118576413582406 -0.0044123052747002522 -0.0087861919298024439 0.00092522001826908029
leaf_weight=12.610288947820662 0.37320265278685738 6.8409282043576232 2.6860135244205603 4.2736355097731575 0.034015695295238402 8.5684602856636047
leaf_count=20 30 22 26 78 14 20
internal_value=0 0.00684956 0.00449253 -0.044932 -0.0534221 0.0091893
internal_weight=0 30.7057 15.2963 4.68085 0.407218 15.4094
internal_count=210 88 46 122 44 42
shrinkage=0.1


Tree=96
num_leaves=7
num_cat=0
split_feature=0 0 0 0 0 0
split_gain=0.0106824 0.000165268 0.00148462 2.89693e-05 4.29487e-05 8.95267e-08
threshold=0.35000000000000003 0.15000000000000005 1.0000000180025095e-35 0.75000000000000011 0.45000000000000007 0.25000000000000006
decision_type=2 2 2 2 2 2
left_child=1 2 -1 4 -2 -3
right_child=3 5 -4 -5 -6 -7
leaf_value=0.00090004181116914203 -0.0049471152500255421 0.00090090893717803587 -0.0016896767892123875 -0.0043741342883848689 -0.0086613985389518006 0.00091625030107016572
leaf_weight=12.610213905572889 0.3729282472049808 6.8408393487334243 2.685001972131432 4.2722641301807016 0.033967031602514908 8.5682433918118477
leaf_count=20 30 22 26 78 14 20
internal_value=0 0.00678295 0.00445429 -0.0445092 -0.0525718 0.0090944
internal_weight=0 30.7043 15.2952 4.67916 0.406895 15.4091
internal_count=210 88 46 122 44 42
shrinkage=0.1


Tree=97
num_leaves=7
num_cat=0
split_feature=0 0 0 0 0 0
split_gain=0.0104804 0.000160678 0.00144898 2.60142e-05 4.19215e-05 8.84647e-08
threshold=0.35000000000000003 0.15000000000000005 1.0000000180025095e-35 0.75000000000000011 0.45000000000000007 0.25000000000000006
decision_type=2 2 2 2 2 2
left_child=1 2 -1 4 -2 -3
right_child=3 5 -4 -5 -6 -7
leaf_value=0.000891215179397473 -0.0048675055122865026 0.0008912128496296615 -0.0016676179546288917 -0.0043367520766463526 -0.0085395623146698914 0.00090646313541737549
leaf_weight=12.610140338540075 0.37266328366240392 6.840698927640914 2.6840000383090237 4.2709189598681405 0.033919602290552575 8.5680012479424477
leaf_count=20 30 22 26 78 14 20
internal_value=0 0.0067178 0.0044216 -0.0440952 -0.0517385 0.00899693
internal_weight=0 30.7028 15.2941 4.6775 0.406583 15.4087
internal_count=210 88 46 122 44 42
shrinkage=0.1


Tree=98
num_leaves=7
num_cat=0
split_feature=0 0 0 0 0 0
split_gain=0.0102837 0.000156823 0.00141462 2.32941e-05 4.09261e-05 7.18569e-08
threshold=0.35000000000000003 0.15000000000000005 1.0000000180025095e-35 0.75000000000000011 0.45000000000000007 0.25000000000000006
decision_type=2 2 2 2 2 2
left_child=1 2 -1 4 -2 -3
right_child=3 5 -4 -5 -6 -7
leaf_value=0.00088214978132403719 -0.0047896424173147602 0.00088289259965619788 -0.0016465397594698618 -0.0042999316021014485 -0.0084202233134158585 0.00089663722265139541
leaf_weight=12.610071301460264 0.37240644835401226 6.8405464366078368 2.683036858215929 4.2695938319666311 0.033873219086672179 8.5677457228302956
leaf_count=20 30 22 26 78 14 20
internal_value=0 0.00665373 0.00438514 -0.0436878 -0.0509234 0.00890535
internal_weight=0 30.7014 15.2931 4.67587 0.40628 15.4083
internal_count=210 88 46 122 44 42
shrinkage=0.1


Tree=99
num_leaves=7
num_cat=0
split_feature=0 0 0 0 0 0
split_gain=0.010092 0.000153133 0.00138083 2.08113e-05 3.99667e-05 8.44933e-08
threshold=0.35000000000000003 0.15000000000000005 1.0000000180025095e-35 0.75000000000000011 0.45000000000000007 0.25000000000000006
decision_type=2 2 2 2 2 2
left_child=1 2 -1 4 -2 -3
right_child=3 5 -4 -5 -6 -7
leaf_value=0.00087313107268341221 -0.004713728438771948 0.00087328196194555766 -0.0016255439860924396 -0.0042636189334182215 -0.0083037932715839969 0.0008881863494533828
leaf_weight=12.60999211668968 0.37215264997212122 6.8404431492090216 2.6820788853801796 4.2682878524065018 0.033828121864644345 8.5675226449966431
leaf_count=20 30 22 26 78 14 20
internal_value=0 0.00659072 0.00434888 -0.0432869 -0.0501287 0.00881569
internal_weight=0 30.7 15.2921 4.67427 0.405981 15.408
internal_count=210 88 46 122 44 42
shrinkage=0.1


end of trees

feature importances:
geographical=600

parameters:
[boosting: gbdt]
[objective: lambdarank]
[metric: ndcg]
[tree_learner: serial]
[device_type: cpu]
[data: ]
[valid: ]
[num_iterations: 100]
[learning_rate: 0.1]
[num_leaves: 16]
[num_threads: -1]
[max_depth: -1]
[min_data_in_leaf: 5]
[min_sum_hessian_in_leaf: 0.001]
[bagging_fraction: 1]
[pos_bagging_fraction: 1]
[neg_bagging_fraction: 1]
[bagging_freq: 0]
[bagging_seed: 3]
[feature_fraction: 1]
[feature_fraction_bynode: 1]
[feature_fraction_seed: 2]
[early_stopping_round: 0]
[first_metric_only: 0]
[max_delta_step: 0]
[lambda_l1: 0]
[lambda_l2: 0]
[min_gain_to_split: 0]
[drop_rate: 0.1]
[max_drop: 50]
[skip_drop: 0.5]
[xgboost_dart_mode: 0]
[uniform_drop: 0]
[drop_seed: 4]
[top_rate: 0.2]
[other_rate: 0.1]
[min_data_per_group: 100]
[max_cat_threshold: 32]
[cat_l2: 10]
[cat_smooth: 10]
[max_cat_to_onehot: 4]
[top_k: 20]
[monotone_constraints: ]
[feature_contri: ]
[forcedsplits_filename: ]
[forcedbins_filename: ]
[refit_decay_rate: 0.9]
[cegb_tradeoff: 1]
[cegb_penalty_split: 0]
[cegb_penalty_feature_lazy: ]
[cegb_penalty_feature_coupled: ]
[verbosity: -1]
[max_bin: 255]
[max_bin_by_feature: ]
[min_data_in_bin: 3]
[bin_construct_sample_cnt: 200000]
[histogram_pool_size: -1]
[data_random_seed: 1]
[output_model: LightGBM_model.txt]
[snapshot_freq: -1]
[input_model: ]
[output_result: LightGBM_predict_result.txt]
[initscore_filename: ]
[valid_data_initscores: ]
[pre_partition: 0]
[enable_bundle: 1]
[max_conflict_rate: 0]
[is_enable_sparse: 1]
[sparse_threshold: 0.8]
[use_missing: 1]
[zero_as_missing: 0]
[two_round: 0]
[save_binary: 0]
[header: 0]
[label_column: ]
[weight_column: ]
[group_column: ]
[ignore_column: ]
[categorical_feature: ]
[predict_raw_score: 0]
[predict_leaf_index: 0]
[predict_contrib: 0]
[num_iteration_predict: -1]
[pred_early_stop: 0]
[pred_early_stop_freq: 10]
[pred_early_stop_margin: 10]
[convert_model_language: ]
[convert_model: gbdt_prediction.cpp]
[num_class: 1]
[is_unbalance: 0]
[scale_pos_weight: 1]
[sigmoid: 1]
[boost_from_average: 1]
[reg_sqrt: 0]
[alpha: 0.9]
[fair_c: 1]
[poisson_max_delta_step: 0.7]
[tweedie_variance_power: 1.5]
[max_position: 20]
[lambdamart_norm: 1]
[label_gain: ]
[metric_freq: 1]
[is_provide_training_metric: 0]
[eval_at: 1]
[multi_error_top_k: 1]
[num_machines: 1]
[local_listen_port: 12400]
[time_out: 120]
[machine_list_filename: ]
[machines: ]
[gpu_platform_id: -1]
[gpu_device_id: -1]
[gpu_use_dp: 0]

end of parameters

pandas_categorical:null
