tree
version=v3
num_class=1
num_tree_per_iteration=1
label_index=0
max_feature_idx=0
objective=lambdarank
feature_names=geographical
feature_infos=[0:1]
tree_sizes=833 844 849 852 847 850 851 853 854 858 858 856 858 858 857 858 859 857 862 862 861 862 864 866 866 867 865 865 866 864 863 866 865 869 871 869 871 871 872 872 872 869 868 871 874 874 871 871 871 872 870 872 873 875 874 873 875 874 875 877 875 878 873 873 874 875 872 874 880 879 878 878 876 878 876 876 880 878 879 878 881 880 876 876 878 876 877 879 880 878 879 879 880 882 875 883 878 880 878 879

Tree=0
num_leaves=7
num_cat=0
split_feature=0 0 0 0 0 0
split_gain=12.474 0.883019 0.357026 0.1595 0.05163 0.0121569
threshold=0.35000000000000003 1.0000000180025095e-35 0.15000000000000005 0.75000000000000011 0.45000000000000007 0.25000000000000006
decision_type=2 2 2 2 2 2
left_child=1 -1 -3 4 -2 -4
right_child=3 2 5 -5 -6 -7
leaf_value=0.13098797603275622 -0.12286179536980452 0.027580803706669068 0.08773240729629983 -0.095571005909128121 -0.1670344751950564 0.07504535100178153
leaf_weight=2.7036388907581568 1.1941674808040259 2.0177756454795599 1.6285400642082095 4.7595474515110254 0.33992287423461665 1.408472603186965
leaf_count=26 36 34 24 54 14 22
internal_value=0 0.848588 0.601859 -1.04609 -1.3265 0.818485
internal_weight=0 7.75843 5.05479 6.29364 1.53409 3.03701
internal_count=210 106 80 104 50 46
shrinkage=0.1


Tree=1
num_leaves=7
num_cat=0
split_feature=0 0 0 0 0 0
split_gain=4.41172 0.861093 1.20882 0.647312 0.134178 0.108282
threshold=0.35000000000000003 1.0000000180025095e-35 0.15000000000000005 0.75000000000000011 0.25000000000000006 0.45000000000000007
decision_type=2 2 2 2 2 2
left_child=1 -1 -3 5 -4 -2
right_child=3 2 4 -5 -6 -7
leaf_value=0.029399208299216578 -0.10716650130398092 -0.042619738588977885 0.0056735397229007237 -0.052153495533103056 0.024935315169725955 -0.1554794020593725
leaf_weight=16.905748724937439 1.8607047107070678 5.2223989386111525 9.347848176956175 3.4334634831175208 5.8985491991043082 0.61798273399472237
leaf_count=26 36 34 24 54 22 14
internal_value=0 0.126973 -0.0109727 -0.802679 0.131256 -1.19212
internal_weight=0 37.3745 20.4688 5.91215 15.2464 2.47869
internal_count=210 106 80 104 46 50
shrinkage=0.1


Tree=2
num_leaves=7
num_cat=0
split_feature=0 0 0 0 0 0
split_gain=2.6677 0.466215 0.356296 0.965187 0.0645164 6.32037e-06
threshold=0.35000000000000003 0.75000000000000011 1.0000000180025095e-35 0.15000000000000005 0.45000000000000007 0.25000000000000006
decision_type=2 2 2 2 2 2
left_child=2 4 -1 -4 -2 -5
right_child=1 -3 3 5 -6 -7
leaf_value=0.020098572539160229 -0.096088758691364656 -0.043907115873769734 -0.040500858917217886 0.012281529313070324 -0.14001684896126987 0.01241294620993753
leaf_weight=17.019700542092323 1.5130160991102446 3.2608346026390791 4.4713851958513269 6.1529516428709021 0.42917437199503167 9.0312858559191227
leaf_count=26 36 54 34 24 14 22
internal_value=0 -0.67009 0.0950637 0.00334641 -1.05796 0.123597
internal_weight=0 5.20303 36.6753 19.6556 1.94219 15.1842
internal_count=210 104 106 80 50 46
shrinkage=0.1


Tree=3
num_leaves=7
num_cat=0
split_feature=0 0 0 0 0 0
split_gain=1.8325 0.314813 0.211698 0.59547 0.0519862 0.00633981
threshold=0.35000000000000003 0.75000000000000011 1.0000000180025095e-35 0.15000000000000005 0.45000000000000007 0.25000000000000006
decision_type=2 2 2 2 2 2
left_child=2 4 -1 -4 -2 -5
right_child=1 -3 3 5 -6 -7
leaf_value=0.015828183889537308 -0.083889521457004249 -0.039208942107891338 -0.032907886039306451 0.0072667210902957443 -0.12764301611612119 0.011420572663759712
leaf_weight=17.021247789263725 1.3381909676827479 3.1687794579192996 4.1750571466982374 6.2055122815072528 0.34069500397890795 9.0078808031976223
leaf_count=26 36 54 34 24 14 22
internal_value=0 -0.577581 0.0769004 0.00545509 -0.927684 0.0972623
internal_weight=0 4.84767 36.4097 19.3885 1.67889 15.2134
internal_count=210 104 106 80 50 46
shrinkage=0.1


Tree=4
num_leaves=7
num_cat=0
split_feature=0 0 0 0 0 0
split_gain=1.39143 0.217459 0.140564 0.460078 0.0445245 0.0114586
threshold=0.35000000000000003 0.75000000000000011 1.0000000180025095e-35 0.15000000000000005 0.45000000000000007 0.25000000000000006
decision_type=2 2 2 2 2 2
left_child=2 4 -1 -4 -2 -5
right_child=1 -3 3 5 -6 -7
leaf_value=0.013246087547552368 -0.07399252530564672 -0.036210484406685194 -0.028990826348482712 0.0055460932983610167 -0.11763890279265957 0.011193020234018245
leaf_weight=17.037481620907784 1.2575308843515802 3.1136016305536032 4.0860159676522025 6.0646477192640296 0.2870799098163842 8.81857955083251
leaf_count=26 36 54 34 24 14 22
internal_value=0 -0.514285 0.0665333 0.00731957 -0.821046 0.08892
internal_weight=0 4.65821 36.0067 18.9692 1.54461 14.8832
internal_count=210 104 106 80 50 46
shrinkage=0.1


Tree=5
num_leaves=7
num_cat=0
split_feature=0 0 0 0 0 0
split_gain=1.11071 0.155447 0.100726 0.385106 0.0383477 0.0133418
threshold=0.35000000000000003 0.75000000000000011 1.0000000180025095e-35 0.15000000000000005 0.45000000000000007 0.25000000000000006
decision_type=2 2 2 2 2 2
left_child=2 4 -1 -4 -2 -5
right_child=1 -3 3 5 -6 -7
leaf_value=0.011477371739834387 -0.066154288233320757 -0.033875152585012828 -0.026451238391019139 0.0047661192580148665 -0.10921158309630022 0.010928328358734909
leaf_weight=17.052037447690964 1.2092004069127131 3.071730372030288 4.0467071533203134 5.9223423786461344 0.24953002994880069 8.6382795367389917
leaf_count=26 36 54 34 24 14 22
internal_value=0 -0.4664 0.0592553 0.00837741 -0.735197 0.0842193
internal_weight=0 4.53046 35.6594 18.6073 1.45873 14.5606
internal_count=210 104 106 80 50 46
shrinkage=0.1


Tree=6
num_leaves=7
num_cat=0
split_feature=0 0 0 0 0 0
split_gain=0.913351 0.114743 0.0767418 0.33174 0.032914 0.0133179
threshold=0.35000000000000003 0.75000000000000011 1.0000000180025095e-35 0.15000000000000005 0.45000000000000007 0.25000000000000006
decision_type=2 2 2 2 2 2
left_child=2 4 -1 -4 -2 -5
right_child=1 -3 3 5 -6 -7
leaf_value=0.010185036259902823 -0.059870197723234299 -0.031891600897949499 -0.024512836101385618 0.0043078669292688429 -0.10192123577891848 0.010519312668105435
leaf_weight=17.062292411923409 1.1738366438075889 3.0364488917402923 4.0208051176741728 5.8126228079199782 0.22121216263622037 8.498894065618515
leaf_count=26 36 54 34 24 14 22
internal_value=0 -0.427985 0.0535848 0.00866295 -0.665382 0.0799653
internal_weight=0 4.4315 35.3946 18.3323 1.39505 14.3115
internal_count=210 104 106 80 50 46
shrinkage=0.1


Tree=7
num_leaves=7
num_cat=0
split_feature=0 0 0 0 0 0
split_gain=0.767009 0.0869834 0.0613676 0.28957 0.0281799 0.0123984
threshold=0.35000000000000003 0.75000000000000011 1.0000000180025095e-35 0.15000000000000005 0.45000000000000007 0.25000000000000006
decision_type=2 2 2 2 2 2
left_child=2 4 -1 -4 -2 -5
right_child=1 -3 3 5 -6 -7
leaf_value=0.0091991773301915054 -0.054724664985140427 -0.030157518720572582 -0.022909963877004749 0.0039840094163143156 -0.095497438254371916 0.010017465900396892
leaf_weight=17.069271713495255 1.1453078398481 3.0056844498030841 3.9995322320610294 5.7311796806752673 0.1989586348645388 8.3946843445301056
leaf_count=26 36 54 34 24 14 22
internal_value=0 -0.396144 0.0489621 0.00843976 -0.607593 0.0756956
internal_weight=0 4.34995 35.1947 18.1254 1.34427 14.1259
internal_count=210 104 106 80 50 46
shrinkage=0.1


Tree=8
num_leaves=7
num_cat=0
split_feature=0 0 0 0 0 0
split_gain=0.654723 0.0673805 0.050934 0.254844 0.0241154 0.0111495
threshold=0.35000000000000003 0.75000000000000011 1.0000000180025095e-35 0.15000000000000005 0.45000000000000007 0.25000000000000006
decision_type=2 2 2 2 2 2
left_child=2 4 -1 -4 -2 -5
right_child=1 -3 3 5 -6 -7
leaf_value=0.008421044026431455 -0.05042486481192833 -0.028622604652111056 -0.021530789824921924 0.003727841923097715 -0.089761889798429584 0.0094786441219316085
leaf_weight=17.074134930968285 1.1212282413616765 2.9784924369305372 3.9805996119976053 5.669905796647071 0.18100275681354092 8.3159562684595585
leaf_count=26 36 54 34 24 14 22
internal_value=0 -0.369183 0.0451011 0.00793426 -0.558925 0.0714725
internal_weight=0 4.28072 35.0406 17.9665 1.30223 13.9859
internal_count=210 104 106 80 50 46
shrinkage=0.1


Tree=9
num_leaves=7
num_cat=0
split_feature=0 0 0 0 0 0
split_gain=0.56637 0.0531111 0.0435383 0.225771 0.0206592 0.00986305
threshold=0.35000000000000003 0.75000000000000011 1.0000000180025095e-35 0.15000000000000005 0.45000000000000007 0.25000000000000006
decision_type=2 2 2 2 2 2
left_child=2 4 -1 -4 -2 -5
right_child=1 -3 3 5 -6 -7
leaf_value=0.0077914553709105706 -0.04676657147653733 -0.027254270588619778 -0.020322526310306697 0.0035089504283955589 -0.084588319126876477 0.0089393684835742688
leaf_weight=17.077596172690392 1.1004145687911648 2.9542669495567679 3.9632923239842066 5.6226161494851103 0.16623878711834539 8.2551959361881018
leaf_count=26 36 54 34 24 14 22
internal_value=0 -0.345993 0.0418231 0.00727624 -0.517304 0.0673923
internal_weight=0 4.22092 34.9187 17.8411 1.26665 13.8778
internal_count=210 104 106 80 50 46
shrinkage=0.1


Tree=10
num_leaves=7
num_cat=0
split_feature=0 0 0 0 0 0
split_gain=0.495456 0.0424699 0.0380879 0.201174 0.0177309 0.00864843
threshold=0.35000000000000003 0.75000000000000011 1.0000000180025095e-35 0.15000000000000005 0.45000000000000007 0.25000000000000006
decision_type=2 2 2 2 2 2
left_child=2 4 -1 -4 -2 -5
right_child=1 -3 3 5 -6 -7
leaf_value=0.0072711021137835371 -0.04360974842943996 -0.026026797807475455 -0.019250531393972176 0.003316727740508263 -0.079883533946819463 0.0084179495917398005
leaf_weight=17.080095231533051 1.0821801789570589 2.9325471352785826 3.9473575390875348 5.5851044543087474 0.15392148424871255 8.2071634046733379
leaf_count=26 36 54 34 24 14 22
internal_value=0 -0.325799 0.0390049 0.00655201 -0.481266 0.0635224
internal_weight=0 4.16865 34.8197 17.7396 1.2361 13.7923
internal_count=210 104 106 80 50 46
shrinkage=0.1


Tree=11
num_leaves=7
num_cat=0
split_feature=0 0 0 0 0 0
split_gain=0.437578 0.0343738 0.033935 0.180194 0.0152522 0.00755833
threshold=0.35000000000000003 0.75000000000000011 1.0000000180025095e-35 0.15000000000000005 0.45000000000000007 0.25000000000000006
decision_type=2 2 2 2 2 2
left_child=2 4 -1 -4 -2 -5
right_child=1 -3 3 5 -6 -7
leaf_value=0.0068331936967901789 -0.040853150436681231 -0.024918889426532427 -0.018290416229495017 0.0031434577900253721 -0.075577103761015493 0.007924722888734961
leaf_weight=17.081890866160393 1.0660544785205264 2.9129516184329987 3.932646770030261 5.5546233635395756 0.14352520718239237 8.1683136932551861
leaf_count=26 36 54 34 24 14 22
internal_value=0 -0.30803 0.036556 0.00581267 -0.449734 0.0598941
internal_weight=0 4.12253 34.7375 17.6556 1.20958 13.7229
internal_count=210 104 106 80 50 46
shrinkage=0.1


Tree=12
num_leaves=7
num_cat=0
split_feature=0 0 0 0 0 0
split_gain=0.389674 0.0306881 0.162193 0.0281043 0.0131552 0.00660329
threshold=0.35000000000000003 1.0000000180025095e-35 0.15000000000000005 0.75000000000000011 0.45000000000000007 0.25000000000000006
decision_type=2 2 2 2 2 2
left_child=1 -1 -3 4 -2 -4
right_child=3 2 5 -5 -6 -7
leaf_value=0.0064594680561210873 -0.038420842392172479 -0.017425433822931269 0.0029849910899942375 -0.023914197782808292 -0.071616538300785612 0.0074636349236532652
leaf_weight=17.083118587732315 1.0516880564391602 3.9190524732694039 5.5293264910578719 2.8951815515756607 0.13466765661723901 8.136185958981514
leaf_count=26 36 34 24 54 14 22
internal_value=0 0.0344088 0.00508362 -0.29226 -0.42189 0.0565149
internal_weight=0 34.6677 17.5846 4.08154 1.18636 13.6655
internal_count=210 106 80 104 50 46
shrinkage=0.1


Tree=13
num_leaves=7
num_cat=0
split_feature=0 0 0 0 0 0
split_gain=0.349541 0.028076 0.146647 0.0231784 0.0113777 0.00577492
threshold=0.35000000000000003 1.0000000180025095e-35 0.15000000000000005 0.75000000000000011 0.45000000000000007 0.25000000000000006
decision_type=2 2 2 2 2 2
left_child=1 -1 -3 4 -2 -4
right_child=3 2 5 -5 -6 -7
leaf_value=0.0061357912933233776 -0.036256573195427931 -0.016640645061752217 0.0028398213844231428 -0.022998723418344327 -0.06795826138476023 0.0070358063296965187
leaf_weight=17.083875387907028 1.0388194718398143 3.9064961811527619 5.5079374294728032 2.8789860778488219 0.12705823522992421 8.1090492568910122
leaf_count=26 36 34 24 54 14 22
internal_value=0 0.0325109 0.00438762 -0.278159 -0.397114 0.0533857
internal_weight=0 34.6074 17.5235 4.04486 1.16588 13.617
internal_count=210 106 80 104 50 46
shrinkage=0.1


Tree=14
num_leaves=7
num_cat=0
split_feature=0 0 0 0 0 0
split_gain=0.315548 0.02593 0.133149 0.0192578 0.00986894 0.00506335
threshold=0.35000000000000003 1.0000000180025095e-35 0.15000000000000005 0.75000000000000011 0.45000000000000007 0.25000000000000006
decision_type=2 2 2 2 2 2
left_child=1 -1 -3 4 -2 -4
right_child=3 2 5 -5 -6 -7
leaf_value=0.0058522687096672736 -0.03431576919142456 -0.015925288679907619 0.0027055505307655627 -0.022160721705316265 -0.064568651200981597 0.0066407368408375345
leaf_weight=17.084212943911552 1.0272359533701081 3.8948980788700291 5.489575443789362 2.864156023832038 0.12047574517782766 8.0856726318597794
leaf_count=26 36 34 24 54 14 22
internal_value=0 0.0308213 0.00373195 -0.265465 -0.374914 0.0504942
internal_weight=0 34.5544 17.4701 4.01187 1.14771 13.5752
internal_count=210 106 80 104 50 46
shrinkage=0.1


Tree=15
num_leaves=7
num_cat=0
split_feature=0 0 0 0 0 0
split_gain=0.286488 0.0241272 0.121364 0.0161032 0.00858613 0.00445357
threshold=0.35000000000000003 1.0000000180025095e-35 0.15000000000000005 0.75000000000000011 0.45000000000000007 0.25000000000000006
decision_type=2 2 2 2 2 2
left_child=1 -1 -3 4 -2 -4
right_child=3 2 5 -5 -6 -7
leaf_value=0.005601092969693946 -0.032564194299842718 -0.015269596675743317 0.0025811826117372832 -0.021390638299611391 -0.061420853959955848 0.006276914944067096
leaf_weight=17.08417920768261 1.0167695260606699 3.8841890315525243 5.473602754995226 2.8505209221038967 0.11474769143387664 8.0651396326720715
leaf_count=26 36 34 24 54 14 22
internal_value=0 0.0293078 0.00312379 -0.253972 -0.354906 0.0478276
internal_weight=0 34.5071 17.4229 3.98204 1.13152 13.5387
internal_count=210 106 80 104 50 46
shrinkage=0.1


Tree=16
num_leaves=7
num_cat=0
split_feature=0 0 0 0 0 0
split_gain=0.261429 0.0225917 0.111034 0.0135392 0.00749175 0.00393391
threshold=0.35000000000000003 1.0000000180025095e-35 0.15000000000000005 0.75000000000000011 0.45000000000000007 0.25000000000000006
decision_type=2 2 2 2 2 2
left_child=1 -1 -3 4 -2 -4
right_child=3 2 5 -5 -6 -7
leaf_value=0.0053768251234318203 -0.030973973022703796 -0.014667360017607945 0.0024649003792190571 -0.020680254001348011 -0.058489422841244157 0.0059425929387400094
leaf_weight=17.083782151341438 1.0072783967480057 3.8743002326227733 5.459550190716981 2.8379326844587922 0.10973330971319216 8.0468094367533922
leaf_count=26 36 34 24 54 14 22
internal_value=0 0.0279438 0.00256055 -0.24351 -0.33677 0.0453684
internal_weight=0 34.4644 17.3807 3.95494 1.11701 13.5064
internal_count=210 106 80 104 50 46
shrinkage=0.1


Tree=17
num_leaves=7
num_cat=0
split_feature=0 0 0 0 0 0
split_gain=0.239657 0.0212481 0.101925 0.0114405 0.0065563 0.00348945
threshold=0.35000000000000003 1.0000000180025095e-35 0.15000000000000005 0.75000000000000011 0.45000000000000007 0.25000000000000006
decision_type=2 2 2 2 2 2
left_child=1 -1 -3 4 -2 -4
right_child=3 2 5 -5 -6 -7
leaf_value=0.0051740234525484621 -0.029524179551530264 -0.014110215934653262 0.0023569394045928772 -0.020022308448111328 -0.055756638831554878 0.0056358935628320599
leaf_weight=17.083084136247635 0.99865297507494621 3.8651799177750954 5.4470639415085307 2.826266614254564 0.105323652504012 8.0301467552781105
leaf_count=26 36 34 24 54 14 22
internal_value=0 0.0267085 0.002051 -0.233943 -0.320269 0.0431064
internal_weight=0 34.4255 17.3424 3.93024 1.10398 13.4772
internal_count=210 106 80 104 50 46
shrinkage=0.1


Tree=18
num_leaves=7
num_cat=0
split_feature=0 0 0 0 0 0
split_gain=0.220614 0.0200653 0.093872 0.00970654 0.00575417 0.00310739
threshold=0.35000000000000003 1.0000000180025095e-35 0.15000000000000005 0.75000000000000011 0.45000000000000007 0.25000000000000006
decision_type=2 2 2 2 2 2
left_child=1 -1 -3 4 -2 -4
right_child=3 2 5 -5 -6 -7
leaf_value=0.0049898483159368937 -0.028195444721692355 -0.013594759675846821 0.0022566874256687826 -0.019411617872056593 -0.053203491296154627 0.0053540291230180998
leaf_weight=17.082081139087677 0.99078695313073628 3.8567621964029977 5.4358674753457299 2.8154260539449751 0.10142630978953092 8.014816964045167
leaf_count=26 36 34 24 54 14 22
internal_value=0 0.0255845 0.0015871 -0.225159 -0.305178 0.0410229
internal_weight=0 34.3895 17.3074 3.90764 1.09221 13.4507
internal_count=210 106 80 104 50 46
shrinkage=0.1


Tree=19
num_leaves=7
num_cat=0
split_feature=0 0 0 0 0 0
split_gain=0.203849 0.0190084 0.0867119 0.00826535 0.00506488 0.00278134
threshold=0.35000000000000003 1.0000000180025095e-35 0.15000000000000005 0.75000000000000011 0.45000000000000007 0.25000000000000006
decision_type=2 2 2 2 2 2
left_child=1 -1 -3 4 -2 -4
right_child=3 2 5 -5 -6 -7
leaf_value=0.0048212449597251732 -0.026972968780440688 -0.013115367306642948 0.0021624087296933238 -0.01884269384960504 -0.050815928263565568 0.0050954323803223704
leaf_weight=17.080810725688934 0.98359898850321692 3.8489911360666165 5.4257658645510665 2.8053164866287261 0.0979680613381788 8.0005328897386789
leaf_count=26 36 34 24 54 14 22
internal_value=0 0.0245571 0.00116812 -0.21706 -0.291327 0.0391015
internal_weight=0 34.3561 17.2753 3.88688 1.08157 13.4263
internal_count=210 106 80 104 50 46
shrinkage=0.1


Tree=20
num_leaves=7
num_cat=0
split_feature=0 0 0 0 0 0
split_gain=0.18901 0.0180485 0.0803302 0.0070608 0.0044712 0.00250106
threshold=0.35000000000000003 1.0000000180025095e-35 0.15000000000000005 0.75000000000000011 0.45000000000000007 0.25000000000000006
decision_type=2 2 2 2 2 2
left_child=1 -1 -3 4 -2 -4
right_child=3 2 5 -5 -6 -7
leaf_value=0.0046656478532348189 -0.025844557348022174 -0.012668623448907497 0.0020746220143283058 -0.018311310721608028 -0.048581571693137766 0.0048582863336575129
leaf_weight=17.079311832785606 0.97701674723066323 3.841821595560762 5.4165816623717529 2.795862844446674 0.094888112857006476 7.9870705548673868
leaf_count=26 36 34 24 54 14 22
internal_value=0 0.0236145 0.000794553 -0.209569 -0.278573 0.0373337
internal_weight=0 34.3248 17.2455 3.86777 1.0719 13.4037
internal_count=210 106 80 104 50 46
shrinkage=0.1


Tree=21
num_leaves=7
num_cat=0
split_feature=0 0 0 0 0 0
split_gain=0.175798 0.0171742 0.0746093 0.00604729 0.00395795 0.00226052
threshold=0.35000000000000003 1.0000000180025095e-35 0.15000000000000005 0.75000000000000011 0.45000000000000007 0.25000000000000006
decision_type=2 2 2 2 2 2
left_child=1 -1 -3 4 -2 -4
right_child=3 2 5 -5 -6 -7
leaf_value=0.0045215621769262113 -0.024798652785426208 -0.012250644298533751 0.0019917308397547156 -0.017813565038098153 -0.046486326464451999 0.0046402347022367367
leaf_weight=17.077592670917511 0.97097153565846317 3.835193608421835 5.4081920441240054 2.7869979494716972 0.092132792458869517 7.974290257319808
leaf_count=26 36 34 24 54 14 22
internal_value=0 0.022746 0.000459207 -0.202613 -0.266782 0.0356991
internal_weight=0 34.2953 17.2177 3.8501 1.0631 13.3825
internal_count=210 106 80 104 50 46
shrinkage=0.1


Tree=22
num_leaves=7
num_cat=0
split_feature=0 0 0 0 0 0
split_gain=0.163985 0.0163723 0.069474 0.00519066 0.00351349 0.00205243
threshold=0.35000000000000003 1.0000000180025095e-35 0.15000000000000005 0.75000000000000011 0.45000000000000007 0.25000000000000006
decision_type=2 2 2 2 2 2
left_child=1 -1 -3 4 -2 -4
right_child=3 2 5 -5 -6 -7
leaf_value=0.0043875782008995666 -0.023826606631300731 -0.011859570597941922 0.001914016538006622 -0.017346440656933904 -0.044521004251186186 0.0044395314753407061
leaf_weight=17.075679197907448 0.9654103720095002 3.8290672181174186 5.4004782903939468 2.7786659358534962 0.089660822239238769 7.9620747677981853
leaf_count=26 36 34 24 54 14 22
internal_value=0 0.0219434 0.000159027 -0.196138 -0.255852 0.0341884
internal_weight=0 34.2673 17.1916 3.83374 1.05507 13.3626
internal_count=210 106 80 104 50 46
shrinkage=0.1


Tree=23
num_leaves=7
num_cat=0
split_feature=0 0 0 0 0 0
split_gain=0.153373 0.015626 0.0648433 0.00446451 0.00312728 0.00187135
threshold=0.35000000000000003 1.0000000180025095e-35 0.15000000000000005 0.75000000000000011 0.45000000000000007 0.25000000000000006
decision_type=2 2 2 2 2 2
left_child=1 -1 -3 4 -2 -4
right_child=3 2 5 -5 -6 -7
leaf_value=0.0042620280650596688 -0.022921371588834324 -0.011491960339139589 0.0018415070301268746 -0.016906751340458558 -0.04267570821324157 0.0042547047059924422
leaf_weight=17.073607474565506 0.96028805989772004 3.8234028480947044 5.3933535814285261 2.7708147305529565 0.087435269670095295 7.9503243956714869
leaf_count=26 36 34 24 54 14 22
internal_value=0 0.0211993 -0.000104976 -0.190094 -0.245699 0.0327932
internal_weight=0 34.2407 17.1671 3.81854 1.04772 13.3437
internal_count=210 106 80 104 50 46
shrinkage=0.1


Tree=24
num_leaves=7
num_cat=0
split_feature=0 0 0 0 0 0
split_gain=0.143803 0.0149324 0.0606588 0.00384492 0.00279084 0.00171298
threshold=0.35000000000000003 1.0000000180025095e-35 0.15000000000000005 0.75000000000000011 0.45000000000000007 0.25000000000000006
decision_type=2 2 2 2 2 2
left_child=1 -1 -3 4 -2 -4
right_child=3 2 5 -5 -6 -7
leaf_value=0.0041442563200674359 -0.022075217073510053 -0.011146379149440909 0.0017736821176846263 -0.016492490608986079 -0.040940780223723702 0.0040840241348561387
leaf_weight=17.071392700076103 0.95555547950789266 3.8181576370261636 5.3867432978004199 2.7634043891448528 0.08542454126290977 7.9389834553003311
leaf_count=26 36 34 24 54 14 22
internal_value=0 0.0205075 -0.000339049 -0.184437 -0.236234 0.031501
internal_weight=0 34.2153 17.1439 3.80438 1.04098 13.3257
internal_count=210 106 80 104 50 46
shrinkage=0.1


Tree=25
num_leaves=7
num_cat=0
split_feature=0 0 0 0 0 0
split_gain=0.135136 0.0142847 0.0568586 0.00331555 0.00249722 0.00157583
threshold=0.35000000000000003 1.0000000180025095e-35 0.15000000000000005 0.75000000000000011 0.45000000000000007 0.25000000000000006
decision_type=2 2 2 2 2 2
left_child=1 -1 -3 4 -2 -4
right_child=3 2 5 -5 -6 -7
leaf_value=0.0040333751712437263 -0.021282959612368934 -0.010820228706205335 0.0017091668457553299 -0.016100882986965735 -0.039309343463215518 0.0039264636788341562
leaf_weight=17.069057062268257 0.95117811870295488 3.8132907212711897 5.3805961329489929 2.7563903892878443 0.083603764185681953 7.9280006680637598
leaf_count=26 36 34 24 54 14 22
internal_value=0 0.0198622 -0.00054628 -0.179128 -0.227394 0.0303002
internal_weight=0 34.1909 17.1219 3.79117 1.03478 13.3086
internal_count=210 106 80 104 50 46
shrinkage=0.1


Tree=26
num_leaves=7
num_cat=0
split_feature=0 0 0 0 0 0
split_gain=0.127261 0.0136729 0.053401 0.00286116 0.00223997 0.00145434
threshold=0.35000000000000003 1.0000000180025095e-35 0.15000000000000005 0.75000000000000011 0.45000000000000007 0.25000000000000006
decision_type=2 2 2 2 2 2
left_child=1 -1 -3 4 -2 -4
right_child=3 2 5 -5 -6 -7
leaf_value=0.0039283335498109659 -0.020539367877527061 -0.010511780422827861 0.0016492488638430677 -0.015730416930395473 -0.037772713412260378 0.0037806183119851095
leaf_weight=17.066632717847824 0.94711993064265632 3.8087755036540356 5.3748481124639493 2.749744828324765 0.081948596693109735 7.9173233099281788
leaf_count=26 36 34 24 54 14 22
internal_value=0 0.019259 -0.000725207 -0.174137 -0.219117 0.0291877
internal_weight=0 34.1676 17.1009 3.77881 1.02907 13.2922
internal_count=210 106 80 104 50 46
shrinkage=0.1


Tree=27
num_leaves=7
num_cat=0
split_feature=0 0 0 0 0 0
split_gain=0.120084 0.0131009 0.0502521 0.00247059 0.00201398 0.00134709
threshold=0.35000000000000003 1.0000000180025095e-35 0.15000000000000005 0.75000000000000011 0.45000000000000007 0.25000000000000006
decision_type=2 2 2 2 2 2
left_child=1 -1 -3 4 -2 -4
right_child=3 2 5 -5 -6 -7
leaf_value=0.0038291362097657949 -0.019840494802428506 -0.010220728737760237 0.0015927872618040244 -0.015379163492339386 -0.036324355234647686 0.0036452200161124029
leaf_weight=17.064120173454285 0.94335459242574804 3.8045779727399376 5.3694577086716873 2.743433513911441 0.080440519086550907 7.9069528952240944
leaf_count=26 36 34 24 54 14 22
internal_value=0 0.0186938 -0.000884359 -0.169436 -0.211356 0.0281514
internal_weight=0 34.1451 17.081 3.76723 1.0238 13.2764
internal_count=210 106 80 104 50 46
shrinkage=0.1


Tree=28
num_leaves=7
num_cat=0
split_feature=0 0 0 0 0 0
split_gain=0.113518 0.0125603 0.0473663 0.00213393 0.00181522 0.00125252
threshold=0.35000000000000003 1.0000000180025095e-35 0.15000000000000005 0.75000000000000011 0.45000000000000007 0.25000000000000006
decision_type=2 2 2 2 2 2
left_child=1 -1 -3 4 -2 -4
right_child=3 2 5 -5 -6 -7
leaf_value=0.0037348609333479731 -0.019182054399650907 -0.0099442321117898802 0.0015393250121995975 -0.015045427287873107 -0.034958754471639701 0.0035194735240574406
leaf_weight=17.061546519398689 0.93985345575492762 3.8006646470166769 5.364392848685382 2.7374292989261448 0.079063351266086102 7.896848700940609
leaf_count=26 36 34 24 54 14 22
internal_value=0 0.0181629 -0.00102239 -0.164996 -0.204063 0.0271847
internal_weight=0 34.1235 17.0619 3.75635 1.01892 13.2612
internal_count=210 106 80 104 50 46
shrinkage=0.1


Tree=29
num_leaves=7
num_cat=0
split_feature=0 0 0 0 0 0
split_gain=0.107498 0.0120516 0.0447194 0.00184294 0.00163987 0.00116847
threshold=0.35000000000000003 1.0000000180025095e-35 0.15000000000000005 0.75000000000000011 0.45000000000000007 0.25000000000000006
decision_type=2 2 2 2 2 2
left_child=1 -1 -3 4 -2 -4
right_child=3 2 5 -5 -6 -7
leaf_value=0.0036453598736429769 -0.018560668984914843 -0.009681894570646412 0.0014887129236570028 -0.014728084359853941 -0.033669681652373717 0.003402260397050199
leaf_weight=17.058915317058563 0.9365922323195256 3.7970120785757926 5.3596186414360982 2.7317102272063494 0.077802408020943389 7.8870055824518204
leaf_count=26 36 34 24 54 14 22
internal_value=0 0.0176633 -0.00114394 -0.160797 -0.197195 0.0262803
internal_weight=0 34.1026 17.0436 3.7461 1.01439 13.2466
internal_count=210 106 80 104 50 46
shrinkage=0.1


Tree=30
num_leaves=7
num_cat=0
split_feature=0 0 0 0 0 0
split_gain=0.10196 0.0115705 0.0422856 0.00159065 0.00148484 0.00109307
threshold=0.35000000000000003 1.0000000180025095e-35 0.15000000000000005 0.75000000000000011 0.45000000000000007 0.25000000000000006
decision_type=2 2 2 2 2 2
left_child=1 -1 -3 4 -2 -4
right_child=3 2 5 -5 -6 -7
leaf_value=0.003560089946638114 -0.017972843434822174 -0.0094324696749597918 0.0014410789487084483 -0.014425875872282865 -0.032451651151625176 0.0032927715379927496
leaf_weight=17.056253120303154 0.93354933173395616 3.7935996614396599 5.355107191950081 2.7262539111543447 0.076644692395348102 7.8773924112319946
leaf_count=26 36 34 24 54 14 22
internal_value=0 0.017192 -0.00124951 -0.156818 -0.190714 0.025434
internal_weight=0 34.0824 17.0261 3.73645 1.01019 13.2325
internal_count=210 106 80 104 50 46
shrinkage=0.1


Tree=31
num_leaves=7
num_cat=0
split_feature=0 0 0 0 0 0
split_gain=0.0968543 0.0111127 0.0400429 0.00137201 0.00134735 0.00102557
threshold=0.35000000000000003 1.0000000180025095e-35 0.15000000000000005 0.75000000000000011 0.45000000000000007 0.25000000000000006
decision_type=2 2 2 2 2 2
left_child=1 -1 -3 4 -2 -4
right_child=3 2 5 -5 -6 -7
leaf_value=0.003478537284397256 -0.017416413703835343 -0.0091948558351682471 0.0013961744821038788 -0.014137503899437829 -0.031299708429187549 0.0031906473404536024
leaf_weight=17.053568407893181 0.93070636456832223 3.7904099184088436 5.3508310131728631 2.7210406842641532 0.075579293945338577 7.8680086974054575
leaf_count=26 36 34 24 54 14 22
internal_value=0 0.0167467 -0.001339 -0.153042 -0.184591 0.0246427
internal_weight=0 34.0628 17.0092 3.72733 1.00629 13.2188
internal_count=210 106 80 104 50 46
shrinkage=0.1


Tree=32
num_leaves=7
num_cat=0
split_feature=0 0 0 0 0 0
split_gain=0.0921371 0.0106797 0.0379744 0.00118218 0.00122524 0.000964095
threshold=0.35000000000000003 1.0000000180025095e-35 0.15000000000000005 0.75000000000000011 0.45000000000000007 0.25000000000000006
decision_type=2 2 2 2 2 2
left_child=1 -1 -3 4 -2 -4
right_child=3 2 5 -5 -6 -7
leaf_value=0.0034006937280276553 -0.016888964155187414 -0.0089687395912768225 0.0013541049244063983 -0.013862190420931429 -0.030209979505832658 0.0030947658587638892
leaf_weight=17.050866439938545 0.92804741195868645 3.7874208539724377 5.3467665258795005 2.7160550102125853 0.074597306957002729 7.8588540498167276
leaf_count=26 36 34 24 54 14 22
internal_value=0 0.0163253 -0.00141646 -0.149455 -0.178801 0.0239
internal_weight=0 34.0439 16.993 3.7187 1.00264 13.2056
internal_count=210 106 80 104 50 46
shrinkage=0.1


Tree=33
num_leaves=7
num_cat=0
split_feature=0 0 0 0 0 0
split_gain=0.0877681 0.0102702 0.0360574 0.00101698 0.00111638 0.000909047
threshold=0.35000000000000003 1.0000000180025095e-35 0.15000000000000005 0.75000000000000011 0.45000000000000007 0.25000000000000006
decision_type=2 2 2 2 2 2
left_child=1 -1 -3 4 -2 -4
right_child=3 2 5 -5 -6 -7
leaf_value=0.0033263299512180343 -0.01638800758739041 -0.0087527550866007674 0.0013137994695270464 -0.013599056222967585 -0.029177035584167794 0.003004788207243658
leaf_weight=17.048153668642044 0.92555560462642406 3.7846077987924245 5.3429046720266324 2.7112811338156462 0.073689380835276097 7.8499139752238989
leaf_count=26 36 34 24 54 14 22
internal_value=0 0.0159259 -0.00148368 -0.146041 -0.173311 0.0231996
internal_weight=0 34.0256 16.9774 3.71053 0.999245 13.1928
internal_count=210 106 80 104 50 46
shrinkage=0.1


Tree=34
num_leaves=7
num_cat=0
split_feature=0 0 0 0 0 0
split_gain=0.0837122 0.00988022 0.0342804 0.000873363 0.00101933 0.00085852
threshold=0.35000000000000003 1.0000000180025095e-35 0.15000000000000005 0.75000000000000011 0.45000000000000007 0.25000000000000006
decision_type=2 2 2 2 2 2
left_child=1 -1 -3 4 -2 -4
right_child=3 2 5 -5 -6 -7
leaf_value=0.0032549937703073243 -0.015911768174155762 -0.0085463733945029055 0.0012760536252658372 -0.013347034962703758 -0.028198535822517135 0.0029200845675104231
leaf_weight=17.045449167490005 0.92321903421543483 3.7819668413139906 5.3392233960330469 2.706702513853088 0.072849172749556615 7.8411726895719767
leaf_count=26 36 34 24 54 14 22
internal_value=0 0.0155466 -0.00153993 -0.142787 -0.168104 0.0225411
internal_weight=0 34.0078 16.9624 3.70277 0.996068 13.1804
internal_count=210 106 80 104 50 46
shrinkage=0.1


Tree=35
num_leaves=7
num_cat=0
split_feature=0 0 0 0 0 0
split_gain=0.0799377 0.00950932 0.0326296 0.00081295 0.000748221 0.000932462
threshold=0.35000000000000003 1.0000000180025095e-35 0.15000000000000005 0.25000000000000006 0.75000000000000011 0.45000000000000007
decision_type=2 2 2 2 2 2
left_child=1 -1 -3 -4 5 -2
right_child=4 2 3 -5 -6 -7
leaf_value=0.0031865272952821032 -0.015458088209372304 -0.0083489885459497315 0.0012400239091454987 0.0028404940984810005 -0.013105404623925433 -0.027269454527524346
leaf_weight=17.042748957872391 0.92102205031551365 3.7794758910313275 5.3357069473713619 7.8326397184282541 2.7023057946935296 0.072069258836563663
leaf_count=26 36 34 24 22 54 14
internal_value=0 0.0151858 -0.00158712 0.02192 -0.13968 -0.163152
internal_weight=0 33.9906 16.9478 13.1683 3.6954 0.993091
internal_count=210 106 80 46 104 50
shrinkage=0.1


Tree=36
num_leaves=7
num_cat=0
split_feature=0 0 0 0 0 0
split_gain=0.0764234 0.00915753 0.0310911 0.000770486 0.000639375 0.000854578
threshold=0.35000000000000003 1.0000000180025095e-35 0.15000000000000005 0.25000000000000006 0.75000000000000011 0.45000000000000007
decision_type=2 2 2 2 2 2
left_child=1 -1 -3 -4 5 -2
right_child=4 2 3 -5 -6 -7
leaf_value=0.0031209063707444535 -0.015026141994732232 -0.0081597953672637412 0.0012062089378000137 0.0027649470881610178 -0.012873778489789052 -0.026387525955767578
leaf_weight=17.040060043334961 0.9189591204049059 3.777124012354764 5.3323452137410623 7.8243021667003632 2.6980830610264093 0.071344659547321498
leaf_count=26 36 34 24 22 54 14
internal_value=0 0.0148425 -0.00162684 0.021332 -0.136714 -0.158447
internal_weight=0 33.9738 16.9338 13.1566 3.68839 0.990304
internal_count=210 106 80 46 104 50
shrinkage=0.1


Tree=37
num_leaves=7
num_cat=0
split_feature=0 0 0 0 0 0
split_gain=0.0731412 0.00882205 0.0296599 0.000732001 0.000544405 0.000784719
threshold=0.35000000000000003 1.0000000180025095e-35 0.15000000000000005 0.25000000000000006 0.75000000000000011 0.45000000000000007
decision_type=2 2 2 2 2 2
left_child=1 -1 -3 -4 5 -2
right_child=4 2 3 -5 -6 -7
leaf_value=0.0030577638205325931 -0.014613454931271544 -0.0079788306825147107 0.0011740018869014835 0.00269390584789866 -0.012651362272641846 -0.025549509664811499
leaf_weight=17.037396088242531 0.91701275808736626 3.7749068350531187 5.3291273321956378 7.8161488976329565 2.6940223379060626 0.070669938693754375
leaf_count=26 36 34 24 22 54 14
internal_value=0 0.014515 -0.00165895 0.0207773 -0.133876 -0.153959
internal_weight=0 33.9576 16.9202 13.1453 3.68171 0.987683
internal_count=210 106 80 46 104 50
shrinkage=0.1


Tree=38
num_leaves=7
num_cat=0
split_feature=0 0 0 0 0 0
split_gain=0.0700723 0.00850489 0.0283181 0.000696999 0.000462003 0.000721759
threshold=0.35000000000000003 1.0000000180025095e-35 0.15000000000000005 0.25000000000000006 0.75000000000000011 0.45000000000000007
decision_type=2 2 2 2 2 2
left_child=1 -1 -3 -4 5 -2
right_child=4 2 3 -5 -6 -7
leaf_value=0.0029972437596771807 -0.014219805996065683 -0.0078047297888602157 0.0011427332730810844 0.0026264154758181418 -0.01243742707260536 -0.024752362706039456
leaf_weight=17.034742906689644 0.91518334904685572 3.7727964189834919 5.3260450400412065 7.8081926684826612 2.6901103148702532 0.070040827471530079
leaf_count=26 36 34 24 22 54 14
internal_value=0 0.0142024 -0.00168678 0.0202477 -0.131159 -0.149686
internal_weight=0 33.9418 16.907 13.1342 3.67533 0.985224
internal_count=210 106 80 46 104 50
shrinkage=0.1


Tree=39
num_leaves=7
num_cat=0
split_feature=0 0 0 0 0 0
split_gain=0.0671986 0.00820118 0.0270661 0.000663644 0.000390152 0.00066504
threshold=0.35000000000000003 1.0000000180025095e-35 0.15000000000000005 0.25000000000000006 0.75000000000000011 0.45000000000000007
decision_type=2 2 2 2 2 2
left_child=1 -1 -3 -4 5 -2
right_child=4 2 3 -5 -6 -7
leaf_value=0.002938849117659092 -0.013843046697045483 -0.0076378121631751287 0.0011139596480688079 0.0025622380374500757 -0.012231835890868438 -0.023993635834126722
leaf_weight=17.032123371958733 0.91345400083810047 3.7708059460856047 5.3230800032615644 7.8004052359610796 2.6863441300811246 0.069453026866540313
leaf_count=26 36 34 24 22 54 14
internal_value=0 0.0139037 -0.00170739 0.0197479 -0.128556 -0.145603
internal_weight=0 33.9264 16.8943 13.1235 3.66925 0.982907
internal_count=210 106 80 46 104 50
shrinkage=0.1


Tree=40
num_leaves=7
num_cat=0
split_feature=0 0 0 0 0 0
split_gain=0.0645008 0.00791184 0.0258928 0.000633564 0.000327813 0.000613762
threshold=0.35000000000000003 1.0000000180025095e-35 0.15000000000000005 0.25000000000000006 0.75000000000000011 0.45000000000000007
decision_type=2 2 2 2 2 2
left_child=1 -1 -3 -4 5 -2
right_child=4 2 3 -5 -6 -7
leaf_value=0.0028825847507459082 -0.013482419845285391 -0.0074773651652346373 0.0010860083834894241 0.0025015894177896395 -0.012033636070203302 -0.023270555973708727
leaf_weight=17.02952878177166 0.91182102623861216 3.7689120192080763 5.3202340491116029 7.7927986606955528 2.6827090934384614 0.068902886414434761
leaf_count=26 36 34 24 22 54 14
internal_value=0 0.0136177 -0.00172334 0.0192726 -0.126056 -0.141701
internal_weight=0 33.9115 16.8819 13.113 3.66343 0.980724
internal_count=210 106 80 46 104 50
shrinkage=0.1


Tree=41
num_leaves=7
num_cat=0
split_feature=0 0 0 0 0 0
split_gain=0.0619682 0.00763605 0.0247925 0.000605074 0.00027362 0.000567403
threshold=0.35000000000000003 1.0000000180025095e-35 0.15000000000000005 0.25000000000000006 0.75000000000000011 0.45000000000000007
decision_type=2 2 2 2 2 2
left_child=1 -1 -3 -4 5 -2
right_child=4 2 3 -5 -6 -7
leaf_value=0.0028283716280210437 -0.013136721982254185 -0.007323081451786036 0.0010598011270313863 0.0024436683601800875 -0.011842957118146563 -0.022581410102643865
leaf_weight=17.026964277029037 0.91027548001147762 3.7671132981777218 5.3174899481236917 7.7853649724274874 2.6792043449822813 0.068387524195713922
leaf_count=26 36 34 24 22 54 14
internal_value=0 0.013344 -0.00173477 0.0188206 -0.123657 -0.137967
internal_weight=0 33.8969 16.87 13.1029 3.65787 0.978663
internal_count=210 106 80 46 104 50
shrinkage=0.1


Tree=42
num_leaves=7
num_cat=0
split_feature=0 0 0 0 0 0
split_gain=0.0595863 0.0073732 0.023757 0.000578747 0.00022689 0.000525297
threshold=0.35000000000000003 1.0000000180025095e-35 0.15000000000000005 0.25000000000000006 0.75000000000000011 0.45000000000000007
decision_type=2 2 2 2 2 2
left_child=1 -1 -3 -4 5 -2
right_child=4 2 3 -5 -6 -7
leaf_value=0.0027761048507063076 -0.012805771276397105 -0.0071743089188776171 0.0010346031774619315 0.0023884851651895197 -0.01165897643204724 -0.021923828295038805
leaf_weight=17.024430572986603 0.90881635725963805 3.7653980278410044 5.3148500528186542 7.7780965063720942 2.6758183675119653 0.067903898743679747
leaf_count=26 36 34 24 22 54 14
internal_value=0 0.0130816 -0.00174246 0.018389 -0.121352 -0.134397
internal_weight=0 33.8828 16.8583 13.0929 3.65254 0.97672
internal_count=210 106 80 46 104 50
shrinkage=0.1


Tree=43
num_leaves=7
num_cat=0
split_feature=0 0 0 0 0 0
split_gain=0.0573405 0.00712204 0.0227847 0.000554275 0.000186525 0.000487101
threshold=0.35000000000000003 1.0000000180025095e-35 0.15000000000000005 0.25000000000000006 0.75000000000000011 0.45000000000000007
decision_type=2 2 2 2 2 2
left_child=1 -1 -3 -4 5 -2
right_child=4 2 3 -5 -6 -7
leaf_value=0.0027255996435198771 -0.012487800356464757 -0.0070312248681441165 0.0010105868781628458 0.0023359703887415395 -0.011481284794120923 -0.021296032139142711
leaf_weight=17.021928980946541 0.9074325385736296 3.7637634016573456 5.3123017009347659 7.7709961794316769 2.6725431041559204 0.067449561523972079
leaf_count=26 36 34 24 22 54 14
internal_value=0 0.0128296 -0.0017466 0.0179782 -0.119132 -0.130972
internal_weight=0 33.869 16.8471 13.0833 3.64743 0.974882
internal_count=210 106 80 46 104 50
shrinkage=0.1


Tree=44
num_leaves=7
num_cat=0
split_feature=0 0 0 0 0 0
split_gain=0.0552232 0.00688264 0.0218665 0.000530936 0.000151819 0.000452313
threshold=0.35000000000000003 1.0000000180025095e-35 0.15000000000000005 0.25000000000000006 0.75000000000000011 0.45000000000000007
decision_type=2 2 2 2 2 2
left_child=1 -1 -3 -4 5 -2
right_child=4 2 3 -5 -6 -7
leaf_value=0.0026768714937829819 -0.012182492282837158 -0.0068929536482839494 0.00098786301658051611 0.0022854563813114151 -0.011309775752616668 -0.020695958757126407
leaf_weight=17.019461587071419 0.90612160752061699 3.762201426317918 5.3098460361361486 7.7640467956662178 2.6693773104343563 0.067021852824836969
leaf_count=26 36 34 24 22 54 14
internal_value=0 0.0125876 -0.00174796 0.0175845 -0.116996 -0.127688
internal_weight=0 33.8556 16.8361 13.0739 3.64252 0.973143
internal_count=210 106 80 46 104 50
shrinkage=0.1


Tree=45
num_leaves=7
num_cat=0
split_feature=0 0 0 0 0 0
split_gain=0.0532239 0.00665295 0.0210038 0.000509929 0.000122043 0.000420663
threshold=0.35000000000000003 1.0000000180025095e-35 0.15000000000000005 0.25000000000000006 0.75000000000000011 0.45000000000000007
decision_type=2 2 2 2 2 2
left_child=1 -1 -3 -4 5 -2
right_child=4 2 3 -5 -6 -7
leaf_value=0.0026296680252031637 -0.011888730610026332 -0.0067599304205049979 0.00096576804750778079 0.0022378274261230925 -0.011144160131078319 -0.02012241370496157
leaf_weight=17.017038196325302 0.90487558895256315 3.7607148112729218 5.3074716683477146 7.7572493143379688 2.6663143276236951 0.066618941171327606
leaf_count=26 36 34 24 22 54 14
internal_value=0 0.0123549 -0.00174557 0.0172106 -0.114938 -0.124533
internal_weight=0 33.8425 16.8254 13.0647 3.63781 0.971495
internal_count=210 106 80 46 104 50
shrinkage=0.1


Tree=46
num_leaves=7
num_cat=0
split_feature=0 0 0 0 0 0
split_gain=0.0513338 0.00643468 0.0201863 0.000489284 9.67799e-05 0.000391746
threshold=0.35000000000000003 1.0000000180025095e-35 0.15000000000000005 0.25000000000000006 0.75000000000000011 0.45000000000000007
decision_type=2 2 2 2 2 2
left_child=1 -1 -3 -4 5 -2
right_child=4 2 3 -5 -6 -7
leaf_value=0.0025841598807690093 -0.011606491482039049 -0.0066311636959683271 0.0009450723820775156 0.0021914912888535165 -0.0109838951888592 -0.019573687303553244
leaf_weight=17.014642611145973 0.9036960920784618 3.7592869068030295 5.3051757961511594 7.7506059817969799 2.6633462682366371 0.066239045787369832
leaf_count=26 36 34 24 22 54 14
internal_value=0 0.0121311 -0.00174206 0.0168501 -0.112954 -0.121506
internal_weight=0 33.8297 16.8151 13.0558 3.63328 0.969935
internal_count=210 106 80 46 104 50
shrinkage=0.1


Tree=47
num_leaves=7
num_cat=0
split_feature=0 0 0 0 0 0
split_gain=0.0495448 0.00622599 0.0194133 0.000470265 7.53536e-05 0.000365314
threshold=0.35000000000000003 1.0000000180025095e-35 0.15000000000000005 0.25000000000000006 0.75000000000000011 0.45000000000000007
decision_type=2 2 2 2 2 2
left_child=1 -1 -3 -4 5 -2
right_child=4 2 3 -5 -6 -7
leaf_value=0.0025401245052416744 -0.01133443922197112 -0.006506699926274416 0.00092494287687637121 0.0021472573503298134 -0.010828960697585844 -0.019047986275521137
leaf_weight=17.012280598282814 0.90257403161376659 3.7579161594621864 5.3029561862349492 7.744110606610775 2.6604722590418532 0.065880190406460315
leaf_count=26 36 34 24 22 54 14
internal_value=0 0.0119156 -0.00173645 0.0165045 -0.111039 -0.118592
internal_weight=0 33.8173 16.805 13.0471 3.62893 0.968454
internal_count=210 106 80 46 104 50
shrinkage=0.1


Tree=48
num_leaves=7
num_cat=0
split_feature=0 0 0 0 0 0
split_gain=0.0478489 0.00602659 0.0186847 0.00045241 5.74304e-05 0.000341098
threshold=0.35000000000000003 1.0000000180025095e-35 0.15000000000000005 0.25000000000000006 0.75000000000000011 0.45000000000000007
decision_type=2 2 2 2 2 2
left_child=1 -1 -3 -4 5 -2
right_child=4 2 3 -5 -6 -7
leaf_value=0.0024975127939568607 -0.011072414491861849 -0.0063868806602308641 0.0009057184927909475 0.0021049484262917538 -0.010678825819787754 -0.018544180501464756
leaf_weight=17.009955897927284 0.90150722407270156 3.7566071788314757 5.3008059263229352 7.7377560995519161 2.6576834436273202 0.065540809213416651
leaf_count=26 36 34 24 22 54 14
internal_value=0 0.0117078 -0.0017293 0.016174 -0.109189 -0.115788
internal_weight=0 33.8051 16.7952 13.0386 3.62473 0.967048
internal_count=210 106 80 46 104 50
shrinkage=0.1


Tree=49
num_leaves=7
num_cat=0
split_feature=0 0 0 0 0 0
split_gain=0.046242 0.00583303 0.0179921 0.000435002 4.26021e-05 0.000318893
threshold=0.35000000000000003 1.0000000180025095e-35 0.15000000000000005 0.25000000000000006 0.75000000000000011 0.45000000000000007
decision_type=2 2 2 2 2 2
left_child=1 -1 -3 -4 5 -2
right_child=4 2 3 -5 -6 -7
leaf_value=0.0024559556981435552 -0.010820121416618728 -0.0062702290689297226 0.00088795288826915442 0.0020642143503993246 -0.010533530497871292 -0.01806142659026656
leaf_weight=17.00767582654953 0.90049379423726283 3.7553499497007605 5.2987202387303096 7.7315245810896158 2.6549803946400061 0.065219639713177457
leaf_count=26 36 34 24 22 54 14
internal_value=0 0.0115075 -0.00171717 0.0158589 -0.107404 -0.113092
internal_weight=0 33.7933 16.7856 13.0302 3.62069 0.965713
internal_count=210 106 80 46 104 50
shrinkage=0.1


Tree=50
num_leaves=7
num_cat=0
split_feature=0 0 0 0 0 0
split_gain=0.0447143 0.00565004 0.0173369 0.000419194 3.0432e-05 0.000298578
threshold=0.35000000000000003 1.0000000180025095e-35 0.15000000000000005 0.25000000000000006 0.75000000000000011 0.45000000000000007
decision_type=2 2 2 2 2 2
left_child=1 -1 -3 -4 5 -2
right_child=4 2 3 -5 -6 -7
leaf_value=0.0024159202448738241 -0.0105759371735602 -0.0061578479942083104 0.00087017467713959877 0.0020251810894464815 -0.010392654043461871 -0.017598338722720142
leaf_weight=17.005423754453659 0.89952492213342272 3.7541397176682976 5.2966995965689403 7.7254443988204002 2.6523550966521725 0.064915565249975771
leaf_count=26 36 34 24 22 54 14
internal_value=0 0.0113141 -0.00170654 0.0155539 -0.105676 -0.110486
internal_weight=0 33.7817 16.7763 13.0221 3.6168 0.96444
internal_count=210 106 80 46 104 50
shrinkage=0.1


Tree=51
num_leaves=7
num_cat=0
split_feature=0 0 0 0 0 0
split_gain=0.043264 0.00547554 0.0167144 0.000403503 2.07491e-05 0.000279797
threshold=0.35000000000000003 1.0000000180025095e-35 0.15000000000000005 0.25000000000000006 0.75000000000000011 0.45000000000000007
decision_type=2 2 2 2 2 2
left_child=1 -1 -3 -4 5 -2
right_child=4 2 3 -5 -6 -7
leaf_value=0.0023772093326171239 -0.010340929757111776 -0.0060489804521035757 0.00085361049606115795 0.0019870966480682226 -0.010256039380916335 -0.017153270607056455
leaf_weight=17.00320953130722 0.89860776741988901 3.7529782380443093 5.2947411444038135 7.7194856759160757 2.6498061037855223 0.064626819948898628
leaf_count=26 36 34 24 22 54 14
internal_value=0 0.0111273 -0.00169538 0.0152595 -0.104005 -0.10798
internal_weight=0 33.7704 16.7672 13.0142 3.61304 0.963235
internal_count=210 106 80 46 104 50
shrinkage=0.1


Tree=52
num_leaves=7
num_cat=0
split_feature=0 0 0 0 0 0
split_gain=0.0418846 0.00530721 0.0161233 0.000389393 1.31946e-05 0.000262548
threshold=0.35000000000000003 1.0000000180025095e-35 0.15000000000000005 0.25000000000000006 0.75000000000000011 0.45000000000000007
decision_type=2 2 2 2 2 2
left_child=1 -1 -3 -4 5 -2
right_child=4 2 3 -5 -6 -7
leaf_value=0.0023395392295541117 -0.010113717830863317 -0.0059433906126221021 0.00083720926867649501 0.0019509897871497085 -0.010123589094168916 -0.016726031043856813
leaf_weight=17.001027747988701 0.89773175574373409 3.7518564758356687 5.2928390149027091 7.7136589307337999 2.6473308742279187 0.064352979185059667
leaf_count=26 36 34 24 22 54 14
internal_value=0 0.010947 -0.00168171 0.0149775 -0.102389 -0.10556
internal_weight=0 33.7594 16.7584 13.0065 3.60942 0.962085
internal_count=210 106 80 46 104 50
shrinkage=0.1


Tree=53
num_leaves=7
num_cat=0
split_feature=0 0 0 0 0 0
split_gain=0.0405706 0.00514635 0.0155603 0.000375314 7.55391e-06 0.000246668
threshold=0.35000000000000003 1.0000000180025095e-35 0.15000000000000005 0.25000000000000006 0.75000000000000011 0.45000000000000007
decision_type=2 2 2 2 2 2
left_child=1 -1 -3 -4 5 -2
right_child=4 2 3 -5 -6 -7
leaf_value=0.0023030307654216746 -0.0098940120684486068 -0.0058409023401998833 0.00082190864000697644 0.0019156468758714897 -0.0099949332088435025 -0.016315557725221096
leaf_weight=16.998882859945297 0.896897651138715 3.7507764783222255 5.2909941282123309 7.7079465240240097 2.6449233691673726 0.064092899381648749
leaf_count=26 36 34 24 22 54 14
internal_value=0 0.0107724 -0.00166779 0.0147046 -0.100822 -0.103223
internal_weight=0 33.7486 16.7497 12.9989 3.60591 0.960991
internal_count=210 106 80 46 104 50
shrinkage=0.1


Tree=54
num_leaves=7
num_cat=0
split_feature=0 0 0 0 0 0
split_gain=0.0393192 0.00499149 0.0150247 0.000362177 7.39844e-06 0.000228196
threshold=0.35000000000000003 1.0000000180025095e-35 0.15000000000000005 0.25000000000000006 0.45000000000000007 0.75000000000000011
decision_type=2 2 2 2 2 2
left_child=1 -1 -3 -4 -2 -6
right_child=4 2 3 -5 5 -7
leaf_value=0.0022675293404200735 -0.0096813763277918217 -0.0057414296342790452 0.0008070744514582992 0.0018817667467486685 -0.015920418055972985 -0.0098701598430743394
leaf_weight=16.99677200615406 0.89610041177365873 3.749734427547085 5.2892001401633006 7.7023529578000307 0.063845310360193586 2.6425844436744228
leaf_count=26 36 34 24 22 14 54
internal_value=0 0.0106036 -0.00165222 0.0144423 -0.0993043 -0.100129
internal_weight=0 33.7381 16.7413 12.9916 3.60253 2.70643
internal_count=210 106 80 46 104 68
shrinkage=0.1


Tree=55
num_leaves=7
num_cat=0
split_feature=0 0 0 0 0 0
split_gain=0.0381243 0.00484271 0.0145155 0.000349847 1.12773e-05 0.000208362
threshold=0.35000000000000003 1.0000000180025095e-35 0.15000000000000005 0.25000000000000006 0.45000000000000007 0.75000000000000011
decision_type=2 2 2 2 2 2
left_child=1 -1 -3 -4 -2 -6
right_child=4 2 3 -5 5 -7
leaf_value=0.0022330024371107664 -0.0094754992844358482 -0.0056450515483573958 0.00079270432758860813 0.0018492015478131594 -0.015540547072175373 -0.009748712167319663
leaf_weight=16.994695901870728 0.89533871109597329 3.7487297588959363 5.287456274032591 7.6968748290091753 0.063609928358346557 2.640305380220525
leaf_count=26 36 34 24 22 14 54
internal_value=0 0.01044 -0.00163587 0.0141898 -0.0978311 -0.0988497
internal_weight=0 33.7278 16.7331 12.9843 3.59925 2.70392
internal_count=210 106 80 46 104 68
shrinkage=0.1


Tree=56
num_leaves=7
num_cat=0
split_feature=0 0 0 0 0 0
split_gain=0.0369861 0.0046986 0.0140316 0.000338377 1.57547e-05 0.000190218
threshold=0.35000000000000003 1.0000000180025095e-35 0.15000000000000005 0.25000000000000006 0.45000000000000007 0.75000000000000011
decision_type=2 2 2 2 2 2
left_child=1 -1 -3 -4 -2 -6
right_child=4 2 3 -5 5 -7
leaf_value=0.0021993205902474662 -0.009276753177485865 -0.0055515303469675023 0.00077888897543651491 0.0018181686388952911 -0.015174404156468755 -0.0096308580757943837
leaf_weight=16.992663934826851 0.89461477508302722 3.7477640449069467 5.2857577949762327 7.6915040463209152 0.063385212764842769 2.6380900979274884
leaf_count=26 36 34 24 22 14 54
internal_value=0 0.0102818 -0.00161695 0.0139486 -0.0964048 -0.0976093
internal_weight=0 33.7177 16.725 12.9773 3.59609 2.70148
internal_count=210 106 80 46 104 68
shrinkage=0.1


Tree=57
num_leaves=7
num_cat=0
split_feature=0 0 0 0 0 0
split_gain=0.0358982 0.00456161 0.0135698 0.000326956 2.08109e-05 0.000173662
threshold=0.35000000000000003 1.0000000180025095e-35 0.15000000000000005 0.25000000000000006 0.45000000000000007 0.75000000000000011
decision_type=2 2 2 2 2 2
left_child=1 -1 -3 -4 -2 -6
right_child=4 2 3 -5 5 -7
leaf_value=0.0021667463366952027 -0.00908374063152915 -0.0054608410162516677 0.00076582831487416632 0.0017876554587399843 -0.014821863713029199 -0.0095162593535958184
leaf_weight=16.990659385919571 0.89392093091737423 3.7468295055441585 5.2841024007648212 7.686251001432538 0.063171223999234249 2.6359322648495436
leaf_count=26 36 34 24 22 14 54
internal_value=0 0.0101284 -0.00159941 0.0137136 -0.0950193 -0.0964043
internal_weight=0 33.7078 16.7172 12.9704 3.59302 2.6991
internal_count=210 106 80 46 104 68
shrinkage=0.1


Tree=58
num_leaves=7
num_cat=0
split_feature=0 0 0 0 0 0
split_gain=0.0348584 0.00443152 0.0131272 0.000315663 2.6348e-05 0.0001585
threshold=0.35000000000000003 1.0000000180025095e-35 0.15000000000000005 0.25000000000000006 0.45000000000000007 0.75000000000000011
decision_type=2 2 2 2 2 2
left_child=1 -1 -3 -4 -2 -6
right_child=4 2 3 -5 5 -7
leaf_value=0.0021352643166075119 -0.0088967062037470981 -0.0053725347417707785 0.00075330872630838437 0.0017575622479543463 -0.014481580474285112 -0.0094048005497710079
leaf_weight=16.988678336143494 0.89326013845857166 3.7459200925659415 5.2824952453374845 7.6811082419008017 0.062966876052087506 2.6338310354622081
leaf_count=26 36 34 24 22 14 54
internal_value=0 0.00997964 -0.00158335 0.0134834 -0.0936742 -0.0952334
internal_weight=0 33.6982 16.7095 12.9636 3.59006 2.6968
internal_count=210 106 80 46 104 68
shrinkage=0.1


Tree=59
num_leaves=7
num_cat=0
split_feature=0 0 0 0 0 0
split_gain=0.0338642 0.00430436 0.0127043 0.000305397 3.22792e-05 0.000144676
threshold=0.35000000000000003 1.0000000180025095e-35 0.15000000000000005 0.25000000000000006 0.45000000000000007 0.75000000000000011
decision_type=2 2 2 2 2 2
left_child=1 -1 -3 -4 -2 -6
right_child=4 2 3 -5 5 -7
leaf_value=0.0021043716333244678 -0.0087156198269474489 -0.0052863787951698956 0.00074102390230403785 0.0017290313031876896 -0.014154023433871116 -0.0092962941417227846
leaf_weight=16.986736834049225 0.89262947847600971 3.7450398008804795 5.2809298820793611 7.6760569680482149 0.062772097997367715 2.6317832315107808
leaf_count=26 36 34 24 22 14 54
internal_value=0 0.00983537 -0.00156404 0.0132635 -0.0923681 -0.0940946
internal_weight=0 33.6888 16.702 12.957 3.58718 2.69456
internal_count=210 106 80 46 104 68
shrinkage=0.1


Tree=60
num_leaves=7
num_cat=0
split_feature=0 0 0 0 0 0
split_gain=0.032912 0.00418204 0.0123016 0.000295775 3.85912e-05 0.00013201
threshold=0.35000000000000003 1.0000000180025095e-35 0.15000000000000005 0.25000000000000006 0.45000000000000007 0.75000000000000011
decision_type=2 2 2 2 2 2
left_child=1 -1 -3 -4 -2 -6
right_child=4 2 3 -5 5 -7
leaf_value=0.0020742873169021037 -0.0085397243722979081 -0.0052028741136551128 0.00072906859416158531 0.0017015983531186011 -0.013837630595217299 -0.0091906226699186109
leaf_weight=16.984828189015388 0.89202497527003233 3.7441896894015398 5.2794034611433727 7.671107430011034 0.062585705833044236 2.6297855351585895
leaf_count=26 36 34 24 22 14 54
internal_value=0 0.00969522 -0.00154442 0.0130514 -0.0910978 -0.0929865
internal_weight=0 33.6795 16.6947 12.9505 3.5844 2.69237
internal_count=210 106 80 46 104 68
shrinkage=0.1


Tree=61
num_leaves=7
num_cat=0
split_feature=0 0 0 0 0 0
split_gain=0.0319998 0.00406474 0.0119164 0.000286193 4.52475e-05 0.000120413
threshold=0.35000000000000003 1.0000000180025095e-35 0.15000000000000005 0.25000000000000006 0.45000000000000007 0.75000000000000011
decision_type=2 2 2 2 2 2
left_child=1 -1 -3 -4 -2 -6
right_child=4 2 3 -5 5 -7
leaf_value=0.0020450439308101341 -0.0083687929384888577 -0.0051216507144161193 0.00071783986735803865 0.0016746897670874988 -0.013532169502863909 -0.0090877421620025062
leaf_weight=16.982952013611794 0.89144643710460447 3.7433685383293804 5.2779145911335927 7.6662536133080721 0.062407415127382015 2.6278383868047968
leaf_count=26 36 34 24 22 14 54
internal_value=0 0.0095591 -0.00152505 0.0128454 -0.0898624 -0.0919084
internal_weight=0 33.6705 16.6875 12.9442 3.58169 2.69025
internal_count=210 106 80 46 104 68
shrinkage=0.1


Tree=62
num_leaves=7
num_cat=0
split_feature=0 0 0 0 0 0
split_gain=0.0311267 0.00395119 0.0115478 0.000277195 5.21696e-05 0.000109801
threshold=0.35000000000000003 1.0000000180025095e-35 0.15000000000000005 0.25000000000000006 0.45000000000000007 0.75000000000000011
decision_type=2 2 2 2 2 2
left_child=1 -1 -3 -4 -2 -6
right_child=4 2 3 -5 5 -7
leaf_value=0.0020164912177210513 -0.0082030525727210483 -0.0050425037244866766 0.00070694099180437634 0.0016488241421881201 -0.013237418749524747 -0.008987643084053332
leaf_weight=16.98110693693161 0.89089439122471903 3.742570313857871 5.2764622718095762 7.6614965759217739 0.062236986588687038 2.625940544414334
leaf_count=26 36 34 24 22 14 54
internal_value=0 0.00942703 -0.00150434 0.012647 -0.0886624 -0.0908603
internal_weight=0 33.6616 16.6805 12.938 3.57907 2.68818
internal_count=210 106 80 46 104 68
shrinkage=0.1


Tree=63
num_leaves=7
num_cat=0
split_feature=0 0 0 0 0 0
split_gain=0.0302891 0.00384181 0.0111942 0.00026842 5.9309e-05 0.00010007
threshold=0.35000000000000003 1.0000000180025095e-35 0.15000000000000005 0.25000000000000006 0.45000000000000007 0.75000000000000011
decision_type=2 2 2 2 2 2
left_child=1 -1 -3 -4 -2 -6
right_child=4 2 3 -5 5 -7
leaf_value=0.0019886567313692049 -0.0080421257377050002 -0.0049652773836190572 0.00069652998693646862 0.0016235738378745095 -0.012952352416716079 -0.008890011326024589
leaf_weight=16.979293063282967 0.89036694832611774 3.741794366156685 5.2750450968742353 7.6568272989243269 0.062073612469248807 2.6240872388007119
leaf_count=26 36 34 24 22 14 54
internal_value=0 0.00929861 -0.00148341 0.0124542 -0.0874944 -0.0898389
internal_weight=0 33.653 16.6737 12.9319 3.57653 2.68616
internal_count=210 106 80 46 104 68
shrinkage=0.1


Tree=64
num_leaves=7
num_cat=0
split_feature=0 0 0 0 0 0
split_gain=0.0294849 0.00373827 0.010856 0.000260109 6.67395e-05 9.1124e-05
threshold=0.35000000000000003 1.0000000180025095e-35 0.15000000000000005 0.25000000000000006 0.45000000000000007 0.75000000000000011
decision_type=2 2 2 2 2 2
left_child=1 -1 -3 -4 -2 -6
right_child=4 2 3 -5 5 -7
leaf_value=0.0019617778770889987 -0.0078851688172989296 -0.0048904668034645809 0.00068614608599659006 0.0015989085365233332 -0.012676275390249523 -0.0087949570598670375
leaf_weight=16.977502048015594 0.88985998858697646 3.7410394521430161 5.2736645210534316 7.6522583048790693 0.061916929000290451 2.6222800258547068
leaf_count=26 36 34 24 22 14 54
internal_value=0 0.0091737 -0.00146497 0.0122651 -0.0863568 -0.0888449
internal_weight=0 33.6445 16.667 12.9259 3.57406 2.6842
internal_count=210 106 80 46 104 68
shrinkage=0.1


Tree=65
num_leaves=7
num_cat=0
split_feature=0 0 0 0 0 0
split_gain=0.0287135 0.00363701 0.0105313 0.000252389 7.42548e-05 8.29568e-05
threshold=0.35000000000000003 1.0000000180025095e-35 0.15000000000000005 0.25000000000000006 0.45000000000000007 0.75000000000000011
decision_type=2 2 2 2 2 2
left_child=1 -1 -3 -4 -2 -6
right_child=4 2 3 -5 5 -7
leaf_value=0.0019353729328830055 -0.0077331597610905941 -0.0048172209631195707 0.00067603161867701381 0.0015753213841233791 -0.012409888919361805 -0.0087021702947041521
leaf_weight=16.975746646523476 0.88937858387362145 3.7403088966384557 5.2723176367580873 7.6477660555392504 0.06176693941233713 2.6205137653741986
leaf_count=26 36 34 24 22 14 54
internal_value=0 0.0090523 -0.00144411 0.0120835 -0.08525 -0.0878755
internal_weight=0 33.6361 16.6604 12.9201 3.57166 2.68228
internal_count=210 106 80 46 104 68
shrinkage=0.1


Tree=66
num_leaves=7
num_cat=0
split_feature=0 0 0 0 0 0
split_gain=0.0279719 0.00354 0.0102195 0.000244474 8.20151e-05 7.54479e-05
threshold=0.35000000000000003 1.0000000180025095e-35 0.15000000000000005 0.25000000000000006 0.45000000000000007 0.75000000000000011
decision_type=2 2 2 2 2 2
left_child=1 -1 -3 -4 -2 -6
right_child=4 2 3 -5 5 -7
leaf_value=0.001909695288501336 -0.0075847116932305772 -0.0047458260529063719 0.00066665279918358021 0.0015518996151583358 -0.012151754049200249 -0.0086117588922301341
leaf_weight=16.974012568593025 0.88891516847070251 3.7395946430042413 5.2709978222846967 7.6433650050312281 0.061622969704331232 2.6187897423515096
leaf_count=26 36 34 24 22 14 54
internal_value=0 0.00893405 -0.00142417 0.0119059 -0.084171 -0.0869314
internal_weight=0 33.628 16.654 12.9144 3.56933 2.68041
internal_count=210 106 80 46 104 68
shrinkage=0.1


Tree=67
num_leaves=7
num_cat=0
split_feature=0 0 0 0 0 0
split_gain=0.0272598 0.00344564 0.00992176 0.000237095 8.9861e-05 6.85737e-05
threshold=0.35000000000000003 1.0000000180025095e-35 0.15000000000000005 0.25000000000000006 0.45000000000000007 0.75000000000000011
decision_type=2 2 2 2 2 2
left_child=1 -1 -3 -4 -2 -6
right_child=4 2 3 -5 5 -7
leaf_value=0.0018845413639553632 -0.0074405779328495973 -0.004676429225036873 0.00065758274172482509 0.0015295311574692399 -0.011902183536381563 -0.0085235800575972163
leaf_weight=16.972315549850464 0.88847268209792607 3.7389076892286566 5.2697099912911636 7.6390369534492493 0.06148485605081111 2.617106654914096
leaf_count=26 36 34 24 22 14 54
internal_value=0 0.00881908 -0.00140279 0.0117358 -0.0831207 -0.0860113
internal_weight=0 33.62 16.6477 12.9087 3.56706 2.67859
internal_count=210 106 80 46 104 68
shrinkage=0.1


Tree=68
num_leaves=7
num_cat=0
split_feature=0 0 0 0 0 0
split_gain=0.0265743 0.00335529 0.00963453 0.000229981 9.78157e-05 6.22589e-05
threshold=0.35000000000000003 1.0000000180025095e-35 0.15000000000000005 0.25000000000000006 0.45000000000000007 0.75000000000000011
decision_type=2 2 2 2 2 2
left_child=1 -1 -3 -4 -2 -6
right_child=4 2 3 -5 5 -7
leaf_value=0.0018600807476728577 -0.0073001256100816651 -0.0046085444149681449 0.00064862272988542311 0.0015075485274804749 -0.011660121505650347 -0.0084374122160262299
leaf_weight=16.970636367797852 0.88804939057445087 3.7382324787322458 5.2684525586664659 7.6347973644733429 0.061352081465884445 2.6154594697291031
leaf_count=26 36 34 24 22 14 54
internal_value=0 0.00870698 -0.00138254 0.0115685 -0.0820956 -0.0851128
internal_weight=0 33.6121 16.6415 12.9032 3.56486 2.67681
internal_count=210 106 80 46 104 68
shrinkage=0.1


Tree=69
num_leaves=7
num_cat=0
split_feature=0 0 0 0 0 0
split_gain=0.0259152 0.00326716 0.00935953 0.000223413 0.000105875 5.64695e-05
threshold=0.35000000000000003 1.0000000180025095e-35 0.15000000000000005 0.25000000000000006 0.45000000000000007 0.75000000000000011
decision_type=2 2 2 2 2 2
left_child=1 -1 -3 -4 -2 -6
right_child=4 2 3 -5 5 -7
leaf_value=0.0018360717465947347 -0.0071633539079995817 -0.0045423667347294699 0.00063985864223438209 0.0014865832375751352 -0.011425771395647641 -0.0083534107888689375
leaf_weight=16.968993321061134 0.88764440268278066 3.7375790397636619 5.2672226130962354 7.6306297834962606 0.061224473669426849 2.6138513759942725
leaf_count=26 36 34 24 22 14 54
internal_value=0 0.00859788 -0.00136072 0.011408 -0.0810971 -0.0842373
internal_weight=0 33.6044 16.6354 12.8979 3.56272 2.67508
internal_count=210 106 80 46 104 68
shrinkage=0.1


Tree=70
num_leaves=7
num_cat=0
split_feature=0 0 0 0 0 0
split_gain=0.0252805 0.00318353 0.00909422 0.000216697 0.000114014 5.1161e-05
threshold=0.35000000000000003 1.0000000180025095e-35 0.15000000000000005 0.25000000000000006 0.45000000000000007 0.75000000000000011
decision_type=2 2 2 2 2 2
left_child=1 -1 -3 -4 -2 -6
right_child=4 2 3 -5 5 -7
leaf_value=0.0018128433247843246 -0.0070300180432344012 -0.0044777670193530987 0.00063152209418526682 0.0014655697936346813 -0.011198624522267832 -0.0082713539342771682
leaf_weight=16.967371985316277 0.88725720735965252 3.7369394190609482 5.2660211035981757 7.6265381351113319 0.061101886109100056 2.6122786831110716
leaf_count=26 36 34 24 22 14 54
internal_value=0 0.00849153 -0.00134118 0.011249 -0.0801226 -0.0833826
internal_weight=0 33.5969 16.6295 12.8926 3.56064 2.67338
internal_count=210 106 80 46 104 68
shrinkage=0.1


Tree=71
num_leaves=7
num_cat=0
split_feature=0 0 0 0 0 0
split_gain=0.0246692 0.00310208 0.00883901 0.000210457 0.000122204 4.62911e-05
threshold=0.35000000000000003 1.0000000180025095e-35 0.15000000000000005 0.25000000000000006 0.45000000000000007 0.75000000000000011
decision_type=2 2 2 2 2 2
left_child=1 -1 -3 -4 -2 -6
right_child=4 2 3 -5 5 -7
leaf_value=0.0017900421667415235 -0.0069000754998547673 -0.0044145772195516427 0.00062327731758440484 0.0014453720948587575 -0.01097830750576384 -0.0081911913648598043
leaf_weight=16.965772360563278 0.88688600808381979 3.7363154336344477 5.2648462858051044 7.6225210130214691 0.060983981966274192 2.610740291303955
leaf_count=26 36 34 24 22 14 54
internal_value=0 0.00838776 -0.00132065 0.0110952 -0.0791718 -0.0825481
internal_weight=0 33.5895 16.6237 12.8874 3.55861 2.67172
internal_count=210 106 80 46 104 68
shrinkage=0.1


Tree=72
num_leaves=7
num_cat=0
split_feature=0 0 0 0 0 0
split_gain=0.0240806 0.00302259 0.00859522 0.000204742 0.000130433 4.18188e-05
threshold=0.35000000000000003 1.0000000180025095e-35 0.15000000000000005 0.25000000000000006 0.45000000000000007 0.75000000000000011
decision_type=2 2 2 2 2 2
left_child=1 -1 -3 -4 -2 -6
right_child=4 2 3 -5 5 -7
leaf_value=0.001767658566851368 -0.0067734841647308407 -0.0043531385414555968 0.00061520913612976254 0.0014262025852277615 -0.010764452956433232 -0.0081129561840572809
leaf_weight=16.964208453893661 0.88653169729513981 3.7357142346445498 5.2636940460652095 7.6185741927474737 0.060870211076690217 2.6092363885836676
leaf_count=26 36 34 24 22 14 54
internal_value=0 0.00828676 -0.0012987 0.0109483 -0.0782446 -0.081734
internal_weight=0 33.5822 16.618 12.8823 3.55664 2.67011
internal_count=210 106 80 46 104 68
shrinkage=0.1


Tree=73
num_leaves=7
num_cat=0
split_feature=0 0 0 0 0 0
split_gain=0.0235129 0.00294616 0.0083585 0.000198702 0.000138721 3.77256e-05
threshold=0.35000000000000003 1.0000000180025095e-35 0.15000000000000005 0.25000000000000006 0.45000000000000007 0.75000000000000011
decision_type=2 2 2 2 2 2
left_child=1 -1 -3 -4 -2 -6
right_child=4 2 3 -5 5 -7
leaf_value=0.0017458367473176474 -0.0066498489912655131 -0.0042926777302168513 0.00060779495640860502 0.0014068714131201384 -0.010557102392280509 -0.0080364804043172155
leaf_weight=16.962660998106003 0.88619181228568722 3.7351191153284189 5.2625663252547366 7.6146962847560644 0.060760894120904019 2.6077650069491938
leaf_count=26 36 34 24 22 14 54
internal_value=0 0.00818818 -0.00127748 0.0108031 -0.0773388 -0.0809387
internal_weight=0 33.575 16.6124 12.8773 3.55472 2.66853
internal_count=210 106 80 46 104 68
shrinkage=0.1


Tree=74
num_leaves=7
num_cat=0
split_feature=0 0 0 0 0 0
split_gain=0.0229655 0.00287321 0.00813173 0.000193106 0.000147025 3.3968e-05
threshold=0.35000000000000003 1.0000000180025095e-35 0.15000000000000005 0.25000000000000006 0.45000000000000007 0.75000000000000011
decision_type=2 2 2 2 2 2
left_child=1 -1 -3 -4 -2 -6
right_child=4 2 3 -5 5 -7
leaf_value=0.0017246526422829258 -0.0065292778072175497 -0.004234041168613905 0.00060026837257953433 0.0013881406628330813 -0.010355603433413041 -0.0079617620075785739
leaf_weight=16.961139634251595 0.88586831494467266 3.7345450397115227 5.2614638954400998 7.6108918655663729 0.060655455876258535 2.6063245640834793
leaf_count=26 36 34 24 22 14 54
internal_value=0 0.00809196 -0.00125787 0.010661 -0.0764545 -0.0801621
internal_weight=0 33.568 16.6069 12.8724 3.55285 2.66698
internal_count=210 106 80 46 104 68
shrinkage=0.1


Tree=75
num_leaves=7
num_cat=0
split_feature=0 0 0 0 0 0
split_gain=0.0224367 0.00280186 0.00791313 0.000187453 0.000155349 3.05306e-05
threshold=0.35000000000000003 1.0000000180025095e-35 0.15000000000000005 0.25000000000000006 0.45000000000000007 0.75000000000000011
decision_type=2 2 2 2 2 2
left_child=1 -1 -3 -4 -2 -6
right_child=4 2 3 -5 5 -7
leaf_value=0.0017038024354896356 -0.0064114678206067324 -0.0041765680388067385 0.00059339208377969964 0.00136977194725288 -0.010159979145760379 -0.0078886154933765183
leaf_weight=16.959640800952911 0.88555775670101811 3.7339841795619604 5.2603822248056513 7.6071488112211227 0.0605538615927802 2.6049134111963212
leaf_count=26 36 34 24 22 14 54
internal_value=0 0.00799799 -0.00123706 0.0105238 -0.0755898 -0.0794022
internal_weight=0 33.5612 16.6015 12.8675 3.55103 2.66547
internal_count=210 106 80 46 104 68
shrinkage=0.1


Tree=76
num_leaves=7
num_cat=0
split_feature=0 0 0 0 0 0
split_gain=0.0219268 0.00273289 0.00770199 0.000182357 0.000163746 2.73817e-05
threshold=0.35000000000000003 1.0000000180025095e-35 0.15000000000000005 0.25000000000000006 0.45000000000000007 0.75000000000000011
decision_type=2 2 2 2 2 2
left_child=1 -1 -3 -4 -2 -6
right_child=4 2 3 -5 5 -7
leaf_value=0.0016834235758287079 -0.0062962820586155849 -0.0041202573510395919 0.00058624073194032478 0.0013521156516977924 -0.0099700151139735949 -0.0078172576246759006
leaf_weight=16.958163812756538 0.88526003708830048 3.7334336170461055 5.2593249902129156 7.6034730412065983 0.06045596627518568 2.6035336800850928
leaf_count=26 36 34 24 22 14 54
internal_value=0 0.00790629 -0.00121636 0.0103897 -0.0747456 -0.0786611
internal_weight=0 33.5544 16.5962 12.8628 3.54925 2.66399
internal_count=210 106 80 46 104 68
shrinkage=0.1


Tree=77
num_leaves=7
num_cat=0
split_feature=0 0 0 0 0 0
split_gain=0.0214339 0.00266642 0.00749894 0.000177316 0.000172119 2.45038e-05
threshold=0.35000000000000003 1.0000000180025095e-35 0.15000000000000005 0.25000000000000006 0.45000000000000007 0.75000000000000011
decision_type=2 2 2 2 2 2
left_child=1 -1 -3 -4 -2 -6
right_child=4 2 3 -5 5 -7
leaf_value=0.001663527435292939 -0.0061837957881015829 -0.0040653715857177954 0.00057943717915259708 0.0013347695808445552 -0.0097854182593523371 -0.007747359759125297
leaf_weight=16.956713050603867 0.88497604418080245 3.7328978686127838 5.2582893455401045 7.5998561084270477 0.060361509822542174 2.6021813449915498
leaf_count=26 36 34 24 22 14 54
internal_value=0 0.00781669 -0.00119625 0.0102588 -0.0739199 -0.0779356
internal_weight=0 33.5478 16.591 12.8581 3.54752 2.66254
internal_count=210 106 80 46 104 68
shrinkage=0.1


Tree=78
num_leaves=7
num_cat=0
split_feature=0 0 0 0 0 0
split_gain=0.0209586 0.00260142 0.00730279 0.00018049 0.000172401 2.18692e-05
threshold=0.35000000000000003 1.0000000180025095e-35 0.15000000000000005 0.45000000000000007 0.25000000000000006 0.75000000000000011
decision_type=2 2 2 2 2 2
left_child=1 -1 -3 -2 -4 -5
right_child=3 2 4 5 -6 -7
leaf_value=0.0016439596573671498 -0.0060740157760547711 -0.004011476209165892 0.00057299284133096218 -0.0096059321992727903 0.0013178963544628543 -0.0076791196067599061
leaf_weight=16.955281540751457 0.88470515067456224 3.7323741237632957 5.2572714770212752 0.060270302812569176 7.5963026061654091 2.6008583350339904
leaf_count=26 36 34 24 14 22 54
internal_value=0 0.00772929 -0.00117498 -0.0731139 0.0101322 -0.0772276
internal_weight=0 33.5412 16.5859 3.54583 12.8536 2.66113
internal_count=210 106 80 104 46 68
shrinkage=0.1


Tree=79
num_leaves=7
num_cat=0
split_feature=0 0 0 0 0 0
split_gain=0.0204985 0.00253915 0.00711376 0.000188832 0.000167921 1.94627e-05
threshold=0.35000000000000003 1.0000000180025095e-35 0.15000000000000005 0.45000000000000007 0.25000000000000006 0.75000000000000011
decision_type=2 2 2 2 2 2
left_child=1 -1 -3 -2 -4 -5
right_child=3 2 4 5 -6 -7
leaf_value=0.0016249072077512046 -0.0059666663740577768 -0.0039589321591753058 0.00056627841417488528 -0.009431238474888989 0.0013015517558535783 -0.0076122161521395967
leaf_weight=16.953875467181206 0.88444709993200321 3.73186116665602 5.2562782736495119 0.060182165470905935 7.5928071495145559 2.5995601355098188
leaf_count=26 36 34 24 14 22 54
internal_value=0 0.00764377 -0.00115508 -0.0723246 0.0100077 -0.0765338
internal_weight=0 33.5348 16.5809 3.54419 12.8491 2.65974
internal_count=210 106 80 104 46 68
shrinkage=0.1


Tree=80
num_leaves=7
num_cat=0
split_feature=0 0 0 0 0 0
split_gain=0.0200534 0.00247914 0.00693115 0.000197244 0.000162981 1.72669e-05
threshold=0.35000000000000003 1.0000000180025095e-35 0.15000000000000005 0.45000000000000007 0.25000000000000006 0.75000000000000011
decision_type=2 2 2 2 2 2
left_child=1 -1 -3 -2 -4 -5
right_child=3 2 4 5 -6 -7
leaf_value=0.0016063047504178596 -0.0058614022857561583 -0.0039075247807151513 0.00056048160454418038 -0.0092613394783649765 0.0012849648819587233 -0.0075468059460240397
leaf_weight=16.952481135725975 0.88419863069429949 3.7313611966092166 5.2552988892421109 0.060097199224401598 7.5893763452768326 2.5982889217557386
leaf_count=26 36 34 24 14 22 54
internal_value=0 0.00756014 -0.00113586 -0.0715523 0.00988548 -0.0758557
internal_weight=0 33.5285 16.576 3.54258 12.8447 2.65839
internal_count=210 106 80 104 46 68
shrinkage=0.1


Tree=81
num_leaves=7
num_cat=0
split_feature=0 0 0 0 0 0
split_gain=0.0196239 0.00242014 0.0067546 0.000205606 0.000158703 1.52625e-05
threshold=0.35000000000000003 1.0000000180025095e-35 0.15000000000000005 0.45000000000000007 0.25000000000000006 0.75000000000000011
decision_type=2 2 2 2 2 2
left_child=1 -1 -3 -2 -4 -5
right_child=3 2 4 5 -6 -7
leaf_value=0.0015879583593069705 -0.0057587276784051705 -0.0038569696581964089 0.00055434764634572245 -0.0090959490723164296 0.0012693634815192541 -0.0074829104761019007
leaf_weight=16.951115667819977 0.8839631588198239 3.7308704706374582 5.2543415166437608 0.060014928851160561 7.5859939437359571 2.5970454583875835
leaf_count=26 36 34 24 14 22 54
internal_value=0 0.00747858 -0.00111503 -0.0707983 0.00976775 -0.0751934
internal_weight=0 33.5223 16.5712 3.54102 12.8403 2.65706
internal_count=210 106 80 104 46 68
shrinkage=0.1


Tree=82
num_leaves=7
num_cat=0
split_feature=0 0 0 0 0 0
split_gain=0.0192077 0.00236325 0.0065841 0.000213951 0.000154574 1.34421e-05
threshold=0.35000000000000003 1.0000000180025095e-35 0.15000000000000005 0.45000000000000007 0.25000000000000006 0.75000000000000011
decision_type=2 2 2 2 2 2
left_child=1 -1 -3 -2 -4 -5
right_child=3 2 4 5 -6 -7
leaf_value=0.0015700228899257339 -0.0056581613918775054 -0.0038075431703895597 0.0005483091371452952 -0.0089350233874576877 0.0012540633007327535 -0.0074202482345467119
leaf_weight=16.94977106153965 0.88373865711037003 3.7303919482510564 5.2534044114872795 0.059935410172329617 7.5826657675206661 2.595824089483358
leaf_count=26 36 34 24 14 22 54
internal_value=0 0.00739866 -0.00109498 -0.0700594 0.0096522 -0.0745443
internal_weight=0 33.5162 16.5665 3.5395 12.8361 2.65576
internal_count=210 106 80 104 46 68
shrinkage=0.1


Tree=83
num_leaves=7
num_cat=0
split_feature=0 0 0 0 0 0
split_gain=0.0188052 0.00230852 0.00641903 0.000222275 0.000150266 1.17877e-05
threshold=0.35000000000000003 1.0000000180025095e-35 0.15000000000000005 0.45000000000000007 0.25000000000000006 0.75000000000000011
decision_type=2 2 2 2 2 2
left_child=1 -1 -3 -2 -4 -5
right_child=3 2 4 5 -6 -7
leaf_value=0.0015525376105914532 -0.0055598124515660596 -0.0037591120634723053 0.00054276951051855139 -0.008778357002972869 0.0012387160526258528 -0.007358959245371284
leaf_weight=16.948438420891762 0.88352486147778053 3.7299222070723799 5.252481038682161 0.059858707129024302 7.57939931191504 2.5946280704811215
leaf_count=26 36 34 24 14 22 54
internal_value=0 0.0073206 -0.00107572 -0.0693368 0.00953844 -0.0739097
internal_weight=0 33.5102 16.5618 3.53801 12.8319 2.65449
internal_count=210 106 80 104 46 68
shrinkage=0.1


Tree=84
num_leaves=7
num_cat=0
split_feature=0 0 0 0 0 0
split_gain=0.0184149 0.00225483 0.0062601 0.000230605 0.000146535 1.02825e-05
threshold=0.35000000000000003 1.0000000180025095e-35 0.15000000000000005 0.45000000000000007 0.25000000000000006 0.75000000000000011
decision_type=2 2 2 2 2 2
left_child=1 -1 -3 -2 -4 -5
right_child=3 2 4 5 -6 -7
leaf_value=0.0015352807959386025 -0.0054633481687198573 -0.0037117499564849887 0.00053693303021244514 -0.0086253767019394949 0.0012242796620577099 -0.0072988827621793375
leaf_weight=16.94713382422924 0.88332016387721468 3.7294644450303194 5.251578404568134 0.059784127646708256 7.5761762857437134 2.5934536741115153
leaf_count=26 36 34 24 14 22 54
internal_value=0 0.0072441 -0.00105557 -0.0686285 0.00942886 -0.0732877
internal_weight=0 33.5044 16.5572 3.53656 12.8278 2.65324
internal_count=210 106 80 104 46 68
shrinkage=0.1


Tree=85
num_leaves=7
num_cat=0
split_feature=0 0 0 0 0 0
split_gain=0.0180374 0.00220352 0.0061065 0.000238931 0.000142468 8.92575e-06
threshold=0.35000000000000003 1.0000000180025095e-35 0.15000000000000005 0.45000000000000007 0.25000000000000006 0.75000000000000011
decision_type=2 2 2 2 2 2
left_child=1 -1 -3 -2 -4 -5
right_child=3 2 4 5 -6 -7
leaf_value=0.0015185191773723896 -0.005368922512665103 -0.0036654956763743241 0.000531767909733516 -0.008476761426976764 0.0012096000259338312 -0.0072401437500168022
leaf_weight=16.945841088891029 0.88312674779444866 3.7290166779421297 5.2506893165409547 0.059712325790315275 7.5730154756456614 2.5923041754867882
leaf_count=26 36 34 24 14 22 54
internal_value=0 0.00716937 -0.00103682 -0.0679358 0.0093206 -0.0726799
internal_weight=0 33.4986 16.5527 3.53514 12.8237 2.65202
internal_count=210 106 80 104 46 68
shrinkage=0.1


Tree=86
num_leaves=7
num_cat=0
split_feature=0 0 0 0 0 0
split_gain=0.0176712 0.00215294 0.0059571 0.00024722 0.000138947 7.69965e-06
threshold=0.35000000000000003 1.0000000180025095e-35 0.15000000000000005 0.45000000000000007 0.25000000000000006 0.75000000000000011
decision_type=2 2 2 2 2 2
left_child=1 -1 -3 -2 -4 -5
right_child=3 2 4 5 -6 -7
leaf_value=0.001501931894183088 -0.0052763725696337157 -0.0036197884664161181 0.00052621615363740817 -0.0083317116213182749 0.0011957102186271459 -0.0071825027449315629
leaf_weight=16.944574147462845 0.88294248789315999 3.7285757139325169 5.2498213360086066 0.05964256472361773 7.5698903184384108 2.5911741725867614
leaf_count=26 36 34 24 14 22 54
internal_value=0 0.0070961 -0.00101685 -0.0672563 0.00921545 -0.0720836
internal_weight=0 33.4929 16.5483 3.53376 12.8197 2.65082
internal_count=210 106 80 104 46 68
shrinkage=0.1


Tree=87
num_leaves=7
num_cat=0
split_feature=0 0 0 0 0 0
split_gain=0.0173171 0.0021044 0.00581299 0.000255462 0.000135259 6.5942e-06
threshold=0.35000000000000003 1.0000000180025095e-35 0.15000000000000005 0.45000000000000007 0.25000000000000006 0.75000000000000011
decision_type=2 2 2 2 2 2
left_child=1 -1 -3 -2 -4 -5
right_child=3 2 4 5 -6 -7
leaf_value=0.0014857845395081688 -0.005185933285023577 -0.0035751995638354326 0.00052116271061580202 -0.0081903010456182996 0.0011817990433272711 -0.0071261910602173212
leaf_weight=16.943318843841553 0.88276863057399102 3.728145012632015 5.2489633383229357 0.059575129489531135 7.5668250471353531 2.5900682063074782
leaf_count=26 36 34 24 14 22 54
internal_value=0 0.00702455 -0.000997847 -0.0665926 0.00911222 -0.0715012
internal_weight=0 33.4873 16.5439 3.53241 12.8158 2.64964
internal_count=210 106 80 104 46 68
shrinkage=0.1


Tree=88
num_leaves=7
num_cat=0
split_feature=0 0 0 0 0 0
split_gain=0.0169727 0.0020564 0.00567407 0.000263746 0.000131895 5.60413e-06
threshold=0.35000000000000003 1.0000000180025095e-35 0.15000000000000005 0.45000000000000007 0.25000000000000006 0.75000000000000011
decision_type=2 2 2 2 2 2
left_child=1 -1 -3 -2 -4 -5
right_child=3 2 4 5 -6 -7
leaf_value=0.0014697614024405535 -0.0050968783622440186 -0.0035315038510561857 0.00051613695009994516 -0.0080523592292652459 0.0011685888770659797 -0.0070708480825714213
leaf_weight=16.942087858915329 0.88260125031229053 3.7277270026970681 5.2481214357539994 0.059509642640478311 7.5638027843087912 2.588980587082915
leaf_count=26 36 34 24 14 22 54
internal_value=0 0.00695426 -0.000977504 -0.0659399 0.00901326 -0.070929
internal_weight=0 33.4817 16.5397 3.53109 12.8119 2.64849
internal_count=210 106 80 104 46 68
shrinkage=0.1


Tree=89
num_leaves=7
num_cat=0
split_feature=0 0 0 0 0 0
split_gain=0.0166395 0.00201088 0.00553897 0.000272023 0.000128389 4.7177e-06
threshold=0.35000000000000003 1.0000000180025095e-35 0.15000000000000005 0.45000000000000007 0.25000000000000006 0.75000000000000011
decision_type=2 2 2 2 2 2
left_child=1 -1 -3 -2 -4 -5
right_child=3 2 4 5 -6 -7
leaf_value=0.0014542682364985838 -0.00500969270528232 -0.00348867551177196 0.00051135314853299611 -0.0079178251675096727 0.0011551582543166256 -0.0070168052794241029
leaf_weight=16.940870329737663 0.88244422117713772 3.7273131043184575 5.2472958797588927 0.059446299448609685 7.5608298629522324 2.5879160914337263
leaf_count=26 36 34 24 14 22 54
internal_value=0 0.00688557 -0.000959279 -0.0653021 0.00891401 -0.0703704
internal_weight=0 33.4763 16.5354 3.52981 12.8081 2.64736
internal_count=210 106 80 104 46 68
shrinkage=0.1


Tree=90
num_leaves=7
num_cat=0
split_feature=0 0 0 0 0 0
split_gain=0.0163154 0.00196636 0.00540815 0.000280297 0.000125195 3.93381e-06
threshold=0.35000000000000003 1.0000000180025095e-35 0.15000000000000005 0.45000000000000007 0.25000000000000006 0.75000000000000011
decision_type=2 2 2 2 2 2
left_child=1 -1 -3 -2 -4 -5
right_child=3 2 4 5 -6 -7
leaf_value=0.0014389914768557631 -0.0049239681220801905 -0.0034466282993191513 0.00050643883247278678 -0.0077868669082329705 0.0011422639341603451 -0.0069636836938186553
leaf_weight=16.939667373895645 0.88229391659842749 3.7269070963375297 5.246484191156922 0.059385097236372864 7.5579042788594961 2.586868938524276
leaf_count=26 36 34 24 14 22 54
internal_value=0 0.00681812 -0.000940712 -0.0646752 0.0088174 -0.0698216
internal_weight=0 33.471 16.5313 3.52855 12.8044 2.64625
internal_count=210 106 80 104 46 68
shrinkage=0.1


Tree=91
num_leaves=7
num_cat=0
split_feature=0 0 0 0 0 0
split_gain=0.0160016 0.00192207 0.00528126 0.000288524 0.000122179 3.23363e-06
threshold=0.35000000000000003 1.0000000180025095e-35 0.15000000000000005 0.45000000000000007 0.25000000000000006 0.75000000000000011
decision_type=2 2 2 2 2 2
left_child=1 -1 -3 -2 -4 -5
right_child=3 2 4 5 -6 -7
leaf_value=0.0014238135492411661 -0.0048400632036638223 -0.0034051105600121745 0.00050173112462818868 -0.0076584293041788501 0.0011299292642644532 -0.0069117212410898174
leaf_weight=16.938489943742752 0.8821526420069854 3.7265087214764234 5.245685985311864 0.059325216105208127 7.555011872202158 2.585842412430793
leaf_count=26 36 34 24 14 22 54
internal_value=0 0.00675218 -0.000920072 -0.0640618 0.00872496 -0.0692847
internal_weight=0 33.4657 16.5272 3.52732 12.8007 2.64517
internal_count=210 106 80 104 46 68
shrinkage=0.1


Tree=92
num_leaves=7
num_cat=0
split_feature=0 0 0 0 0 0
split_gain=0.0156972 0.00188028 0.00515851 0.000296742 0.000118939 2.62223e-06
threshold=0.35000000000000003 1.0000000180025095e-35 0.15000000000000005 0.45000000000000007 0.25000000000000006 0.75000000000000011
decision_type=2 2 2 2 2 2
left_child=1 -1 -3 -2 -4 -5
right_child=3 2 4 5 -6 -7
leaf_value=0.0014091683009990474 -0.0047577598885681482 -0.0033646778160330011 0.00049740429137071511 -0.0075335881012341364 0.0011172918808059304 -0.0068608446240413928
leaf_weight=16.937323719263077 0.88202096731401924 3.726120738778266 5.2449010750278813 0.059267559714499263 7.5521732270717621 2.5848358317743987
leaf_count=26 36 34 24 14 22 54
internal_value=0 0.00668763 -0.000901991 -0.0634609 0.0086323 -0.0687592
internal_weight=0 33.4605 16.5232 3.52612 12.7971 2.6441
internal_count=210 106 80 104 46 68
shrinkage=0.1


Tree=93
num_leaves=7
num_cat=0
split_feature=0 0 0 0 0 0
split_gain=0.015401 0.00183955 0.00503946 0.000304961 0.000115964 2.08892e-06
threshold=0.35000000000000003 1.0000000180025095e-35 0.15000000000000005 0.45000000000000007 0.25000000000000006 0.75000000000000011
decision_type=2 2 2 2 2 2
left_child=1 -1 -3 -2 -4 -5
right_child=3 2 4 5 -6 -7
leaf_value=0.0013947540154229704 -0.0046767949137450958 -0.0033249745894764859 0.00049292710335965796 -0.0074115812856415378 0.0011050864323475637 -0.0068108539206135563
leaf_weight=16.936172753572464 0.88189582910854303 3.7257388050202307 5.2441309317946416 0.059211564293946473 7.5493761152029037 2.5838457559002563
leaf_count=26 36 34 24 14 22 54
internal_value=0 0.00662419 -0.000883999 -0.0628703 0.00854159 -0.0682431
internal_weight=0 33.4554 16.5192 3.52495 12.7935 2.64306
internal_count=210 106 80 104 46 68
shrinkage=0.1


Tree=94
num_leaves=7
num_cat=0
split_feature=0 0 0 0 0 0
split_gain=0.0151134 0.00179986 0.00492394 0.00031325 0.000113245 1.62658e-06
threshold=0.35000000000000003 1.0000000180025095e-35 0.15000000000000005 0.45000000000000007 0.25000000000000006 0.75000000000000011
decision_type=2 2 2 2 2 2
left_child=1 -1 -3 -2 -4 -5
right_child=3 2 4 5 -6 -7
leaf_value=0.0013805851313337955 -0.0045970745588229415 -0.0032859555834847775 0.00048830815398183056 -0.0072922589146271312 0.001093320027435787 -0.0067619225711258481
leaf_weight=16.935038268566132 0.88177693187026251 3.7253611097112325 5.2433736892417055 0.059157158510061314 7.5466201305389404 2.5828746983315796
leaf_count=26 36 34 24 14 22 54
internal_value=0 0.006562 -0.000865932 -0.0622911 0.0084529 -0.067738
internal_weight=0 33.4504 16.5154 3.52381 12.79 2.64203
internal_count=210 106 80 104 46 68
shrinkage=0.1


Tree=95
num_leaves=7
num_cat=0
split_feature=0 0 0 0 0 0
split_gain=0.0148346 0.00176107 0.00481256 0.000321417 0.000110382 1.23216e-06
threshold=0.35000000000000003 1.0000000180025095e-35 0.15000000000000005 0.45000000000000007 0.25000000000000006 0.75000000000000011
decision_type=2 2 2 2 2 2
left_child=1 -1 -3 -2 -4 -5
right_child=3 2 4 5 -6 -7
leaf_value=0.0013666478238324202 -0.0045191873749806299 -0.0032478054550517943 0.00048427807658750325 -0.0071757586129197531 0.0010816614227030417 -0.0067139754833964831
leaf_weight=16.933919325470924 0.88166806695517086 3.7249968210235265 5.2426249822601658 0.059104325802764257 7.5439078528434038 2.5819214266957715
leaf_count=26 36 34 24 14 22 54
internal_value=0 0.00650118 -0.000847422 -0.0617241 0.00836727 -0.0672431
internal_weight=0 33.4454 16.5115 3.52269 12.7865 2.64103
internal_count=210 106 80 104 46 68
shrinkage=0.1


Tree=96
num_leaves=7
num_cat=0
split_feature=0 0 0 0 0 0
split_gain=0.0145633 0.00172358 0.00470369 0.00032968 0.000107609 9.00719e-07
threshold=0.35000000000000003 1.0000000180025095e-35 0.15000000000000005 0.45000000000000007 0.25000000000000006 0.75000000000000011
decision_type=2 2 2 2 2 2
left_child=1 -1 -3 -2 -4 -5
right_child=3 2 4 5 -6 -7
leaf_value=0.0013530029489890007 -0.004442318890467015 -0.0032101361511817348 0.00048020057351620487 -0.0070619646996037955 0.0010701005733513116 -0.0066669750044113935
leaf_weight=16.93281501531601 0.88156508113024701 3.7246355775278088 5.2418926674872619 0.059053059914731761 7.5412301607429981 2.5809851489611901
leaf_count=26 36 34 24 14 22 54
internal_value=0 0.00644146 -0.000829642 -0.061167 0.00828204 -0.0667581
internal_weight=0 33.4406 16.5078 3.5216 12.7831 2.64004
internal_count=210 106 80 104 46 68
shrinkage=0.1


Tree=97
num_leaves=7
num_cat=0
split_feature=0 0 0 0 0 0
split_gain=0.0142993 0.00168717 0.00459848 0.000337881 0.000105086 6.27582e-07
threshold=0.35000000000000003 1.0000000180025095e-35 0.15000000000000005 0.45000000000000007 0.25000000000000006 0.75000000000000011
decision_type=2 2 2 2 2 2
left_child=1 -1 -3 -2 -4 -5
right_child=3 2 4 5 -6 -7
leaf_value=0.0013396047365187012 -0.0043668613523246387 -0.0031733085391484166 0.00047597249169238485 -0.006950625241887165 0.0010589804146926569 -0.0066207820063789898
leaf_weight=16.931728258728981 0.88146944867912624 3.7242816428188261 5.2411728119477612 0.059003205431509165 7.5385911371558905 2.5800642695394345
leaf_count=26 36 34 24 14 22 54
internal_value=0 0.00638281 -0.000812177 -0.0606198 0.0081988 -0.0662816
internal_weight=0 33.4358 16.504 3.52054 12.7798 2.63907
internal_count=210 106 80 104 46 68
shrinkage=0.1


Tree=98
num_leaves=7
num_cat=0
split_feature=0 0 0 0 0 0
split_gain=0.0140431 0.00165118 0.00449602 0.000346188 0.00010253 4.08221e-07
threshold=0.35000000000000003 1.0000000180025095e-35 0.15000000000000005 0.45000000000000007 0.25000000000000006 0.75000000000000011
decision_type=2 2 2 2 2 2
left_child=1 -1 -3 -2 -4 -5
right_child=3 2 4 5 -6 -7
leaf_value=0.0013263353750048706 -0.0042924995436034218 -0.0031368828184903347 0.00047211632028717511 -0.0068417988326310367 0.0010480552595403304 -0.006575667418105508
leaf_weight=16.930654093623161 0.88137887616176092 3.7239321558736291 5.2404600847512466 0.05895475436409503 7.5359889697283506 2.5791625446290709
leaf_count=26 36 34 24 14 22 54
internal_value=0 0.00632539 -0.000793496 -0.0600836 0.00811825 -0.0658161
internal_weight=0 33.431 16.5004 3.5195 12.7764 2.63812
internal_count=210 106 80 104 46 68
shrinkage=0.1


Tree=99
num_leaves=7
num_cat=0
split_feature=0 0 0 0 0 0
split_gain=0.0137937 0.00161667 0.00439676 0.000354418 0.00010019 2.39709e-07
threshold=0.35000000000000003 1.0000000180025095e-35 0.15000000000000005 0.45000000000000007 0.25000000000000006 0.75000000000000011
decision_type=2 2 2 2 2 2
left_child=1 -1 -3 -2 -4 -5
right_child=3 2 4 5 -6 -7
leaf_value=0.0013133997749358625 -0.0042195007294355052 -0.0031012925861397251 0.00046801566470912884 -0.0067353090598310759 0.001037405726604247 -0.0065312940881393682
leaf_weight=16.929595440626144 0.8812968975398684 3.7235921556130078 5.2397612603381258 0.058907622500555923 7.533429054543376 2.5782744149910286
leaf_count=26 36 34 24 14 22 54
internal_value=0 0.00626897 -0.000776173 -0.0595566 0.00803833 -0.0653585
internal_weight=0 33.4264 16.4968 3.51848 12.7732 2.63718
internal_count=210 106 80 104 46 68
shrinkage=0.1


end of trees

feature importances:
geographical=600

parameters:
[boosting: gbdt]
[objective: lambdarank]
[metric: ndcg]
[tree_learner: serial]
[device_type: cpu]
[data: ]
[valid: ]
[num_iterations: 100]
[learning_rate: 0.1]
[num_leaves: 16]
[num_threads: -1]
[max_depth: -1]
[min_data_in_leaf: 5]
[min_sum_hessian_in_leaf: 0.001]
[bagging_fraction: 1]
[pos_bagging_fraction: 1]
[neg_bagging_fraction: 1]
[bagging_freq: 0]
[bagging_seed: 3]
[feature_fraction: 1]
[feature_fraction_bynode: 1]
[feature_fraction_seed: 2]
[early_stopping_round: 0]
[first_metric_only: 0]
[max_delta_step: 0]
[lambda_l1: 0]
[lambda_l2: 0]
[min_gain_to_split: 0]
[drop_rate: 0.1]
[max_drop: 50]
[skip_drop: 0.5]
[xgboost_dart_mode: 0]
[uniform_drop: 0]
[drop_seed: 4]
[top_rate: 0.2]
[other_rate: 0.1]
[min_data_per_group: 100]
[max_cat_threshold: 32]
[cat_l2: 10]
[cat_smooth: 10]
[max_cat_to_onehot: 4]
[top_k: 20]
[monotone_constraints: ]
[feature_contri: ]
[forcedsplits_filename: ]
[forcedbins_filename: ]
[refit_decay_rate: 0.9]
[cegb_tradeoff: 1]
[cegb_penalty_split: 0]
[cegb_penalty_feature_lazy: ]
[cegb_penalty_feature_coupled: ]
[verbosity: -1]
[max_bin: 255]
[max_bin_by_feature: ]
[min_data_in_bin: 3]
[bin_construct_sample_cnt: 200000]
[histogram_pool_size: -1]
[data_random_seed: 1]
[output_model: LightGBM_model.txt]
[snapshot_freq: -1]
[input_model: ]
[output_result: LightGBM_predict_result.txt]
[initscore_filename: ]
[valid_data_initscores: ]
[pre_partition: 0]
[enable_bundle: 1]
[max_conflict_rate: 0]
[is_enable_sparse: 1]
[sparse_threshold: 0.8]
[use_missing: 1]
[zero_as_missing: 0]
[two_round: 0]
[save_binary: 0]
[header: 0]
[label_column: ]
[weight_column: ]
[group_column: ]
[ignore_column: ]
[categorical_feature: ]
[predict_raw_score: 0]
[predict_leaf_index: 0]
[predict_contrib: 0]
[num_iteration_predict: -1]
[pred_early_stop: 0]
[pred_early_stop_freq: 10]
[pred_early_stop_margin: 10]
[convert_model_language: ]
[convert_model: gbdt_prediction.cpp]
[num_class: 1]
[is_unbalance: 0]
[scale_pos_weight: 1]
[sigmoid: 1]
[boost_from_average: 1]
[reg_sqrt: 0]
[alpha: 0.9]
[fair_c: 1]
[poisson_max_delta_step: 0.7]
[tweedie_variance_power: 1.5]
[max_position: 20]
[lambdamart_norm: 1]
[label_gain: ]
[metric_freq: 1]
[is_provide_training_metric: 0]
[eval_at: 1]
[multi_error_top_k: 1]
[num_machines: 1]
[local_listen_port: 12400]
[time_out: 120]
[machine_list_filename: ]
[machines: ]
[gpu_platform_id: -1]
[gpu_device_id: -1]
[gpu_use_dp: 0]

end of parameters

pandas_categorical:null
