tree
version=v3
num_class=1
num_tree_per_iteration=1
label_index=0
max_feature_idx=0
objective=lambdarank
feature_names=geographical
feature_infos=[0:1]
tree_sizes=738 739 743 743 744 742 746 747 746 747 758 749 757 751 756 752 755 749 760 753 758 754 752 755 760 752 761 760 752 761 757 762 757 758 763 757 763 761 755 764 763 761 762 760 766 767 761 767 765 766 768 767 766 769 767 766 764 769 763 764 770 768 765 769 771 764 769 767 765 770 768 769 764 768 770 765 768 769 769 764 768 769 768 767 768 768 770 764 767 771 771 766 768 770 769 762 770 770 768 766

Tree=0
num_leaves=6
num_cat=0
split_feature=0 0 0 0 0
split_gain=11.7953 0.783156 0.726927 0.347379 0.0696278
threshold=0.35000000000000003 1.0000000180025095e-35 0.75000000000000011 0.15000000000000005 0.45000000000000007
decision_type=2 2 2 2 2
left_child=1 -1 4 -3 -2
right_child=2 3 -4 -5 -6
leaf_value=0.13989616529210611 -0.13425598382942269 0.043491158892810786 -0.068433704766629785 0.10677080772303892 -0.18555742657766905
leaf_weight=2.8031995017081499 1.166776407510042 2.1222116556018591 6.1517641609534621 1.4673154605552556 0.34213684685528267
leaf_count=26 36 34 78 22 14
internal_value=0 1.00289 -0.836898 0.693584 -1.45888
internal_weight=0 6.39273 7.66068 3.58953 1.50891
internal_count=210 82 128 56 50
shrinkage=0.1


Tree=1
num_leaves=6
num_cat=0
split_feature=0 0 0 0 0
split_gain=4.02879 1.44612 0.509216 1.44605 0.1087
threshold=0.35000000000000003 0.75000000000000011 1.0000000180025095e-35 0.15000000000000005 0.45000000000000007
decision_type=2 2 2 2 2
left_child=2 4 -1 -4 -2
right_child=1 -3 3 -5 -6
leaf_value=0.028183215370334486 -0.11477410200888885 -0.035093527776880365 -0.034910750877209067 0.028757637925067431 -0.16404082573073495
leaf_weight=16.834547117352489 1.8442640537396058 5.8750355616211891 6.0326061546802512 8.7289765775203687 0.59146294742822636
leaf_count=26 36 78 34 22 14
internal_value=0 -0.619526 0.162955 0.0273832 -1.26737
internal_weight=0 8.31076 31.5961 14.7616 2.43573
internal_count=210 128 82 56 50
shrinkage=0.1


Tree=2
num_leaves=6
num_cat=0
split_feature=0 0 0 0 0
split_gain=2.49334 0.794604 0.256828 0.0836434 0.0192468
threshold=0.35000000000000003 0.75000000000000011 0.25000000000000006 0.45000000000000007 1.0000000180025095e-35
decision_type=2 2 2 2 2
left_child=2 3 4 -2 -1
right_child=1 -3 -4 -5 -6
leaf_value=0.019140847096302985 -0.096560230794091428 -0.032694509194493314 -0.0049119744098447531 -0.14811391994680326 0.0130920028486369
leaf_weight=16.885822936892517 1.4980603014118958 5.718243177048862 6.6410893164575091 0.39840877521783102 7.6405412666499606
leaf_count=26 36 78 18 14 38
internal_value=0 -0.512978 0.125329 -1.07391 0.172565
internal_weight=0 7.61471 31.1675 1.89647 24.5264
internal_count=210 128 82 50 64
shrinkage=0.1


Tree=3
num_leaves=6
num_cat=0
split_feature=0 0 0 0 0
split_gain=1.81285 0.52127 0.344733 0.784072 0.0774162
threshold=0.35000000000000003 0.75000000000000011 0.15000000000000005 1.0000000180025095e-35 0.45000000000000007
decision_type=2 2 2 2 2
left_child=2 4 3 -1 -2
right_child=1 -3 -4 -5 -6
leaf_value=0.015617633126116047 -0.082067292990306684 -0.02962925686334112 0.029380632788757213 -0.026860154230422859 -0.13616026435478065
leaf_weight=16.921745792031295 1.4149267058819521 5.6804007487371564 7.539177354425191 5.8468716572970143 0.32542707584798325
leaf_count=26 36 78 22 34 14
internal_value=0 -0.442995 0.108466 0.0470954 -0.921821
internal_weight=0 7.42075 30.3078 22.7686 1.74035
internal_count=210 128 82 60 50
shrinkage=0.1


Tree=4
num_leaves=6
num_cat=0
split_feature=0 0 0 0 0
split_gain=1.3371 0.358191 0.287673 0.470803 0.0598388
threshold=0.35000000000000003 0.75000000000000011 0.15000000000000005 1.0000000180025095e-35 0.45000000000000007
decision_type=2 2 2 2 2
left_child=2 4 3 -1 -2
right_child=1 -3 -4 -5 -6
leaf_value=0.011786414970467158 -0.073039099754167752 -0.02731314183592581 0.025927264028793737 -0.021548608504395567 -0.12579967560828811
leaf_weight=17.017524331808097 1.2709578266367305 5.5535811670124531 7.6386398971080771 5.6412983406335107 0.25872164824977506
leaf_count=26 36 78 22 34 14
internal_value=0 -0.391151 0.0914474 0.034871 -0.819627
internal_weight=0 7.08326 30.2975 22.6588 1.52968
internal_count=210 128 82 60 50
shrinkage=0.1


Tree=5
num_leaves=6
num_cat=0
split_feature=0 0 0 0 0
split_gain=1.00586 0.265762 0.304249 0.265575 0.0430974
threshold=0.35000000000000003 0.15000000000000005 1.0000000180025095e-35 0.75000000000000011 0.45000000000000007
decision_type=2 2 2 2 2
left_child=1 2 -1 4 -2
right_child=3 -3 -4 -5 -6
leaf_value=0.0087598724769443314 -0.067405577692452548 0.023467930506900034 -0.018197199743741 -0.025192439414729179 -0.11702515558094478
leaf_weight=17.180220529437072 1.1137625384144474 7.9157243967056266 5.53591255377978 5.4042431339621544 0.20768343284726129
leaf_count=26 36 22 34 78 14
internal_value=0 0.0768886 0.0219044 -0.350186 -0.75204
internal_weight=0 30.6319 22.7161 6.72569 1.32145
internal_count=210 82 60 128 50
shrinkage=0.1


Tree=6
num_leaves=6
num_cat=0
split_feature=0 0 0 0 0
split_gain=1.37477 0.0679284 0.24207 0.0520193 0.0272904
threshold=0.25000000000000006 0.35000000000000003 0.75000000000000011 1.0000000180025095e-35 0.45000000000000007
decision_type=2 2 2 2 2
left_child=3 -2 4 -1 -3
right_child=1 2 -4 -5 -6
leaf_value=0.010383228176706158 -0.019456948541751538 -0.068721523281451508 -0.024981863419403727 0.02013479539023259 -0.11141766659638835
leaf_weight=17.099926128983501 6.1332894042134267 1.0046809636987744 5.2649634378030896 8.0435197781771404 0.17591622471809376
leaf_count=26 18 36 78 38 14
internal_value=0 -0.269903 -0.341587 0.135028 -0.750835
internal_weight=0 12.5789 6.44556 25.1434 1.1806
internal_count=210 146 128 64 50
shrinkage=0.1


Tree=7
num_leaves=6
num_cat=0
split_feature=0 0 0 0 0
split_gain=0.815576 0.306934 0.290715 0.196093 0.0297913
threshold=0.35000000000000003 0.15000000000000005 1.0000000180025095e-35 0.75000000000000011 0.45000000000000007
decision_type=2 2 2 2 2
left_child=1 2 -1 4 -2
right_child=3 -3 -4 -5 -6
leaf_value=0.0078528230161016531 -0.060677159781902447 0.024901149505447532 -0.018268427936126434 -0.023263549996675265 -0.10468905439135656
leaf_weight=17.013228535652168 1.0963916983455408 7.2861244902014723 5.6841884339228264 5.413600011728704 0.17889176844619203
leaf_count=26 36 22 34 78 14
internal_value=0 0.0704365 0.0131119 -0.315738 -0.66851
internal_weight=0 29.9835 22.6974 6.68888 1.27528
internal_count=210 82 60 128 50
shrinkage=0.1


Tree=8
num_leaves=6
num_cat=0
split_feature=0 0 0 0 0
split_gain=0.818261 0.109697 0.14353 0.0297491 0.00127244
threshold=0.25000000000000006 0.35000000000000003 0.75000000000000011 0.45000000000000007 1.0000000180025095e-35
decision_type=2 2 2 2 2
left_child=4 -2 3 -3 -1
right_child=1 2 -4 -5 -6
leaf_value=0.01006481650180817 -0.010830138607735997 -0.054274302944035513 -0.022713248771086547 -0.10044254327204497 0.01162716175181757
leaf_weight=16.861730203032497 5.5188745707273466 1.1176950517110524 5.3270514868199825 0.15948355011641968 7.5457518761977544
leaf_count=26 18 36 78 14 38
internal_value=0 -0.21236 -0.299317 -0.600394 0.105478
internal_weight=0 12.1231 6.60423 1.27718 24.4075
internal_count=210 146 128 50 64
shrinkage=0.1


Tree=9
num_leaves=6
num_cat=0
split_feature=0 0 0 0 0
split_gain=0.618334 0.194343 0.273469 0.121394 0.0266008
threshold=0.35000000000000003 0.15000000000000005 1.0000000180025095e-35 0.75000000000000011 0.45000000000000007
decision_type=2 2 2 2 2
left_child=1 2 -1 4 -2
right_child=3 -3 -4 -5 -6
leaf_value=0.008086866034603981 -0.050049805469379052 0.020801574116452712 -0.017258988393673819 -0.021002521991352219 -0.094674711215168739
leaf_weight=16.86983963847161 1.1192580829374481 6.9637535847723475 5.6936310818418852 5.3629596708342433 0.15168223693035532
leaf_count=26 36 22 34 78 14
internal_value=0 0.0619817 0.0169113 -0.275878 -0.553756
internal_weight=0 29.5272 22.5635 6.6339 1.27094
internal_count=210 82 60 128 50
shrinkage=0.1


Tree=10
num_leaves=6
num_cat=0
split_feature=0 0 0 0 0
split_gain=0.57966 0.0951448 0.0941253 0.0244681 5.67609e-05
threshold=0.25000000000000006 0.35000000000000003 0.75000000000000011 0.45000000000000007 1.0000000180025095e-35
decision_type=2 2 2 2 2
left_child=4 -2 3 -3 -1
right_child=1 2 -4 -5 -6
leaf_value=0.0087801220510915559 -0.0081605923475108408 -0.045901585297822366 -0.020330606463714766 -0.090684726234784255 0.0091127956553676125
leaf_weight=16.809065178036693 5.3178071752190572 1.1180251184850929 5.2979469243437052 0.13694733218289901 7.3807851485908023
leaf_count=26 18 36 78 14 38
internal_value=0 -0.180987 -0.261637 -0.507885 0.0888163
internal_weight=0 11.8707 6.55292 1.25497 24.1899
internal_count=210 146 128 50 64
shrinkage=0.1


Tree=11
num_leaves=6
num_cat=0
split_feature=0 0 0 0 0
split_gain=0.47887 0.154186 0.237168 0.0808907 0.0215203
threshold=0.35000000000000003 0.15000000000000005 1.0000000180025095e-35 0.75000000000000011 0.45000000000000007
decision_type=2 2 2 2 2
left_child=1 2 -1 4 -2
right_child=3 -3 -4 -5 -6
leaf_value=0.007467533370180331 -0.042871927196107121 0.018716693274678415 -0.016151580111660298 -0.019045038787831144 -0.085848731330098002
leaf_weight=16.813787534832962 1.1148306825198222 6.7608524151146403 5.6901045925915232 5.3152522435411811 0.13011339074000705
leaf_count=26 36 22 34 78 14
internal_value=0 0.0547396 0.0149545 -0.244191 -0.473636
internal_weight=0 29.2647 22.5039 6.5602 1.24494
internal_count=210 82 60 128 50
shrinkage=0.1


Tree=12
num_leaves=6
num_cat=0
split_feature=0 0 0 0 0
split_gain=0.446491 0.0769936 0.0645746 0.0194587 1.59108e-05
threshold=0.25000000000000006 0.35000000000000003 0.75000000000000011 0.45000000000000007 1.0000000180025095e-35
decision_type=2 2 2 2 2
left_child=4 -2 3 -3 -1
right_child=1 2 -4 -5 -6
leaf_value=0.0078514987350451586 -0.0069626204607247267 -0.039787157750508395 -0.018460590346392899 -0.082313134515706321 0.0076743524250435157
leaf_weight=16.774735867977146 5.209602050483225 1.1117473535705356 5.2631847327575088 0.11912803084123869 7.2665724828839293
leaf_count=26 18 36 78 14 38
internal_value=0 -0.160183 -0.232829 -0.43903 0.0779796
internal_weight=0 11.7037 6.49406 1.23088 24.0413
internal_count=210 146 128 50 64
shrinkage=0.1


Tree=13
num_leaves=6
num_cat=0
split_feature=0 0 0 0 0
split_gain=0.382357 0.128022 0.205289 0.0562586 0.0170508
threshold=0.35000000000000003 0.15000000000000005 1.0000000180025095e-35 0.75000000000000011 0.45000000000000007
decision_type=2 2 2 2 2
left_child=1 2 -1 4 -2
right_child=3 -3 -4 -5 -6
leaf_value=0.0068657045932094124 -0.037475992413440205 0.017133059015164445 -0.015124568666374098 -0.017451453171803969 -0.078120919029214114
leaf_weight=16.777081519365318 1.1087323513347644 6.6111379638314238 5.6833788417279711 5.2749320263974369 0.11380706122145046
leaf_count=26 36 22 34 78 14
internal_value=0 0.0490158 0.013013 -0.219311 -0.412597
internal_weight=0 29.0716 22.4605 6.49747 1.22254
internal_count=210 82 60 128 50
shrinkage=0.1


Tree=14
num_leaves=6
num_cat=0
split_feature=0 0 0 0 0
split_gain=0.359753 0.0620868 0.0458479 0.0153257 8.34255e-05
threshold=0.25000000000000006 0.35000000000000003 0.75000000000000011 0.45000000000000007 1.0000000180025095e-35
decision_type=2 2 2 2 2
left_child=4 -2 3 -3 -1
right_child=1 2 -4 -5 -6
leaf_value=0.0071244693832116061 -0.00626823279339729 -0.035067933222678663 -0.016949815457532106 -0.074968836497510641 0.0067169902513498254
leaf_weight=16.748599216341976 5.1350663304328901 1.1055814782157538 5.2315753009170294 0.10544255247805256 7.1776961181312791
leaf_count=26 18 36 78 14 38
internal_value=0 -0.144707 -0.210085 -0.385421 0.0700223
internal_weight=0 11.5777 6.4426 1.21102 23.9263
internal_count=210 146 128 50 64
shrinkage=0.1


Tree=15
num_leaves=6
num_cat=0
split_feature=0 0 0 0 0
split_gain=0.312967 0.108874 0.178974 0.0403983 0.0134363
threshold=0.35000000000000003 0.15000000000000005 1.0000000180025095e-35 0.75000000000000011 0.45000000000000007
decision_type=2 2 2 2 2
left_child=1 2 -1 4 -2
right_child=3 -3 -4 -5 -6
leaf_value=0.0063406440586418981 -0.033237063849294479 0.015845608616649257 -0.014205858577588571 -0.016130328295197657 -0.071278790343997811
leaf_weight=16.749410167336471 1.1033795392140735 6.4920124486088744 5.6762194726616135 5.2408910389058292 0.10137549717910577
leaf_count=26 36 22 34 78 14
internal_value=0 0.0444145 0.0114006 -0.199261 -0.364381
internal_weight=0 28.9176 22.4256 6.44565 1.20476
internal_count=210 82 60 128 50
shrinkage=0.1


Tree=16
num_leaves=6
num_cat=0
split_feature=0 0 0 0 0
split_gain=0.298613 0.0505161 0.0334484 0.012059 0.000130226
threshold=0.25000000000000006 0.35000000000000003 0.75000000000000011 0.45000000000000007 1.0000000180025095e-35
decision_type=2 2 2 2 2
left_child=4 -2 3 -3 -1
right_child=1 2 -4 -5 -6
leaf_value=0.0065341321119854927 -0.0058040960620891219 -0.03129726634222714 -0.015696642578385541 -0.068453184188881661 0.0060231122249996948
leaf_weight=16.72728526592255 5.0777732841670495 1.1004805134143678 5.2038706634193659 0.094879313954152028 7.104922240599989
leaf_count=26 18 36 78 14 38
internal_value=0 -0.132519 -0.191617 -0.342464 0.0638179
internal_weight=0 11.477 6.39923 1.19536 23.8322
internal_count=210 146 128 50 64
shrinkage=0.1


Tree=17
num_leaves=6
num_cat=0
split_feature=0 0 0 0 0
split_gain=0.261332 0.0941587 0.157382 0.029756 0.0105977
threshold=0.35000000000000003 0.15000000000000005 1.0000000180025095e-35 0.75000000000000011 0.45000000000000007
decision_type=2 2 2 2 2
left_child=1 2 -1 4 -2
right_child=3 -3 -4 -5 -6
leaf_value=0.0058886639199532895 -0.02980889148292358 0.01476789675461644 -0.013390512949582094 -0.015014351309963488 -0.065181463370124454
leaf_weight=16.727122545242317 1.0990636216010887 6.393050540238618 5.6694143787026396 5.2118365140631795 0.091771074105054029
leaf_count=26 36 22 34 78 14
internal_value=0 0.0406383 0.0100837 -0.18273 -0.325349
internal_weight=0 28.7896 22.3965 6.40267 1.19083
internal_count=210 82 60 128 50
shrinkage=0.1


Tree=18
num_leaves=6
num_cat=0
split_feature=0 0 0 0 0
split_gain=0.253293 0.0415795 0.0249504 0.00951871 0.000150943
threshold=0.25000000000000006 0.35000000000000003 0.75000000000000011 0.45000000000000007 1.0000000180025095e-35
decision_type=2 2 2 2 2
left_child=4 -2 3 -3 -1
right_child=1 2 -4 -5 -6
leaf_value=0.0060432733026816758 -0.0054636387543230578 -0.028210090034165275 -0.014636126344204123 -0.062641477489528682 0.0054913346137067318
leaf_weight=16.709221526980404 5.0310263410210592 1.0964747429825363 5.1796733103692532 0.086635492392815552 7.0435121282935134
leaf_count=26 18 36 78 14 38
internal_value=0 -0.122572 -0.176289 -0.307314 0.058796
internal_weight=0 11.3938 6.36278 1.18311 23.7527
internal_count=210 146 128 50 64
shrinkage=0.1


Tree=19
num_leaves=6
num_cat=0
split_feature=0 0 0 0 0
split_gain=0.221796 0.0824795 0.139558 0.0223763 0.00839477
threshold=0.35000000000000003 0.15000000000000005 1.0000000180025095e-35 0.75000000000000011 0.45000000000000007
decision_type=2 2 2 2 2
left_child=1 2 -1 4 -2
right_child=3 -3 -4 -5 -6
leaf_value=0.005498679053499698 -0.026975088346282358 0.013846931758500693 -0.012666025974728276 -0.014056820683574193 -0.059732239590371619
leaf_weight=16.70842036604882 1.0956836026161898 6.3085031099617472 5.6631644507870069 5.1867487439885736 0.084249834297224768
leaf_count=26 36 22 34 78 14
internal_value=0 0.0374817 0.00900448 -0.168844 -0.29314
internal_weight=0 28.6801 22.3716 6.36668 1.17993
internal_count=210 82 60 128 50
shrinkage=0.1


Tree=20
num_leaves=6
num_cat=0
split_feature=0 0 0 0 0
split_gain=0.218458 0.0346069 0.0189588 0.00755725 0.0001541
threshold=0.25000000000000006 0.35000000000000003 0.75000000000000011 0.45000000000000007 1.0000000180025095e-35
decision_type=2 2 2 2 2
left_child=4 -2 3 -3 -1
right_child=1 2 -4 -5 -6
leaf_value=0.0056271953242532334 -0.0051981096117133026 -0.025633000761263521 -0.01372316536562161 -0.057449312353825381 0.0050679551333989159
leaf_weight=16.693534091115001 4.9914272688329202 1.0933878200594334 5.1584195489995182 0.080126907618250573 6.9906228287145487
leaf_count=26 18 36 78 14 38
internal_value=0 -0.114247 -0.163331 -0.278054 0.0546213
internal_weight=0 11.3234 6.33193 1.17351 23.6842
internal_count=210 146 128 50 64
shrinkage=0.1


Tree=21
num_leaves=6
num_cat=0
split_feature=0 0 0 0 0
split_gain=0.190787 0.0730092 0.124703 0.0171199 0.00669263
threshold=0.35000000000000003 0.15000000000000005 1.0000000180025095e-35 0.75000000000000011 0.45000000000000007
decision_type=2 2 2 2 2
left_child=1 2 -1 4 -2
right_child=3 -3 -4 -5 -6
leaf_value=0.0051593572925181077 -0.024591412604717453 0.013048575067651733 -0.012019923004998618 -0.013223965373591716 -0.054859195794162985
leaf_weight=16.692323401570327 1.093081707600503 6.2348281219601622 5.6574876457452765 5.164841185323894 0.078284516057465101
leaf_count=26 36 22 34 78 14
internal_value=0 0.0348001 0.00810705 -0.156994 -0.266143
internal_weight=0 28.5846 22.3498 6.33621 1.17137
internal_count=210 82 60 128 50
shrinkage=0.1


Tree=22
num_leaves=6
num_cat=0
split_feature=0 0 0 0 0
split_gain=0.190929 0.0291078 0.01463 0.0060435 0.000147663
threshold=0.25000000000000006 0.35000000000000003 0.75000000000000011 0.45000000000000007 1.0000000180025095e-35
decision_type=2 2 2 2 2
left_child=4 -2 3 -3 -1
right_child=1 2 -4 -5 -6
leaf_value=0.0052693080283223257 -0.0049805629888434143 -0.023448118630078337 -0.012927527517748384 -0.05280772016519391 0.0047205220355815885
leaf_weight=16.679673627018932 4.9570385813713056 1.0910452064126728 5.139633608981967 0.0749261388555168 6.9443553369492284
leaf_count=26 18 36 78 14 38
internal_value=0 -0.107143 -0.152218 -0.253348 0.0510799
internal_weight=0 11.2626 6.3056 1.16597 23.624
internal_count=210 146 128 50 64
shrinkage=0.1


Tree=23
num_leaves=6
num_cat=0
split_feature=0 0 0 0 0
split_gain=0.165982 0.0651872 0.112195 0.0132918 0.00537575
threshold=0.35000000000000003 0.15000000000000005 1.0000000180025095e-35 0.75000000000000011 0.45000000000000007
decision_type=2 2 2 2 2
left_child=1 2 -1 4 -2
right_child=3 -3 -4 -5 -6
leaf_value=0.0048617711827058131 -0.022558929768133045 0.012347795960617511 -0.01144050373294881 -0.012491604008216445 -0.050500300320051254
leaf_weight=16.678193792700775 1.0911138802766789 6.1696613766252986 5.6523358374834052 5.1455255164764822 0.073494233598466852
leaf_count=26 36 22 34 78 14
internal_value=0 0.0324916 0.00735316 -0.146751 -0.243222
internal_weight=0 28.5002 22.3305 6.31013 1.16461
internal_count=210 82 60 128 50
shrinkage=0.1


Tree=24
num_leaves=6
num_cat=0
split_feature=0 0 0 0 0
split_gain=0.168684 0.0247159 0.0114418 0.00487139 0.000136233
threshold=0.25000000000000006 0.35000000000000003 0.75000000000000011 0.45000000000000007 1.0000000180025095e-35
decision_type=2 2 2 2 2
left_child=4 -2 3 -3 -1
right_child=1 2 -4 -5 -6
leaf_value=0.0049573455399942873 -0.0047958809973554419 -0.02157335728032074 -0.012225973893262326 -0.048657176265487441 0.0044290671347658626
leaf_weight=16.667282938957218 4.9266275055706483 1.0893076881766317 5.1228934833779931 0.070721567317377679 6.9033947223797432
leaf_count=26 18 36 78 14 38
internal_value=0 -0.100986 -0.142567 -0.232245 0.0480262
internal_weight=0 11.2096 6.28292 1.16003 23.5707
internal_count=210 146 128 50 64
shrinkage=0.1


Tree=25
num_leaves=6
num_cat=0
split_feature=0 0 0 0 0
split_gain=0.145797 0.0586455 0.101549 0.0104472 0.0043536
threshold=0.35000000000000003 0.15000000000000005 1.0000000180025095e-35 0.75000000000000011 0.45000000000000007
decision_type=2 2 2 2 2
left_child=1 2 -1 4 -2
right_child=3 -3 -4 -5 -6
leaf_value=0.0045981054095174867 -0.020804302045045166 0.011727354067426553 -0.01091773610168912 -0.011841611145664942 -0.046600665173505994
leaf_weight=16.66563646495343 1.0896477797068644 6.1113522835075846 5.6476465752348295 5.1283462061546743 0.069602193776517995
leaf_count=26 36 22 34 78 14
internal_value=0 0.0304809 0.00670938 -0.137796 -0.223531
internal_weight=0 28.4246 22.3133 6.2876 1.15925
internal_count=210 82 60 128 50
shrinkage=0.1


Tree=26
num_leaves=6
num_cat=0
split_feature=0 0 0 0 0
split_gain=0.150389 0.0211645 0.00904874 0.00396013 0.000122553
threshold=0.25000000000000006 0.35000000000000003 0.75000000000000011 0.45000000000000007 1.0000000180025095e-35
decision_type=2 2 2 2 2
left_child=4 -2 3 -3 -1
right_child=1 2 -4 -5 -6
leaf_value=0.0046825490905750425 -0.0046354324430484227 -0.01994605263258525 -0.011602130508532961 -0.044945113702265296 0.0041805029154599318
leaf_weight=16.656090050935749 4.8993829004466516 1.0880436315201221 5.1078841886483133 0.067285404540598281 6.8667611088603726
leaf_count=26 18 36 78 14 38
internal_value=0 -0.0955866 -0.134098 -0.21402 0.0453599
internal_weight=0 11.1626 6.26321 1.15533 23.5229
internal_count=210 146 128 50 64
shrinkage=0.1


Tree=27
num_leaves=6
num_cat=0
split_feature=0 0 0 0 0
split_gain=0.130762 0.023566 0.00829975 0.00355586 0.000111608
threshold=0.25000000000000006 0.35000000000000003 0.75000000000000011 0.45000000000000007 1.0000000180025095e-35
decision_type=2 2 2 2 2
left_child=4 -2 3 -3 -1
right_child=1 2 -4 -5 -6
leaf_value=0.0043630981627543605 -0.0036998123974030083 -0.019275364674385995 -0.011260047279739217 -0.043111001241126823 0.0038838990401750327
leaf_weight=16.654337242245678 4.8388051204383355 1.0885977642610667 5.1129536796361208 0.066406060534063616 6.8632566444575778
leaf_count=26 18 36 78 14 38
internal_value=0 -0.0894236 -0.129896 -0.206458 0.0422325
internal_weight=0 11.1068 6.26796 1.155 23.5176
internal_count=210 146 128 50 64
shrinkage=0.1


Tree=28
num_leaves=6
num_cat=0
split_feature=0 0 0 0 0
split_gain=0.121574 0.0603715 0.0913456 0.00761183 0.0032025
threshold=0.35000000000000003 0.15000000000000005 1.0000000180025095e-35 0.75000000000000011 0.45000000000000007
decision_type=2 2 2 2 2
left_child=1 2 -1 4 -2
right_child=3 -3 -4 -5 -6
leaf_value=0.0041218419269673416 -0.018647699935669327 0.011690083759870877 -0.010592068714815685 -0.010946980910165856 -0.04142259008513393
leaf_weight=16.65301142632962 1.0879602706991125 6.0049793012440196 5.6509381812065831 5.114226283505559 0.065456037176772841
leaf_count=26 36 22 34 78 14
internal_value=0 0.027901 0.00393919 -0.12602 -0.199402
internal_weight=0 28.3089 22.3039 6.26764 1.15342
internal_count=210 82 60 128 50
shrinkage=0.1


Tree=29
num_leaves=6
num_cat=0
split_feature=0 0 0 0 0
split_gain=0.120146 0.0196765 0.00662053 0.00293654 0.000127814
threshold=0.25000000000000006 0.35000000000000003 0.75000000000000011 0.45000000000000007 1.0000000180025095e-35
decision_type=2 2 2 2 2
left_child=4 -2 3 -3 -1
right_child=1 2 -4 -5 -6
leaf_value=0.0042003945954235244 -0.0037900771455850108 -0.017916859503223019 -0.010742489021423723 -0.040014937937582956 0.003686636417975531
leaf_weight=16.643687412142757 4.8286842331290227 1.0876123409252612 5.0968189910054207 0.063654461904661619 6.8293507099151602
leaf_count=26 18 36 78 14 38
internal_value=0 -0.0858439 -0.122896 -0.191387 0.0405092
internal_weight=0 11.0768 6.24809 1.15127 23.473
internal_count=210 146 128 50 64
shrinkage=0.1


Tree=30
num_leaves=6
num_cat=0
split_feature=0 0 0 0 0
split_gain=0.108848 0.0531483 0.0838559 0.00609799 0.0026562
threshold=0.35000000000000003 0.15000000000000005 1.0000000180025095e-35 0.75000000000000011 0.45000000000000007
decision_type=2 2 2 2 2
left_child=1 2 -1 4 -2
right_child=3 -3 -4 -5 -6
leaf_value=0.0039697637969078308 -0.017363625912876872 0.011023106683735092 -0.010134310990306858 -0.010459149296080503 -0.038496067666029449
leaf_weight=16.642246842384345 1.0874365452909831 5.9675071127712718 5.6454334147274485 5.0988492807373405 0.062920249678427242
leaf_count=26 36 22 34 78 14
internal_value=0 0.0264142 0.00397224 -0.119429 -0.185195
internal_weight=0 28.2552 22.2877 6.24921 1.15036
internal_count=210 82 60 128 50
shrinkage=0.1


Tree=31
num_leaves=6
num_cat=0
split_feature=0 0 0 0 0
split_gain=0.110555 0.0166673 0.00532959 0.00244323 0.000129484
threshold=0.25000000000000006 0.35000000000000003 0.75000000000000011 0.45000000000000007 1.0000000180025095e-35
decision_type=2 2 2 2 2
left_child=4 -2 3 -3 -1
right_child=1 2 -4 -5 -6
leaf_value=0.0040382303307443549 -0.0038289031100731501 -0.016718679487050171 -0.010271581833861535 -0.037227039738617768 0.003520264552961368
leaf_weight=16.634187206625942 4.8166571184992772 1.0869045328581703 5.0827607531100512 0.061370226030703523 6.7989491745829573
leaf_count=26 18 36 78 14 38
internal_value=0 -0.0824668 -0.116617 -0.178148 0.0388795
internal_weight=0 11.0477 6.23104 1.14827 23.4331
internal_count=210 146 128 50 64
shrinkage=0.1


Tree=32
num_leaves=6
num_cat=0
split_feature=0 0 0 0 0
split_gain=0.098712 0.0179962 0.00492687 0.00221943 0.000129413
threshold=0.25000000000000006 0.35000000000000003 0.75000000000000011 0.45000000000000007 1.0000000180025095e-35
decision_type=2 2 2 2 2
left_child=4 -2 3 -3 -1
right_child=1 2 -4 -5 -6
leaf_value=0.0038202305927695283 -0.0031913765274242962 -0.016227050873644865 -0.010013648710407528 -0.035860195440103625 0.0033023243710589931
leaf_weight=16.632653549313549 4.7759158872067911 1.0870688660070298 5.0852468549273908 0.060799132217652985 6.7962106913328162
leaf_count=26 18 36 78 14 38
internal_value=0 -0.078103 -0.113494 -0.17267 0.0367
internal_weight=0 11.009 6.23311 1.14787 23.4289
internal_count=210 146 128 50 64
shrinkage=0.1


Tree=33
num_leaves=6
num_cat=0
split_feature=0 0 0 0 0
split_gain=0.0930596 0.0523316 0.0765012 0.00455607 0.00202135
threshold=0.35000000000000003 0.15000000000000005 1.0000000180025095e-35 0.75000000000000011 0.45000000000000007
decision_type=2 2 2 2 2
left_child=1 2 -1 4 -2
right_child=3 -3 -4 -5 -6
leaf_value=0.0036440804243034019 -0.015762941347854647 0.010827027359054837 -0.0098277713898024602 -0.0097734285525572853 -0.03458816554410088
leaf_weight=16.631439283490188 1.0865654854569573 5.8923734258860341 5.6461414359509936 5.0856870436109602 0.060197433369466931
leaf_count=26 36 22 34 78 14
internal_value=0 0.0244637 0.00229707 -0.110573 -0.167511
internal_weight=0 28.17 22.2776 6.23245 1.14676
internal_count=210 82 60 128 50
shrinkage=0.1


Tree=34
num_leaves=6
num_cat=0
split_feature=0 0 0 0 0
split_gain=0.0923174 0.0151515 0.00399252 0.00187182 0.000137913
threshold=0.25000000000000006 0.35000000000000003 0.75000000000000011 0.45000000000000007 1.0000000180025095e-35
decision_type=2 2 2 2 2
left_child=4 -2 3 -3 -1
right_child=1 2 -4 -5 -6
leaf_value=0.0037064130387266846 -0.0033215423389743124 -0.015204135644926725 -0.0096092909925473077 -0.033500984141217827 0.0031709430410100056
leaf_weight=16.623771667480472 4.770330607891081 1.0866583298193289 5.0716283139772713 0.058945755998138234 6.7681726850569239
leaf_count=26 18 36 78 14 38
internal_value=0 -0.0756092 -0.108137 -0.161456 0.0355148
internal_weight=0 10.9876 6.21723 1.1456 23.3919
internal_count=210 146 128 50 64
shrinkage=0.1


Tree=35
num_leaves=6
num_cat=0
split_feature=0 0 0 0 0
split_gain=0.0844722 0.0462924 0.0707861 0.00370383 0.00171143
threshold=0.35000000000000003 0.15000000000000005 1.0000000180025095e-35 0.75000000000000011 0.45000000000000007
decision_type=2 2 2 2 2
left_child=1 2 -1 4 -2
right_child=3 -3 -4 -5 -6
leaf_value=0.0035344522148122964 -0.014788338114170858 0.010236530651725412 -0.0094297942905462659 -0.0093884910498416643 -0.03235019709367648
leaf_weight=16.622465193271644 1.0865263993618999 5.8639456145465365 5.6409017136320463 5.0727602471597493 0.058476920006796607
leaf_count=26 36 22 34 78 14
internal_value=0 0.0233173 0.00249682 -0.10548 -0.156852
internal_weight=0 28.1273 22.2634 6.21776 1.145
internal_count=210 82 60 128 50
shrinkage=0.1


Tree=36
num_leaves=6
num_cat=0
split_feature=0 0 0 0 0
split_gain=0.0863276 0.0129139 0.00325683 0.00158943 0.000135506
threshold=0.25000000000000006 0.35000000000000003 0.75000000000000011 0.45000000000000007 1.0000000180025095e-35
decision_type=2 2 2 2 2
left_child=4 -2 3 -3 -1
right_child=1 2 -4 -5 -6
leaf_value=0.0035896291449688486 -0.0034028621676002791 -0.014288567215330943 -0.0092366887955219919 -0.031366240389326415 0.0030581043595106212
leaf_weight=16.615759477019314 4.7628621608018857 1.0864077530568463 5.0596154830418527 0.057376583048608043 6.7427442511543623
leaf_count=26 18 36 78 14 38
internal_value=0 -0.0731921 -0.103261 -0.151452 0.034362
internal_weight=0 10.9663 6.2034 1.14378 23.3585
internal_count=210 146 128 50 64
shrinkage=0.1


Tree=37
num_leaves=6
num_cat=0
split_feature=0 0 0 0 0
split_gain=0.0782703 0.0137975 0.00302984 0.00145871 0.000137141
threshold=0.25000000000000006 0.35000000000000003 0.75000000000000011 0.45000000000000007 1.0000000180025095e-35
decision_type=2 2 2 2 2
left_child=4 -2 3 -3 -1
right_child=1 2 -4 -5 -6
leaf_value=0.0034236734939367373 -0.0029142506289332407 -0.01391402920345779 -0.0090329281101006881 -0.030324104563516419 0.002888884222961359
leaf_weight=16.614377573132519 4.7318652085959894 1.0865625044098122 5.0612230047117919 0.057010979886399471 6.740539072547107
leaf_count=26 18 36 78 14 38
internal_value=0 -0.0698154 -0.100833 -0.147321 0.0326933
internal_weight=0 10.9367 6.2048 1.14357 23.3549
internal_count=210 146 128 50 64
shrinkage=0.1


Tree=38
num_leaves=6
num_cat=0
split_feature=0 0 0 0 0
split_gain=0.0735699 0.0450486 0.0651295 0.00281907 0.00134171
threshold=0.35000000000000003 0.15000000000000005 1.0000000180025095e-35 0.75000000000000011 0.45000000000000007
decision_type=2 2 2 2 2
left_child=1 2 -1 4 -2
right_child=3 -3 -4 -5 -6
leaf_value=0.003284736179324896 -0.013557751199154817 0.010024132158150298 -0.0091518781813020363 -0.0088413084726363788 -0.029347096847225834
leaf_weight=16.613242164254196 1.0862639814149577 5.805102575570344 5.6405829386785618 5.061495368834585 0.05662354000378389
leaf_count=26 36 22 34 78 14
internal_value=0 0.0217896 0.0013248 -0.0985421 -0.1434
internal_weight=0 28.0589 22.2538 6.20438 1.14289
internal_count=210 82 60 128 50
shrinkage=0.1


Tree=39
num_leaves=6
num_cat=0
split_feature=0 0 0 0 0
split_gain=0.0740013 0.0117354 0.00248178 0.00125331 0.000137976
threshold=0.25000000000000006 0.35000000000000003 0.75000000000000011 0.45000000000000007 1.0000000180025095e-35
decision_type=2 2 2 2 2
left_child=4 -2 3 -3 -1
right_child=1 2 -4 -5 -6
leaf_value=0.0033355019153252807 -0.003042256807132316 -0.013117859707798121 -0.0087063120391694462 -0.028496874077939983 0.0027983810683778901
leaf_weight=16.606877148151401 4.7278753723949176 1.086518562515266 5.0497910841368139 0.055707982508465537 6.7169426339678457
leaf_count=26 18 36 78 14 38
internal_value=0 -0.0679391 -0.0965846 -0.138679 0.0318082
internal_weight=0 10.9199 6.19202 1.14223 23.3238
internal_count=210 146 128 50 64
shrinkage=0.1


Tree=40
num_leaves=6
num_cat=0
split_feature=0 0 0 0 0
split_gain=0.0677587 0.0123748 0.002315 0.00115671 0.000142334
threshold=0.25000000000000006 0.35000000000000003 0.75000000000000011 0.45000000000000007 1.0000000180025095e-35
decision_type=2 2 2 2 2
left_child=4 -2 3 -3 -1
right_child=1 2 -4 -5 -6
leaf_value=0.0031988145565108477 -0.0026433003249324806 -0.012795039166727491 -0.0085281174641467904 -0.027607875582990667 0.0026532159017678011
leaf_weight=16.605665177106861 4.7028378583490831 1.0865100903902201 5.0506094491574913 0.055404991086106643 6.715002196840941
leaf_count=26 18 36 78 14 38
internal_value=0 -0.0651055 -0.0944748 -0.135137 0.0304171
internal_weight=0 10.8954 6.19252 1.14192 23.3207
internal_count=210 146 128 50 64
shrinkage=0.1


Tree=41
num_leaves=6
num_cat=0
split_feature=0 0 0 0 0
split_gain=0.0646553 0.0431027 0.0602231 0.0021594 0.00106975
threshold=0.35000000000000003 0.15000000000000005 1.0000000180025095e-35 0.75000000000000011 0.45000000000000007
decision_type=2 2 2 2 2
left_child=1 2 -1 4 -2
right_child=3 -3 -4 -5 -6
leaf_value=0.0030813631191749895 -0.012486362016442062 0.009757732376005801 -0.0088793032322311387 -0.0083595487372951395 -0.026770445501034707
leaf_weight=16.604648396372802 1.0861663774121542 5.7560927215963593 5.639462406281381 5.0504894107580185 0.055088893830543273
leaf_count=26 36 22 34 78 14
internal_value=0 0.0204487 0.000490222 -0.0924729 -0.131759
internal_weight=0 28.0002 22.2441 6.19174 1.14126
internal_count=210 82 60 128 50
shrinkage=0.1


Tree=42
num_leaves=6
num_cat=0
split_feature=0 0 0 0 0
split_gain=0.0645524 0.0105421 0.0019026 0.00100428 0.000142638
threshold=0.25000000000000006 0.35000000000000003 0.75000000000000011 0.45000000000000007 1.0000000180025095e-35
decision_type=2 2 2 2 2
left_child=4 -2 3 -3 -1
right_child=1 2 -4 -5 -6
leaf_value=0.0031278177018939459 -0.0027895338761218824 -0.012097252724370219 -0.0082383221937795768 -0.02603072632600105 0.0025809679151810316
leaf_weight=16.598681017756466 4.7005601543933135 1.0866444909479467 5.039949395461008 0.054314684588462003 6.6931269201450041
leaf_count=26 18 36 78 14 38
internal_value=0 -0.0635873 -0.090731 -0.127605 0.0297068
internal_weight=0 10.8815 6.18091 1.14096 23.2918
internal_count=210 146 128 50 64
shrinkage=0.1


Tree=43
num_leaves=6
num_cat=0
split_feature=0 0 0 0 0
split_gain=0.0596164 0.0384533 0.0562294 0.00177846 0.000931686
threshold=0.35000000000000003 0.15000000000000005 1.0000000180025095e-35 0.75000000000000011 0.45000000000000007
decision_type=2 2 2 2 2
left_child=1 2 -1 4 -2
right_child=3 -3 -4 -5 -6
leaf_value=0.0030109901113837593 -0.011816061623284352 0.0092640309481097066 -0.00855055771989097 -0.008080913170645727 -0.025265823107895616
leaf_weight=16.597599327564247 1.0865656017558638 5.7361938972026101 5.6346935029141596 5.0403603897430003 0.054066712735220679
leaf_count=26 36 22 34 78 14
internal_value=0 0.019642 0.00080758 -0.0888784 -0.124536
internal_weight=0 27.9685 22.2323 6.18099 1.14063
internal_count=210 82 60 128 50
shrinkage=0.1


Tree=44
num_leaves=6
num_cat=0
split_feature=0 0 0 0 0
split_gain=0.0614317 0.00906293 0.00156998 0.000876679 0.000135922
threshold=0.25000000000000006 0.35000000000000003 0.75000000000000011 0.45000000000000007 1.0000000180025095e-35
decision_type=2 2 2 2 2
left_child=4 -2 3 -3 -1
right_child=1 2 -4 -5 -6
leaf_value=0.0030527579979536951 -0.0028972646888419471 -0.011462695839369487 -0.0079673721243569123 -0.024590409797598453 0.0025183349087578525
leaf_weight=16.592295914888386 4.6968169882893545 1.0868355125421656 5.0303716692142189 0.053367990272818015 6.6730321547947815
leaf_count=26 18 36 78 14 38
internal_value=0 -0.062073 -0.0872678 -0.120771 0.0289947
internal_weight=0 10.8674 6.17058 1.1402 23.2653
internal_count=210 146 128 50 64
shrinkage=0.1


Tree=45
num_leaves=6
num_cat=0
split_feature=0 0 0 0 0
split_gain=0.0566681 0.00957151 0.00146999 0.000815684 0.000138363
threshold=0.25000000000000006 0.35000000000000003 0.75000000000000011 0.45000000000000007 1.0000000180025095e-35
decision_type=2 2 2 2 2
left_child=4 -2 3 -3 -1
right_child=1 2 -4 -5 -6
leaf_value=0.0029379192735663074 -0.0025562727911406344 -0.011205194752792445 -0.0078200167273935819 -0.023889884816856988 0.0023986672525747417
leaf_weight=16.591148301959041 4.675467608496545 1.0869751033606005 5.0311930051539093 0.053174651024164521 6.6713896566070607
leaf_count=26 18 36 78 14 38
internal_value=0 -0.0596912 -0.0855472 -0.117968 0.0278327
internal_weight=0 10.8468 6.17134 1.14015 23.2625
internal_count=210 146 128 50 64
shrinkage=0.1


Tree=46
num_leaves=6
num_cat=0
split_feature=0 0 0 0 0
split_gain=0.0530471 0.0369877 0.0522572 0.00137643 0.000760257
threshold=0.35000000000000003 0.15000000000000005 1.0000000180025095e-35 0.75000000000000011 0.45000000000000007
decision_type=2 2 2 2 2
left_child=1 2 -1 4 -2
right_child=3 -3 -4 -5 -6
leaf_value=0.0028379546722964791 -0.010958037910242843 0.0090456382714133466 -0.0083092654360793841 -0.0076795857705082354 -0.023227006533832823
leaf_weight=16.590163528919227 1.086846986087038 5.694021137431263 5.633489876985549 5.031267074868083 0.052967548515880369
leaf_count=26 36 22 34 78 14
internal_value=0 0.0185467 0.000122378 -0.0839043 -0.115282
internal_weight=0 27.9177 22.2237 6.17108 1.13981
internal_count=210 82 60 128 50
shrinkage=0.1


Tree=47
num_leaves=6
num_cat=0
split_feature=0 0 0 0 0
split_gain=0.0542688 0.00823566 0.00121426 0.000718501 0.000132948
threshold=0.25000000000000006 0.35000000000000003 0.75000000000000011 0.45000000000000007 1.0000000180025095e-35
decision_type=2 2 2 2 2
left_child=4 -2 3 -3 -1
right_child=1 2 -4 -5 -6
leaf_value=0.0028766277601706591 -0.0026787813311936592 -0.010641412681045214 -0.0075768494210508262 -0.022633914317023704 0.0023474730656683649
leaf_weight=16.585151970386509 4.6731218677014095 1.0872871184255926 5.0221818739082664 0.052364372866577358 6.6525940159335724
leaf_count=26 18 36 78 14 38
internal_value=0 -0.0584461 -0.0824556 -0.111924 0.0272514
internal_weight=0 10.835 6.16183 1.13965 23.2377
internal_count=210 146 128 50 64
shrinkage=0.1


Tree=48
num_leaves=6
num_cat=0
split_feature=0 0 0 0 0
split_gain=0.050362 0.00863795 0.00113855 0.000671513 0.000136313
threshold=0.25000000000000006 0.35000000000000003 0.75000000000000011 0.45000000000000007 1.0000000180025095e-35
decision_type=2 2 2 2 2
left_child=4 -2 3 -3 -1
right_child=1 2 -4 -5 -6
leaf_value=0.0027773674959764147 -0.0023849655328989274 -0.010414154488536177 -0.0074449070236216469 -0.022024954231095691 0.0022415105245907128
leaf_weight=16.584113463759426 4.6548728700727207 1.0873600404011083 5.022659997921437 0.052202931517967843 6.6511155315674833
leaf_count=26 18 36 78 14 38
internal_value=0 -0.0563632 -0.0809236 -0.10946 0.0262398
internal_weight=0 10.8171 6.16222 1.13956 23.2352
internal_count=210 146 128 50 64
shrinkage=0.1


Tree=49
num_leaves=6
num_cat=0
split_feature=0 0 0 0 0
split_gain=0.0475003 0.0353135 0.0487273 0.00106742 0.000628576
threshold=0.35000000000000003 0.15000000000000005 1.0000000180025095e-35 0.75000000000000011 0.45000000000000007
decision_type=2 2 2 2 2
left_child=1 2 -1 4 -2
right_child=3 -3 -4 -5 -6
leaf_value=0.0026896556830489347 -0.010195221111050354 0.0088100995702105871 -0.0080761623322691406 -0.0073186864130152969 -0.021446424054363318
leaf_weight=16.583210825920112 1.0872202129103232 5.6571777034550896 5.6319481697864822 5.0225601128768176 0.052030955746886209
leaf_count=26 36 22 34 78 14
internal_value=0 0.0175654 -0.000396756 -0.0794553 -0.107091
internal_weight=0 27.8723 22.2152 6.16181 1.13925
internal_count=210 82 60 128 50
shrinkage=0.1


Tree=50
num_leaves=6
num_cat=0
split_feature=0 0 0 0 0
split_gain=0.0484638 0.0074464 0.000940733 0.000596347 0.000130687
threshold=0.25000000000000006 0.35000000000000003 0.75000000000000011 0.45000000000000007 1.0000000180025095e-35
decision_type=2 2 2 2 2
left_child=4 -2 3 -3 -1
right_child=1 2 -4 -5 -6
leaf_value=0.0027254763541537451 -0.0025130813012015792 -0.0099104474611097348 -0.0072249803908106527 -0.020922610208415543 0.0022002717534069225
leaf_weight=16.578487440943722 4.6533264424651843 1.0877664202125741 5.0142341903410852 0.051504510731319786 6.6335282470099619
leaf_count=26 18 36 78 14 38
internal_value=0 -0.0553167 -0.0781434 -0.104083 0.0257538
internal_weight=0 10.8068 6.15351 1.13927 23.212
internal_count=210 146 128 50 64
shrinkage=0.1


Tree=51
num_leaves=6
num_cat=0
split_feature=0 0 0 0 0
split_gain=0.0451881 0.00777661 0.000882959 0.0005596 0.000134351
threshold=0.25000000000000006 0.35000000000000003 0.75000000000000011 0.45000000000000007 1.0000000180025095e-35
decision_type=2 2 2 2 2
left_child=4 -2 3 -3 -1
right_child=1 2 -4 -5 -6
leaf_value=0.0026379702608237384 -0.0022541078729358564 -0.0097084273607946896 -0.0071059756124739097 -0.020389175077275366 0.0021054112579546301
leaf_weight=16.577531009912494 4.6373597271740419 1.0878128113690761 5.0145137144718319 0.051370528832194291 6.6321830428205422
leaf_count=26 18 36 78 14 38
internal_value=0 -0.0534651 -0.0767691 -0.101901 0.0248579
internal_weight=0 10.7911 6.1537 1.13918 23.2097
internal_count=210 146 128 50 64
shrinkage=0.1


Tree=52
num_leaves=6
num_cat=0
split_feature=0 0 0 0 0
split_gain=0.0427711 0.0335806 0.0455622 0.00082876 0.000525846
threshold=0.35000000000000003 0.15000000000000005 1.0000000180025095e-35 0.75000000000000011 0.45000000000000007
decision_type=2 2 2 2 2
left_child=1 2 -1 4 -2
right_child=3 -3 -4 -5 -6
leaf_value=0.0025597781011803518 -0.0095136447388613817 0.0085702516080527931 -0.0078522527115332374 -0.006991732027889711 -0.01988102986851013
leaf_weight=16.576690539717681 1.0876850940985594 5.6243686247616997 5.6301985462196162 5.0143265929073095 0.051228037526016006
leaf_count=26 36 22 34 78 14
internal_value=0 0.0166809 -0.000800244 -0.0754483 -0.0997997
internal_weight=0 27.8313 22.2069 6.15324 1.13891
internal_count=210 82 60 128 50
shrinkage=0.1


Tree=53
num_leaves=6
num_cat=0
split_feature=0 0 0 0 0
split_gain=0.0436561 0.00671924 0.000728938 0.000500663 0.000128335
threshold=0.25000000000000006 0.35000000000000003 0.75000000000000011 0.45000000000000007 1.0000000180025095e-35
decision_type=2 2 2 2 2
left_child=4 -2 3 -3 -1
right_child=1 2 -4 -5 -6
leaf_value=0.0025931639968201289 -0.0023830612052764028 -0.0092559572562919308 -0.0069060046647594561 -0.01941596143191799 0.0020721789542768316
leaf_weight=16.572244599461559 4.6362924966961128 1.0882951631210742 5.0066572255454957 0.050764168787281849 6.6156958858482531
leaf_count=26 18 36 78 14 38
internal_value=0 -0.0525722 -0.0742547 -0.0970876 0.0244452
internal_weight=0 10.782 6.14572 1.13906 23.1879
internal_count=210 146 128 50 64
shrinkage=0.1


Tree=54
num_leaves=6
num_cat=0
split_feature=0 0 0 0 0
split_gain=0.0408656 0.00699679 0.000684767 0.000471528 0.00013185
threshold=0.25000000000000006 0.35000000000000003 0.75000000000000011 0.45000000000000007 1.0000000180025095e-35
decision_type=2 2 2 2 2
left_child=4 -2 3 -3 -1
right_child=1 2 -4 -5 -6
leaf_value=0.0025148872304875045 -0.002151369181355525 -0.009075518512171055 -0.0067979054397212385 -0.018945759721327407 0.0019867759415492614
leaf_weight=16.571352124214176 4.622079545632003 1.0883355375844983 5.0068177026696503 0.050653383426833787 6.6144677875563493
leaf_count=26 18 36 78 14 38
internal_value=0 -0.0509074 -0.0730136 -0.0951447 0.0236423
internal_weight=0 10.7679 6.14581 1.13899 23.1858
internal_count=210 146 128 50 64
shrinkage=0.1


Tree=55
num_leaves=6
num_cat=0
split_feature=0 0 0 0 0
split_gain=0.038706 0.0318637 0.0427016 0.00064313 0.000444635
threshold=0.35000000000000003 0.15000000000000005 1.0000000180025095e-35 0.75000000000000011 0.45000000000000007
decision_type=2 2 2 2 2
left_child=1 2 -1 4 -2
right_child=3 -3 -4 -5 -6
leaf_value=0.0024442548673848496 -0.0089010947276179486 0.0083324944662832284 -0.0076373368690435504 -0.0066940054082216295 -0.018496474787701476
leaf_weight=16.570569738745696 1.0882269191788498 5.5947237070649853 5.6283283876255146 5.0065929892007262 0.050535095462691859
leaf_count=26 36 22 34 78 14
internal_value=0 0.0158796 -0.00111841 -0.0718189 -0.0932691
internal_weight=0 27.7936 22.1989 6.14536 1.13876
internal_count=210 82 60 128 50
shrinkage=0.1


Tree=56
num_leaves=6
num_cat=0
split_feature=0 0 0 0 0
split_gain=0.0396042 0.00606134 0.000564244 0.00042471 0.000125009
threshold=0.25000000000000006 0.35000000000000003 0.75000000000000011 0.45000000000000007 1.0000000180025095e-35
decision_type=2 2 2 2 2
left_child=4 -2 3 -3 -1
right_child=1 2 -4 -5 -6
leaf_value=0.0024751979294859437 -0.00227788130800083 -0.0086670628016503794 -0.0066150967363351344 -0.018081630030457218 0.0019605182480676125
leaf_weight=16.56639185547829 4.621303874999283 1.0888756553176788 4.9994873784016818 0.050122898668632725 6.5989877386018625
leaf_count=26 18 36 78 14 38
internal_value=0 -0.0501334 -0.0707271 -0.0908136 0.0232858
internal_weight=0 10.7598 6.13849 1.139 23.1654
internal_count=210 146 128 50 64
shrinkage=0.1


Tree=57
num_leaves=6
num_cat=0
split_feature=0 0 0 0 0
split_gain=0.0371964 0.00629906 0.000530199 0.000401332 0.000128194
threshold=0.25000000000000006 0.35000000000000003 0.75000000000000011 0.45000000000000007 1.0000000180025095e-35
decision_type=2 2 2 2 2
left_child=4 -2 3 -3 -1
right_child=1 2 -4 -5 -6
leaf_value=0.0024044049754860988 -0.0020681622409493886 -0.0085047747564309505 -0.0065164021654971127 -0.017664558698064606 0.0018831743527313004
leaf_weight=16.565551728010181 4.6084798797965032 1.0889188299188388 4.9995777099393308 0.050031359583954216 6.5978620261885217
leaf_count=26 18 36 78 14 38
internal_value=0 -0.048623 -0.0695998 -0.0890714 0.0225594
internal_weight=0 10.747 6.13853 1.13895 23.1634
internal_count=210 146 128 50 64
shrinkage=0.1


Tree=58
num_leaves=6
num_cat=0
split_feature=0 0 0 0 0
split_gain=0.0351839 0.0302112 0.0401054 0.000498068 0.000379659
threshold=0.35000000000000003 0.15000000000000005 1.0000000180025095e-35 0.75000000000000011 0.45000000000000007
decision_type=2 2 2 2 2
left_child=1 2 -1 4 -2
right_child=3 -3 -4 -5 -6
leaf_value=0.0023401414478108891 -0.0083477289698425522 0.008101213940806179 -0.007431859493405012 -0.0064214141713530605 -0.017265141601071326
leaf_weight=16.56481063365937 1.0888341498794023 5.567662898451089 5.6263909549452356 4.999342815252021 0.049933131333091192
leaf_count=26 36 22 34 78 14
internal_value=0 0.0151499 -0.00137467 -0.0685133 -0.0873874
internal_weight=0 27.7589 22.1912 6.13811 1.13877
internal_count=210 82 60 128 50
shrinkage=0.1


Tree=59
num_leaves=6
num_cat=0
split_feature=0 0 0 0 0
split_gain=0.0361456 0.00547019 0.00043555 0.0003637 0.000121128
threshold=0.25000000000000006 0.35000000000000003 0.75000000000000011 0.45000000000000007 1.0000000180025095e-35
decision_type=2 2 2 2 2
left_child=4 -2 3 -3 -1
right_child=1 2 -4 -5 -6
leaf_value=0.002369116262764228 -0.0021911961518955355 -0.0081344244102534487 -0.0063484992699359786 -0.016893303502569158 0.0018620320804604179
leaf_weight=16.56087496876717 4.6078936513513309 1.0895038144662974 4.9927341018337756 0.04956415737979103 6.5832924419082692
leaf_count=26 18 36 78 14 38
internal_value=0 -0.0479464 -0.0675106 -0.0851555 0.0222488
internal_weight=0 10.7397 6.1318 1.13907 23.1442
internal_count=210 146 128 50 64
shrinkage=0.1


Tree=60
num_leaves=6
num_cat=0
split_feature=0 0 0 0 0
split_gain=0.0340424 0.00567991 0.000409348 0.000344689 0.000124032
threshold=0.25000000000000006 0.35000000000000003 0.75000000000000011 0.45000000000000007 1.0000000180025095e-35
decision_type=2 2 2 2 2
left_child=4 -2 3 -3 -1
right_child=1 2 -4 -5 -6
leaf_value=0.0023044767803903749 -0.0019986255242045101 -0.0079883160605118408 -0.0062581858289487875 -0.016521422137920638 0.0017913180268905151
leaf_weight=16.560089491307739 4.5962110329419357 1.0895589584251864 4.9927880472969264 0.049488538032164686 6.5822515948675564
leaf_count=26 18 36 78 14 38
internal_value=0 -0.0465632 -0.0664844 -0.0835906 0.0215852
internal_weight=0 10.728 6.13184 1.13905 23.1423
internal_count=210 146 128 50 64
shrinkage=0.1


Tree=61
num_leaves=6
num_cat=0
split_feature=0 0 0 0 0
split_gain=0.0321612 0.00584844 0.000384434 0.000327062 0.00012755
threshold=0.25000000000000006 0.35000000000000003 0.75000000000000011 0.45000000000000007 1.0000000180025095e-35
decision_type=2 2 2 2 2
left_child=4 -2 3 -3 -1
right_child=1 2 -4 -5 -6
leaf_value=0.0022454571499130769 -0.0018276264353934508 -0.0078459970930878017 -0.006170820639759227 -0.016164613596584814 0.0017250416134327125
leaf_weight=16.559383504092697 4.5859054476022703 1.0894977891584856 4.9925555232912302 0.049406984791858011 6.5812699254602185
leaf_count=26 18 36 78 14 38
internal_value=0 -0.0452876 -0.0654901 -0.0820687 0.0209745
internal_weight=0 10.7174 6.13146 1.1389 23.1407
internal_count=210 146 128 50 64
shrinkage=0.1


Tree=62
num_leaves=6
num_cat=0
split_feature=0 0 0 0 0
split_gain=0.0311771 0.0297502 0.037594 0.000361061 0.000310587
threshold=0.35000000000000003 0.15000000000000005 1.0000000180025095e-35 0.75000000000000011 0.45000000000000007
decision_type=2 2 2 2 2
left_child=1 2 -1 4 -2
right_child=3 -3 -4 -5 -6
leaf_value=0.0021910362088823332 -0.0077085021145961441 0.0079889983714723639 -0.0072706849574758654 -0.0060865578687865074 -0.01582165925236256
leaf_weight=16.558756321668632 1.0893493040930469 5.5309900175780049 5.6260931096039704 4.992102709133178 0.049321349390083806
leaf_count=26 36 22 34 78 14
internal_value=0 0.0142743 -0.00208463 -0.0645307 -0.0805992
internal_weight=0 27.7158 22.1848 6.13077 1.13867
internal_count=210 82 60 128 50
shrinkage=0.1


Tree=63
num_leaves=6
num_cat=0
split_feature=0 0 0 0 0
split_gain=0.0314315 0.0050809 0.000313498 0.000298706 0.000121175
threshold=0.25000000000000006 0.35000000000000003 0.75000000000000011 0.45000000000000007 1.0000000180025095e-35
decision_type=2 2 2 2 2
left_child=4 -2 3 -3 -1
right_child=1 2 -4 -5 -6
leaf_value=0.0022186875804782445 -0.0019611371916772972 -0.0075161308867564671 -0.0060207592598874359 -0.015497383723959302 0.0017110421172075283
leaf_weight=16.554926462471489 4.5861054509878141 1.0901713604107497 4.9861134502571076 0.048999933787854277 6.5674471617676309
leaf_count=26 18 36 78 14 38
internal_value=0 -0.0447817 -0.0636271 -0.0785943 0.020745
internal_weight=0 10.7114 6.12528 1.13917 23.1224
internal_count=210 146 128 50 64
shrinkage=0.1


Tree=64
num_leaves=6
num_cat=0
split_feature=0 0 0 0 0
split_gain=0.0297487 0.00523648 0.000294357 0.000284187 0.000124182
threshold=0.25000000000000006 0.35000000000000003 0.75000000000000011 0.45000000000000007 1.0000000180025095e-35
decision_type=2 2 2 2 2
left_child=4 -2 3 -3 -1
right_child=1 2 -4 -5 -6
leaf_value=0.0021636464089408829 -0.0018001548485200973 -0.0073870735106530087 -0.0059399966655285692 -0.015177007775080895 0.0016497123206283195
leaf_weight=16.554250620305542 4.5764516033232194 1.0901492167613467 4.9859239966608584 0.048933531710645073 6.5665313680656245
leaf_count=26 18 36 78 14 38
internal_value=0 -0.0435925 -0.0627135 -0.0772172 0.0201768
internal_weight=0 10.7015 6.12501 1.13908 23.1208
internal_count=210 146 128 50 64
shrinkage=0.1


Tree=65
num_leaves=6
num_cat=0
split_feature=0 0 0 0 0
split_gain=0.028593 0.0280128 0.0354553 0.000276282 0.000270589
threshold=0.35000000000000003 0.15000000000000005 1.0000000180025095e-35 0.75000000000000011 0.45000000000000007
decision_type=2 2 2 2 2
left_child=1 2 -1 4 -2
right_child=3 -3 -4 -5 -6
leaf_value=0.0021128134866681297 -0.0072619525998331158 0.0077493662716130304 -0.0070775611628176235 -0.0058620259593089932 -0.014868486855063737
leaf_weight=16.553637184202678 1.0900435053626996 5.5096372831612817 5.6238565118983379 4.985537945991382 0.048863040807191165
leaf_count=26 36 22 34 78 14
internal_value=0 0.013677 -0.00217718 -0.0618305 -0.075883
internal_weight=0 27.6871 22.1775 6.12444 1.13891
internal_count=210 82 60 128 50
shrinkage=0.1


Tree=66
num_leaves=6
num_cat=0
split_feature=0 0 0 0 0
split_gain=0.0291188 0.00456039 0.00023845 0.000260842 0.000116887
threshold=0.25000000000000006 0.35000000000000003 0.75000000000000011 0.45000000000000007 1.0000000180025095e-35
decision_type=2 2 2 2 2
left_child=4 -2 3 -3 -1
right_child=1 2 -4 -5 -6
leaf_value=0.0021386435617218292 -0.0019261569028482873 -0.0070852901730613874 -0.0058009460705048792 -0.014574933867879107 0.0016396592608129972
leaf_weight=16.550051867961887 4.5765698906034213 1.0908359990571623 4.9799152044579387 0.048570779239525914 6.5535027836449435
leaf_count=26 18 36 78 14 38
internal_value=0 -0.0431383 -0.0609954 -0.0740456 0.019971
internal_weight=0 10.6959 6.11932 1.13941 23.1036
internal_count=210 146 128 50 64
shrinkage=0.1


Tree=67
num_leaves=6
num_cat=0
split_feature=0 0 0 0 0
split_gain=0.027609 0.00470388 0.00022366 0.00024877 0.000119462
threshold=0.25000000000000006 0.35000000000000003 0.75000000000000011 0.45000000000000007 1.0000000180025095e-35
decision_type=2 2 2 2 2
left_child=4 -2 3 -3 -1
right_child=1 2 -4 -5 -6
leaf_value=0.0020872619252647754 -0.0017744928330713655 -0.0069677580397826486 -0.0057262692759001152 -0.014285931529193333 0.0015827856587721447
leaf_weight=16.549393862485889 4.5675055608153325 1.0908461549552155 4.9797703414224088 0.048516771290451177 6.5526458323001853
leaf_count=26 18 36 78 14 38
internal_value=0 -0.0420285 -0.0601545 -0.0727938 0.0194417
internal_weight=0 10.6866 6.11913 1.13936 23.102
internal_count=210 146 128 50 64
shrinkage=0.1


Tree=68
num_leaves=6
num_cat=0
split_feature=0 0 0 0 0
split_gain=0.0263106 0.0264305 0.0334915 0.000209657 0.000237455
threshold=0.35000000000000003 0.15000000000000005 1.0000000180025095e-35 0.75000000000000011 0.45000000000000007
decision_type=2 2 2 2 2
left_child=1 2 -1 4 -2
right_child=3 -3 -4 -5 -6
leaf_value=0.0020397915873347472 -0.0068534045437566504 0.0075248658178122861 -0.0068940585736997594 -0.0056539170647289501 -0.014007309540343736
leaf_weight=16.548801630735404 1.0907811584183935 5.4895188119262448 5.6216810694895676 4.9794418464880437 0.048458743025548645
leaf_count=26 36 22 34 78 14
internal_value=0 0.0131265 -0.00225529 -0.0593391 -0.071577
internal_weight=0 27.66 22.1705 6.11868 1.13924
internal_count=210 82 60 128 50
shrinkage=0.1


Tree=69
num_leaves=6
num_cat=0
split_feature=0 0 0 0 0
split_gain=0.0270589 0.00410643 0.000179641 0.000229365 0.000111689
threshold=0.25000000000000006 0.35000000000000003 0.75000000000000011 0.45000000000000007 1.0000000180025095e-35
decision_type=2 2 2 2 2
left_child=4 -2 3 -3 -1
right_child=1 2 -4 -5 -6
leaf_value=0.002063822994453633 -0.0018931672894849747 -0.0066907004327176438 -0.0055969008125901394 -0.013740226740371087 0.0015756893142858952
leaf_weight=16.545429877936844 4.5675583370029909 1.0915440586977636 4.9741476364433765 0.048191547641181283 6.5403251936659208
leaf_count=26 18 36 78 14 38
internal_value=0 -0.0416164 -0.0585637 -0.0698878 0.0192553
internal_weight=0 10.6814 6.11388 1.13974 23.0858
internal_count=210 146 128 50 64
shrinkage=0.1


Tree=70
num_leaves=6
num_cat=0
split_feature=0 0 0 0 0
split_gain=0.0256989 0.00423879 0.000168238 0.000219242 0.000113998
threshold=0.25000000000000006 0.35000000000000003 0.75000000000000011 0.45000000000000007 1.0000000180025095e-35
decision_type=2 2 2 2 2
left_child=4 -2 3 -3 -1
right_child=1 2 -4 -5 -6
leaf_value=0.0020158097033930278 -0.0017500185025797609 -0.0065833517948526215 -0.0055276598509378834 -0.01347854304957815 0.0015226318565598825
leaf_weight=16.54479539394379 4.5590189024806005 1.0915828590514136 4.9740408977959305 0.048147726352908538 6.5395208704285315
leaf_count=26 18 36 78 14 38
internal_value=0 -0.0405783 -0.0577876 -0.0687464 0.018761
internal_weight=0 10.6728 6.11377 1.13973 23.0843
internal_count=210 146 128 50 64
shrinkage=0.1


Tree=71
num_leaves=6
num_cat=0
split_feature=0 0 0 0 0
split_gain=0.0244585 0.00434997 0.000157495 0.000209733 0.000116613
threshold=0.25000000000000006 0.35000000000000003 0.75000000000000011 0.45000000000000007 1.0000000180025095e-35
decision_type=2 2 2 2 2
left_child=4 -2 3 -3 -1
right_child=1 2 -4 -5 -6
leaf_value=0.0019711801786899889 -0.0016199477777850573 -0.0064787870419202561 -0.0054602536378431689 -0.013226002286249365 0.0014723554073561044
leaf_weight=16.54421761631966 4.5513269752264005 1.0915520609705707 4.9737587359268218 0.048100005937158019 6.5387594276107839
leaf_count=26 18 36 78 14 38
internal_value=0 -0.0396062 -0.0570321 -0.0676356 0.0182988
internal_weight=0 10.6647 6.11341 1.13965 23.083
internal_count=210 146 128 50 64
shrinkage=0.1


Tree=72
num_leaves=6
num_cat=0
split_feature=0 0 0 0 0
split_gain=0.0236619 0.0257782 0.0315761 0.000147286 0.000200779
threshold=0.35000000000000003 0.15000000000000005 1.0000000180025095e-35 0.75000000000000011 0.45000000000000007
decision_type=2 2 2 2 2
left_child=1 2 -1 4 -2
right_child=3 -3 -4 -5 -6
leaf_value=0.0019294482062197906 -0.006376808149360761 0.0073994552225629812 -0.0067459994346195599 -0.0053948868754021204 -0.012981768043115606
leaf_weight=16.5436908453703 1.0914611037005659 5.4615448471158734 5.6208414877764872 4.9733421264681965 0.04804931733815454
leaf_count=26 36 22 34 78 14
internal_value=0 0.0124572 -0.00270612 -0.0562985 -0.0665532
internal_weight=0 27.6261 22.1645 6.11285 1.13951
internal_count=210 82 60 128 50
shrinkage=0.1


Tree=73
num_leaves=6
num_cat=0
split_feature=0 0 0 0 0
split_gain=0.0240613 0.00380122 0.000124508 0.000194521 0.00010919
threshold=0.25000000000000006 0.35000000000000003 0.75000000000000011 0.45000000000000007 1.0000000180025095e-35
decision_type=2 2 2 2 2
left_child=4 -2 3 -3 -1
right_child=1 2 -4 -5 -6
leaf_value=0.0019523985271086123 -0.0017414347149670717 -0.0062282062196038776 -0.0053427489883715283 -0.012744835580656536 0.0014693846724191896
leaf_weight=16.540434204041961 4.551719304174183 1.0922961485921403 4.968467709608376 0.047810820440645219 6.5270253317430607
leaf_count=26 18 36 78 14 38
internal_value=0 -0.0392899 -0.0555902 -0.0650148 0.0181573
internal_weight=0 10.6603 6.10857 1.14011 23.0675
internal_count=210 146 128 50 64
shrinkage=0.1


Tree=74
num_leaves=6
num_cat=0
split_feature=0 0 0 0 0
split_gain=0.022926 0.00390725 0.000116221 0.000186483 0.000111561
threshold=0.25000000000000006 0.35000000000000003 0.75000000000000011 0.45000000000000007 1.0000000180025095e-35
decision_type=2 2 2 2 2
left_child=4 -2 3 -3 -1
right_child=1 2 -4 -5 -6
leaf_value=0.0019101673874275084 -0.0016165459857288682 -0.0061319419846814277 -0.0052798820260237739 -0.012514959674511853 0.0014219159142051573
leaf_weight=16.539866112172607 4.5443591568618995 1.0923015591106375 4.9682525615207851 0.047772491787327342 6.5262999450787893
leaf_count=26 18 36 78 14 38
internal_value=0 -0.0383694 -0.0548883 -0.0639941 0.0177202
internal_weight=0 10.6527 6.10833 1.14007 23.0662
internal_count=210 146 128 50 64
shrinkage=0.1


Tree=75
num_leaves=6
num_cat=0
split_feature=0 0 0 0 0
split_gain=0.0219186 0.0242924 0.0299169 0.000108396 0.000178876
threshold=0.35000000000000003 0.15000000000000005 1.0000000180025095e-35 0.75000000000000011 0.45000000000000007
decision_type=2 2 2 2 2
left_child=1 2 -1 4 -2
right_child=3 -3 -4 -5 -6
leaf_value=0.0018705820502842056 -0.0060382436497075564 0.0071841362284088724 -0.0065753802175989515 -0.0052188736094522844 -0.012292327154777828
leaf_weight=16.539348326623447 1.0922487229690876 5.444666998460888 5.6186141651123753 4.9679074278101325 0.047730998790939221
leaf_count=26 36 22 34 78 14
internal_value=0 0.0119948 -0.00271068 -0.0542067 -0.063001
internal_weight=0 27.6026 22.158 6.10789 1.13998
internal_count=210 82 60 128 50
shrinkage=0.1


Tree=76
num_leaves=6
num_cat=0
split_feature=0 0 0 0 0
split_gain=0.0225717 0.00342163 0.000103814 9.05291e-05 0.000173583
threshold=0.25000000000000006 0.35000000000000003 1.0000000180025095e-35 0.75000000000000011 0.45000000000000007
decision_type=2 2 2 2 2
left_child=2 -2 -1 4 -3
right_child=1 3 -4 -5 -6
leaf_value=0.0018921922225727578 -0.001730365952578598 -0.0059007193798271745 0.0014208948664152024 -0.0051699289177613754 -0.012075150550393656
leaf_weight=16.536284707486633 4.5446323901414853 1.0930428925203157 6.5151879759505382 4.9632884967140853 0.0475106634403345
leaf_count=26 18 36 38 78 14
internal_value=0 -0.0380779 0.0175899 -0.0535454 -0.0615792
internal_weight=0 10.6485 23.0515 6.10384 1.14055
internal_count=210 146 64 128 50
shrinkage=0.1


Tree=77
num_leaves=6
num_cat=0
split_feature=0 0 0 0 0
split_gain=0.0215328 0.00352125 0.000105873 8.41969e-05 0.000166725
threshold=0.25000000000000006 0.35000000000000003 1.0000000180025095e-35 0.75000000000000011 0.45000000000000007
decision_type=2 2 2 2 2
left_child=2 -2 -1 4 -3
right_child=1 3 -4 -5 -6
leaf_value=0.001852229965018686 -0.0016109842620830326 -0.0058119783358595674 0.0013762617291440732 -0.0051111486197214827 -0.011865077517109201
leaf_weight=16.535725317895416 4.5375894308090192 1.0930806510732507 6.5144996023736885 4.9631270789541304 0.047480045395786763
leaf_count=26 18 36 38 78 14
internal_value=0 -0.0372075 0.0171771 -0.052892 -0.0606396
internal_weight=0 10.6413 23.0502 6.10369 1.14056
internal_count=210 146 64 128 50
shrinkage=0.1


Tree=78
num_leaves=6
num_cat=0
split_feature=0 0 0 0 0
split_gain=0.0205749 0.00360793 0.000107957 7.82389e-05 0.000160237
threshold=0.25000000000000006 0.35000000000000003 1.0000000180025095e-35 0.75000000000000011 0.45000000000000007
decision_type=2 2 2 2 2
left_child=2 -2 -1 4 -3
right_child=1 3 -4 -5 -6
leaf_value=0.0018146115649615839 -0.0015008337664600131 -0.0057255136178267696 0.0013339611602217422 -0.005053960490460265 -0.011661686734038525
leaf_weight=16.535219088196758 4.5311682373285276 1.0930627759080378 6.5138462302274993 4.9628409207798541 0.047446323820622527
leaf_count=26 18 36 38 78 14
internal_value=0 -0.0363855 0.0167878 -0.052256 -0.0597246
internal_weight=0 10.6345 23.0491 6.10335 1.14051
internal_count=210 146 64 128 50
shrinkage=0.1


Tree=79
num_leaves=6
num_cat=0
split_feature=0 0 0 0 0
split_gain=0.0198733 0.0235945 0.0283001 7.26308e-05 0.000154096
threshold=0.35000000000000003 0.15000000000000005 1.0000000180025095e-35 0.75000000000000011 0.45000000000000007
decision_type=2 2 2 2 2
left_child=1 2 -1 4 -2
right_child=3 -3 -4 -5 -6
leaf_value=0.0017791366495069406 -0.0056411163315758742 0.0070562053848086219 -0.0064363120935728036 -0.0049982032905520413 -0.011464560017364041
leaf_weight=16.534754134714611 1.0929968135897059 5.4209580365568391 5.6175527158193281 4.9624479985795915 0.0474102515290723
leaf_count=26 36 22 34 78 14
internal_value=0 0.0114287 -0.003042 -0.0516358 -0.0588321
internal_weight=0 27.5733 22.1523 6.10286 1.14041
internal_count=210 82 60 128 50
shrinkage=0.1


Tree=80
num_leaves=6
num_cat=0
split_feature=0 0 0 0 0
split_gain=0.0203164 0.00316292 0.000100641 5.92787e-05 0.000149895
threshold=0.25000000000000006 0.35000000000000003 1.0000000180025095e-35 0.75000000000000011 0.45000000000000007
decision_type=2 2 2 2 2
left_child=2 -2 -1 4 -3
right_child=1 3 -4 -5 -6
leaf_value=0.001799951447945038 -0.0016149831024387541 -0.0055146274060567909 0.0013355883558608065 -0.0049533244202323292 -0.01126966665454956
leaf_weight=16.531793318688873 4.5316297411918622 1.0938333912054075 6.5032359817996612 4.9581686316523701 0.047210968288709299
leaf_count=26 18 36 38 78 14
internal_value=0 -0.0361609 0.0166885 -0.0510288 -0.0575274
internal_weight=0 10.6308 23.035 6.09921 1.14104
internal_count=210 146 64 128 50
shrinkage=0.1


Tree=81
num_leaves=6
num_cat=0
split_feature=0 0 0 0 0
split_gain=0.0194301 0.00324634 0.000102388 5.4777e-05 0.000144322
threshold=0.25000000000000006 0.35000000000000003 1.0000000180025095e-35 0.75000000000000011 0.45000000000000007
decision_type=2 2 2 2 2
left_child=2 -2 -1 4 -3
right_child=1 3 -4 -5 -6
leaf_value=0.0017640017108655173 -0.0015084211635551003 -0.0054345577948977757 0.0012956086348894268 -0.004899667209418924 -0.011083127508381568
leaf_weight=16.531294181942943 4.5254155304282886 1.0938482650090007 6.5026124715805045 4.9579485247377306 0.047184285445837193
leaf_count=26 18 36 38 78 14
internal_value=0 -0.0353771 0.0163177 -0.0504344 -0.0566814
internal_weight=0 10.6244 23.0339 6.09898 1.14103
internal_count=210 146 64 128 50
shrinkage=0.1


Tree=82
num_leaves=6
num_cat=0
split_feature=0 0 0 0 0
split_gain=0.018611 0.00331814 0.000104285 5.05797e-05 0.000139022
threshold=0.25000000000000006 0.35000000000000003 1.0000000180025095e-35 0.75000000000000011 0.45000000000000007
decision_type=2 2 2 2 2
left_child=2 -2 -1 4 -3
right_child=1 3 -4 -5 -6
leaf_value=0.0017302085224495897 -0.001410193709353754 -0.0053565445457566391 0.0012574775796580923 -0.004847272540951175 -0.010902072785019784
leaf_weight=16.530826881527904 4.5197154078632575 1.0938232776825314 6.5020195394754401 4.9576273511629552 0.047155173750070278
leaf_count=26 18 36 38 78 14
internal_value=0 -0.0346362 0.0159676 -0.0498543 -0.0558573
internal_weight=0 10.6183 23.0328 6.09861 1.14098
internal_count=210 146 64 128 50
shrinkage=0.1


Tree=83
num_leaves=6
num_cat=0
split_feature=0 0 0 0 0
split_gain=0.0180937 0.0228206 0.0268144 4.66376e-05 0.000133983
threshold=0.35000000000000003 0.15000000000000005 1.0000000180025095e-35 0.75000000000000011 0.45000000000000007
decision_type=2 2 2 2 2
left_child=1 2 -1 4 -2
right_child=3 -3 -4 -5 -6
leaf_value=0.0016981285970817145 -0.0052803293879014196 0.0069202846030616636 -0.0062996808198137137 -0.0047961375581736113 -0.010726143263685317
leaf_weight=16.530399508774288 1.0937570462701831 5.3995899837464085 5.6163282003253689 4.9572185296565294 0.047123990312684216
leaf_count=26 36 22 34 78 14
internal_value=0 0.0109112 -0.00330086 -0.0492881 -0.0550527
internal_weight=0 27.5463 22.1467 6.0981 1.14088
internal_count=210 82 60 128 50
shrinkage=0.1


Tree=84
num_leaves=6
num_cat=0
split_feature=0 0 0 0 0
split_gain=0.0184213 0.00291201 9.70455e-05 3.6871e-05 0.000130626
threshold=0.25000000000000006 0.35000000000000003 1.0000000180025095e-35 0.75000000000000011 0.45000000000000007
decision_type=2 2 2 2 2
left_child=2 -2 -1 4 -3
right_child=1 3 -4 -5 -6
leaf_value=0.001717895433761797 -0.0015230773330556198 -0.0051635175179387217 0.0012616009329567753 -0.0047546224471085204 -0.010550547880326793
leaf_weight=16.527554236352447 4.5202770661562663 1.0946135687408967 6.4918894199654451 4.9532266447786242 0.046942530723754206
leaf_count=26 18 36 38 78 14
internal_value=0 -0.0344631 0.0158921 -0.048727 -0.0538504
internal_weight=0 10.6151 23.0194 6.09478 1.14156
internal_count=210 146 64 128 50
shrinkage=0.1


Tree=85
num_leaves=6
num_cat=0
split_feature=0 0 0 0 0
split_gain=0.0176543 0.00298343 9.88559e-05 3.378e-05 0.000126032
threshold=0.25000000000000006 0.35000000000000003 1.0000000180025095e-35 0.75000000000000011 0.45000000000000007
decision_type=2 2 2 2 2
left_child=2 -2 -1 4 -3
right_child=1 3 -4 -5 -6
leaf_value=0.0016854180980638929 -0.0014266227997013533 -0.0050911622788276621 0.0012248707662257917 -0.0047052819623949922 -0.010383859426663018
leaf_weight=16.527093052864078 4.5147125516086799 1.0946243464131837 6.4913183902390292 4.9529754293616861 0.046919673004594986
leaf_count=26 18 36 38 78 14
internal_value=0 -0.0337499 0.0155554 -0.0481831 -0.053087
internal_weight=0 10.6092 23.0184 6.09452 1.14154
internal_count=210 146 64 128 50
shrinkage=0.1


Tree=86
num_leaves=6
num_cat=0
split_feature=0 0 0 0 0
split_gain=0.0169443 0.00304443 0.000100366 3.08835e-05 0.000121652
threshold=0.25000000000000006 0.35000000000000003 1.0000000180025095e-35 0.75000000000000011 0.45000000000000007
decision_type=2 2 2 2 2
left_child=2 -2 -1 4 -3
right_child=1 3 -4 -5 -6
leaf_value=0.0016545885896905349 -0.0013377805940185175 -0.0050203610840816437 0.0011905207147540238 -0.0046570533798639662 -0.010221615884914961
leaf_weight=16.526664845645431 4.5095763821154815 1.0945941453683188 6.4907769421115509 4.9526391690596938 0.04689461948146334
leaf_count=26 18 36 38 78 14
internal_value=0 -0.0330754 0.0152372 -0.0476513 -0.0523404
internal_weight=0 10.6037 23.0174 6.09413 1.14149
internal_count=210 146 64 128 50
shrinkage=0.1


Tree=87
num_leaves=6
num_cat=0
split_feature=0 0 0 0 0
split_gain=0.0165345 0.0220153 0.0254409 2.81362e-05 0.000117506
threshold=0.35000000000000003 0.15000000000000005 1.0000000180025095e-35 0.75000000000000011 0.45000000000000007
decision_type=2 2 2 2 2
left_child=1 2 -1 4 -2
right_child=3 -3 -4 -5 -6
leaf_value=0.0016252553951806574 -0.0049509394491449284 0.0067812422018140393 -0.0061659596831658732 -0.0046101524751706487 -0.010064175268273688
leaf_weight=16.526269927620895 1.0945288493530814 5.3800868615508071 5.6149958018213502 4.9522365713492036 0.04686800947820291
leaf_count=26 36 22 34 78 14
internal_value=0 0.010436 -0.00350586 -0.0471331 -0.051609
internal_weight=0 27.5214 22.1413 6.09363 1.1414
internal_count=210 82 60 128 50
shrinkage=0.1


Tree=88
num_leaves=6
num_cat=0
split_feature=0 0 0 0 0
split_gain=0.0168066 0.00267471 9.35001e-05 2.12408e-05 0.000114774
threshold=0.25000000000000006 0.35000000000000003 1.0000000180025095e-35 0.75000000000000011 0.45000000000000007
decision_type=2 2 2 2 2
left_child=2 -2 -1 4 -3
right_child=1 3 -4 -5 -6
leaf_value=0.0016443459475630506 -0.0014485071031310906 -0.0048430122532280989 0.0011961809007848387 -0.0045715633527425139 -0.0099049962898212565
leaf_weight=16.523529082536701 4.5101972632110101 1.0953975120210087 6.4810947105288497 4.9485002416186035 0.046701859471795504
leaf_count=26 18 36 38 78 14
internal_value=0 -0.0329438 0.0151808 -0.0466128 -0.0505
internal_weight=0 10.6008 23.0046 6.0906 1.1421
internal_count=210 146 64 128 50
shrinkage=0.1


Tree=89
num_leaves=6
num_cat=0
split_feature=0 0 0 0 0
split_gain=0.0161369 0.00273632 9.50095e-05 1.91818e-05 0.00011095
threshold=0.25000000000000006 0.35000000000000003 1.0000000180025095e-35 0.75000000000000011 0.45000000000000007
decision_type=2 2 2 2 2
left_child=2 -2 -1 4 -3
right_child=1 3 -4 -5 -6
leaf_value=0.0016146084371217216 -0.0013606411355510666 -0.0047772096890517559 0.0011628256000554332 -0.0045260177779477429 -0.0097551440998600025
leaf_weight=16.523101687431339 4.5051484536379558 1.0954055692418476 6.4805719037540248 4.9482345846481621 0.046682401261932571
leaf_count=26 18 36 38 78 14
internal_value=0 -0.0322912 0.0148733 -0.0461128 -0.0498068
internal_weight=0 10.5955 23.0037 6.09032 1.14209
internal_count=210 146 64 128 50
shrinkage=0.1


Tree=90
num_leaves=6
num_cat=0
split_feature=0 0 0 0 0
split_gain=0.0155126 0.0027908 9.63261e-05 1.72351e-05 0.000107315
threshold=0.25000000000000006 0.35000000000000003 1.0000000180025095e-35 0.75000000000000011 0.45000000000000007
decision_type=2 2 2 2 2
left_child=2 -2 -1 4 -3
right_child=1 3 -4 -5 -6
leaf_value=0.0015862390328849618 -0.0012786475462159374 -0.0047126055757088217 0.0011313224606823897 -0.0044816919841717852 -0.0096093996717212526
leaf_weight=16.522707767784599 4.5004719309508783 1.0953761865966951 6.4800704992376259 4.9479038300924003 0.046661158674396463
leaf_count=26 18 36 38 78 14
internal_value=0 -0.0316701 0.0145809 -0.0456251 -0.0491268
internal_weight=0 10.5904 23.0028 6.08994 1.14204
internal_count=210 146 64 128 50
shrinkage=0.1


Tree=91
num_leaves=6
num_cat=0
split_feature=0 0 0 0 0
split_gain=0.0151602 0.021202 0.024173 1.54457e-05 0.000103834
threshold=0.35000000000000003 0.15000000000000005 1.0000000180025095e-35 0.75000000000000011 0.45000000000000007
decision_type=2 2 2 2 2
left_child=1 2 -1 4 -2
right_child=3 -3 -4 -5 -6
leaf_value=0.001559323904030221 -0.004649395251812417 0.0066415739147909925 -0.0060362091711926085 -0.0044381460894912439 -0.0094672466916601705
leaf_weight=16.522335432469852 1.0953201259253535 5.3621323220431796 5.6135914344340554 4.9475057907402515 0.046638333733426296
leaf_count=26 36 22 34 78 14
internal_value=0 0.00999775 -0.00366876 -0.0451466 -0.0484616
internal_weight=0 27.4981 22.1359 6.08946 1.14196
internal_count=210 82 60 128 50
shrinkage=0.1


Tree=92
num_leaves=6
num_cat=0
split_feature=0 0 0 0 0
split_gain=0.015414 0.00245431 8.9559e-05 1.08029e-05 0.000101615
threshold=0.25000000000000006 0.35000000000000003 1.0000000180025095e-35 0.75000000000000011 0.45000000000000007
decision_type=2 2 2 2 2
left_child=2 -2 -1 4 -3
right_child=1 3 -4 -5 -6
leaf_value=0.0015774999047519812 -0.001386700683311736 -0.0045493816567327349 0.0011386172341642492 -0.0044024141374260492 -0.0093228923019751057
leaf_weight=16.519708372652534 4.5011114180088025 1.0961886264267375 6.4708147766068569 4.944001026917249 0.046485572864184976
leaf_count=26 18 36 38 78 14
internal_value=0 -0.0315718 0.0145397 -0.0446646 -0.0474357
internal_weight=0 10.5878 22.9905 6.08668 1.14267
internal_count=210 146 64 128 50
shrinkage=0.1


Tree=93
num_leaves=6
num_cat=0
split_feature=0 0 0 0 0
split_gain=0.0148232 0.00250856 9.0912e-05 9.49753e-06 9.84136e-05
threshold=0.25000000000000006 0.35000000000000003 1.0000000180025095e-35 0.75000000000000011 0.45000000000000007
decision_type=2 2 2 2 2
left_child=2 -2 -1 4 -3
right_child=1 3 -4 -5 -6
leaf_value=0.0015501106865127854 -0.0013057668668842437 -0.0044890878468439614 0.0011079118451420942 -0.0043602756598849065 -0.0091875998850217914
leaf_weight=16.519307069480423 4.4964942652732116 1.0961963592562822 6.4703280762769273 4.9437346304766834 0.046469218650599831
leaf_count=26 18 36 38 78 14
internal_value=0 -0.0309701 0.0142566 -0.0442033 -0.0468016
internal_weight=0 10.5829 22.9896 6.0864 1.14267
internal_count=210 146 64 128 50
shrinkage=0.1


Tree=94
num_leaves=6
num_cat=0
split_feature=0 0 0 0 0
split_gain=0.0142706 0.00255685 9.22264e-05 8.30575e-06 9.53422e-05
threshold=0.25000000000000006 0.35000000000000003 1.0000000180025095e-35 0.75000000000000011 0.45000000000000007
decision_type=2 2 2 2 2
left_child=2 -2 -1 4 -3
right_child=1 3 -4 -5 -6
leaf_value=0.0015240130181100383 -0.001229988499387233 -0.0044302362324625854 0.0010786161982805971 -0.0043191240880467779 -0.009055708747932845
leaf_weight=16.518934197723869 4.492199966683982 1.0961756502510978 6.4698653486557296 4.9434106319677085 0.046451232003164367
leaf_count=26 18 36 38 78 14
internal_value=0 -0.0303959 0.0139866 -0.0437529 -0.0461828
internal_weight=0 10.5782 22.9888 6.08604 1.14263
internal_count=210 146 64 128 50
shrinkage=0.1


Tree=95
num_leaves=6
num_cat=0
split_feature=0 0 0 0 0
split_gain=0.0139447 0.020397 0.0229922 7.20184e-06 9.24121e-05
threshold=0.35000000000000003 0.15000000000000005 1.0000000180025095e-35 0.75000000000000011 0.45000000000000007
decision_type=2 2 2 2 2
left_child=1 2 -1 4 -2
right_child=3 -3 -4 -5 -6
leaf_value=0.0014989949389777558 -0.0043723747497131926 0.0065031235612542579 -0.0059096249309330967 -0.004278901424058036 -0.0089271313405718117
leaf_weight=16.518587410449989 1.096127156051806 5.3454756475985041 5.6121392389759412 4.943033603252843 0.046431874674453762
leaf_count=26 36 22 34 78 14
internal_value=0 0.009593 -0.0037976 -0.043312 -0.0455747
internal_weight=0 27.4762 22.1307 6.08559 1.14256
internal_count=210 82 60 128 50
shrinkage=0.1


Tree=96
num_leaves=6
num_cat=0
split_feature=0 0 0 0 0
split_gain=0.0142009 0.00225114 8.56167e-05 4.35546e-06 9.05808e-05
threshold=0.25000000000000006 0.35000000000000003 1.0000000180025095e-35 0.75000000000000011 0.45000000000000007
decision_type=2 2 2 2 2
left_child=2 -2 -1 4 -3
right_child=1 3 -4 -5 -6
leaf_value=0.001516470269255736 -0.0013347396139147224 -0.0042792580543596116 0.0010871086971863076 -0.0042455094715796058 -0.0087951874903349058
leaf_weight=16.516067810356621 4.4928386062383634 1.0969905511010436 6.4610051820054641 4.9397285340819508 0.046290529986435902
leaf_count=26 18 36 38 78 14
internal_value=0 -0.0303237 0.0139574 -0.0428622 -0.044621
internal_weight=0 10.5758 22.9771 6.08301 1.14328
internal_count=210 146 64 128 50
shrinkage=0.1


Tree=97
num_leaves=6
num_cat=0
split_feature=0 0 0 0 0
split_gain=0.0136763 0.00229967 8.67214e-05 3.63174e-06 8.78703e-05
threshold=0.25000000000000006 0.35000000000000003 1.0000000180025095e-35 0.75000000000000011 0.45000000000000007
decision_type=2 2 2 2 2
left_child=2 -2 -1 4 -3
right_child=1 3 -4 -5 -6
leaf_value=0.0014910651826920132 -0.0012596840464068851 -0.004224189348695593 0.0010589302563371115 -0.004206468034320429 -0.0086726631036852294
leaf_weight=16.515691563487056 4.4885753467679006 1.0970017789513802 6.4605561709031454 4.9394719896372408 0.046276956476503872
leaf_count=26 18 36 38 78 14
internal_value=0 -0.0297666 0.0136956 -0.0424364 -0.0440425
internal_weight=0 10.5713 22.9762 6.08275 1.14328
internal_count=210 146 64 128 50
shrinkage=0.1


Tree=98
num_leaves=6
num_cat=0
split_feature=0 0 0 0 0
split_gain=0.013183 0.00234309 8.78558e-05 2.98567e-06 8.52641e-05
threshold=0.25000000000000006 0.35000000000000003 1.0000000180025095e-35 0.75000000000000011 0.45000000000000007
decision_type=2 2 2 2 2
left_child=2 -2 -1 4 -3
right_child=1 3 -4 -5 -6
leaf_value=0.0014667776067368034 -0.0011890603339194863 -0.0041701462529628707 0.0010318136788593911 -0.0041681591163125024 -0.008552842648571566
leaf_weight=16.515340238809589 4.4846005495637637 1.0969878506148232 6.460124018136411 4.9391568666324019 0.046261794443125726
leaf_count=26 18 36 38 78 14
internal_value=0 -0.0292324 0.0134448 -0.0420187 -0.0434749
internal_weight=0 10.567 22.9755 6.08241 1.14325
internal_count=210 146 64 128 50
shrinkage=0.1


Tree=99
num_leaves=6
num_cat=0
split_feature=0 0 0 0 0
split_gain=0.012863 0.0196128 0.0218971 2.41037e-06 8.27746e-05
threshold=0.35000000000000003 0.15000000000000005 1.0000000180025095e-35 0.75000000000000011 0.45000000000000007
decision_type=2 2 2 2 2
left_child=1 2 -1 4 -2
right_child=3 -3 -4 -5 -6
leaf_value=0.0014435902182676865 -0.0041171377369241396 0.0063672991877783804 -0.005787359628922956 -0.0041307162028358779 -0.0084361109527136321
leaf_weight=16.515007644891746 1.0969479054911051 5.3299348652362815 5.6106627602130166 4.9387996650766581 0.046245551893662085
leaf_count=26 36 22 34 78 14
internal_value=0 0.00921752 -0.00390046 -0.04161 -0.0429185
internal_weight=0 27.4556 22.1257 6.08199 1.14319
internal_count=210 82 60 128 50
shrinkage=0.1


end of trees

feature importances:
geographical=500

parameters:
[boosting: gbdt]
[objective: lambdarank]
[metric: ndcg]
[tree_learner: serial]
[device_type: cpu]
[data: ]
[valid: ]
[num_iterations: 100]
[learning_rate: 0.1]
[num_leaves: 16]
[num_threads: -1]
[max_depth: -1]
[min_data_in_leaf: 5]
[min_sum_hessian_in_leaf: 0.001]
[bagging_fraction: 1]
[pos_bagging_fraction: 1]
[neg_bagging_fraction: 1]
[bagging_freq: 0]
[bagging_seed: 3]
[feature_fraction: 1]
[feature_fraction_bynode: 1]
[feature_fraction_seed: 2]
[early_stopping_round: 0]
[first_metric_only: 0]
[max_delta_step: 0]
[lambda_l1: 0]
[lambda_l2: 0]
[min_gain_to_split: 0]
[drop_rate: 0.1]
[max_drop: 50]
[skip_drop: 0.5]
[xgboost_dart_mode: 0]
[uniform_drop: 0]
[drop_seed: 4]
[top_rate: 0.2]
[other_rate: 0.1]
[min_data_per_group: 100]
[max_cat_threshold: 32]
[cat_l2: 10]
[cat_smooth: 10]
[max_cat_to_onehot: 4]
[top_k: 20]
[monotone_constraints: ]
[feature_contri: ]
[forcedsplits_filename: ]
[forcedbins_filename: ]
[refit_decay_rate: 0.9]
[cegb_tradeoff: 1]
[cegb_penalty_split: 0]
[cegb_penalty_feature_lazy: ]
[cegb_penalty_feature_coupled: ]
[verbosity: -1]
[max_bin: 255]
[max_bin_by_feature: ]
[min_data_in_bin: 3]
[bin_construct_sample_cnt: 200000]
[histogram_pool_size: -1]
[data_random_seed: 1]
[output_model: LightGBM_model.txt]
[snapshot_freq: -1]
[input_model: ]
[output_result: LightGBM_predict_result.txt]
[initscore_filename: ]
[valid_data_initscores: ]
[pre_partition: 0]
[enable_bundle: 1]
[max_conflict_rate: 0]
[is_enable_sparse: 1]
[sparse_threshold: 0.8]
[use_missing: 1]
[zero_as_missing: 0]
[two_round: 0]
[save_binary: 0]
[header: 0]
[label_column: ]
[weight_column: ]
[group_column: ]
[ignore_column: ]
[categorical_feature: ]
[predict_raw_score: 0]
[predict_leaf_index: 0]
[predict_contrib: 0]
[num_iteration_predict: -1]
[pred_early_stop: 0]
[pred_early_stop_freq: 10]
[pred_early_stop_margin: 10]
[convert_model_language: ]
[convert_model: gbdt_prediction.cpp]
[num_class: 1]
[is_unbalance: 0]
[scale_pos_weight: 1]
[sigmoid: 1]
[boost_from_average: 1]
[reg_sqrt: 0]
[alpha: 0.9]
[fair_c: 1]
[poisson_max_delta_step: 0.7]
[tweedie_variance_power: 1.5]
[max_position: 20]
[lambdamart_norm: 1]
[label_gain: ]
[metric_freq: 1]
[is_provide_training_metric: 0]
[eval_at: 1]
[multi_error_top_k: 1]
[num_machines: 1]
[local_listen_port: 12400]
[time_out: 120]
[machine_list_filename: ]
[machines: ]
[gpu_platform_id: -1]
[gpu_device_id: -1]
[gpu_use_dp: 0]

end of parameters

pandas_categorical:null
