tree
version=v3
num_class=1
num_tree_per_iteration=1
label_index=0
max_feature_idx=0
objective=lambdarank
feature_names=geographical
feature_infos=[0:1]
tree_sizes=837 841 844 848 845 849 855 852 857 853 859 857 859 856 862 860 859 860 857 863 861 858 863 863 864 866 867 866 862 867 866 869 865 867 868 868 870 869 869 868 868 871 871 873 870 867 873 873 873 873 871 873 872 873 876 876 877 870 873 876 878 873 876 874 878 877 874 877 872 875 879 875 876 878 878 874 874 876 873 876 876 873 876 877 879 876 877 879 876 879 872 878 877 876 876 876 880 875 877 877

Tree=0
num_leaves=7
num_cat=0
split_feature=0 0 0 0 0 0
split_gain=10.6862 0.741389 0.512072 0.115954 0.11448 0.135346
threshold=0.35000000000000003 1.0000000180025095e-35 0.75000000000000011 0.45000000000000007 0.15000000000000005 0.25000000000000006
decision_type=2 2 2 2 2 2
left_child=1 -1 3 -2 -3 -6
right_child=2 4 -4 -5 5 -7
leaf_value=0.1354470434110816 -0.12346432111032679 0.04361778300253949 -0.070557569526179614 -0.19466265526423837 0.097845796203527458 0.053659339861540922
leaf_weight=2.4430117513984442 0.99007316865026929 1.4573715040460227 6.146386468783021 0.29746676702052355 1.5563211943954229 1.2499773688614368
leaf_count=22 30 24 78 12 22 22
internal_value=0 0.915234 -0.825699 -1.39914 0.663559 0.781643
internal_weight=0 6.70668 7.43393 1.28754 4.26367 2.8063
internal_count=210 90 120 42 68 44
shrinkage=0.1


Tree=1
num_leaves=7
num_cat=0
split_feature=0 0 0 0 0 0
split_gain=3.43553 1.33385 0.531302 0.325422 0.104167 0.00197173
threshold=0.35000000000000003 0.75000000000000011 1.0000000180025095e-35 0.15000000000000005 0.45000000000000007 0.25000000000000006
decision_type=2 2 2 2 2 2
left_child=2 4 -1 -4 -2 -5
right_child=1 -3 3 5 -6 -7
leaf_value=0.028192499706963321 -0.11962028951865791 -0.036307727429465406 -0.019782539971828422 0.011422660012967489 -0.17353424939017811 0.0089402966655752879
leaf_weight=14.4938877671957 1.4551155325025309 5.5103737507015467 4.8019458539783981 8.5056250095367414 0.47546245343983162 5.129402056336402
leaf_count=22 30 78 24 22 12 22
internal_value=0 -0.613684 0.138666 0.0260458 -1.32898 0.104888
internal_weight=0 7.44095 32.9309 18.437 1.93058 13.635
internal_count=210 120 90 68 42 44
shrinkage=0.1


Tree=2
num_leaves=7
num_cat=0
split_feature=0 0 0 0 0 0
split_gain=2.1938 0.74508 0.273006 0.296595 0.0862313 0.00584026
threshold=0.35000000000000003 0.75000000000000011 1.0000000180025095e-35 0.15000000000000005 0.45000000000000007 0.25000000000000006
decision_type=2 2 2 2 2 2
left_child=2 4 -1 -4 -2 -5
right_child=1 -3 3 5 -6 -7
leaf_value=0.021078487830197227 -0.10137976036539637 -0.033999127678891329 -0.021392494916084567 0.0081059538434270339 -0.15994629518422354 0.012464105469481011
leaf_weight=14.599627852439879 1.1652999687939871 5.3678738800808787 3.9920714534819153 8.6488699689507467 0.3205571100115775 4.7711187209933987
leaf_count=22 30 78 24 22 12 22
internal_value=0 -0.513462 0.109933 0.0253702 -1.14015 0.0965538
internal_weight=0 6.85373 32.0117 17.4121 1.48586 13.42
internal_count=210 120 90 68 42 44
shrinkage=0.1


Tree=3
num_leaves=7
num_cat=0
split_feature=0 0 0 0 0 0
split_gain=1.5462 0.480419 0.179785 0.231621 0.0747067 0.0174117
threshold=0.35000000000000003 0.75000000000000011 1.0000000180025095e-35 0.15000000000000005 0.45000000000000007 0.25000000000000006
decision_type=2 2 2 2 2 2
left_child=2 4 -1 -4 -2 -5
right_child=1 -3 3 5 -6 -7
leaf_value=0.017260082875543568 -0.087827447220438851 -0.031034421143518572 -0.020380049811191247 0.0055315721560174249 -0.14950661322623732 0.013073811989106315
leaf_weight=14.62537355720997 1.0233951788395632 5.2433277368545532 3.6003038045018938 8.7078696489334089 0.24300167337059964 4.7199085038155308
leaf_count=22 30 78 24 22 12 22
internal_value=0 -0.443853 0.0912811 0.0214358 -0.996627 0.0818269
internal_weight=0 6.50972 31.6535 17.0281 1.2664 13.4278
internal_count=210 120 90 68 42 44
shrinkage=0.1


Tree=4
num_leaves=7
num_cat=0
split_feature=0 0 0 0 0 0
split_gain=1.15291 0.33678 0.136807 0.181213 0.0641921 0.0338764
threshold=0.35000000000000003 0.75000000000000011 1.0000000180025095e-35 0.15000000000000005 0.45000000000000007 0.25000000000000006
decision_type=2 2 2 2 2 2
left_child=2 4 -1 -4 -2 -5
right_child=1 -3 3 5 -6 -7
leaf_value=0.014863541304571282 -0.077890616122066395 -0.028358078992320197 -0.019104224158860244 0.0031217193638568238 -0.14113788057130258 0.013583369514375762
leaf_weight=14.62580043077469 0.92828570958226819 5.1390991704538465 3.367305692285302 8.7632880583405477 0.194009811617434 4.7855464834719887
leaf_count=22 30 78 24 22 12 22
internal_value=0 -0.39196 0.0778081 0.0165703 -0.888241 0.0681685
internal_weight=0 6.26139 31.5419 16.9161 1.1223 13.5488
internal_count=210 120 90 68 42 44
shrinkage=0.1


Tree=5
num_leaves=7
num_cat=0
split_feature=0 0 0 0 0 0
split_gain=0.884112 0.250468 0.11629 0.148355 0.0676025 0.0545317
threshold=0.35000000000000003 0.75000000000000011 1.0000000180025095e-35 0.15000000000000005 0.25000000000000006 0.45000000000000007
decision_type=2 2 2 2 2 2
left_child=2 5 -1 -4 -5 -2
right_child=1 -3 3 4 -6 -7
leaf_value=0.013244923130730399 -0.070441598289691196 -0.02591786635378009 -0.018365089355664034 0.00032986965715154341 0.014900311452766985 -0.13421469938342065
leaf_weight=14.612142488360407 0.84885647846385726 5.0469613950699568 3.187695816159251 8.8627052269875986 4.9700349420309058 0.15923534939065576
leaf_count=22 30 78 24 22 22 12
internal_value=0 -0.350076 0.067011 0.0108319 0.0556496 -0.80515
internal_weight=0 6.05505 31.6326 17.0204 13.8327 1.00809
internal_count=210 120 90 68 44 42
shrinkage=0.1


Tree=6
num_leaves=7
num_cat=0
split_feature=0 0 0 0 0 0
split_gain=0.66286 0.200047 0.114655 0.259425 0.0480251 0.0443242
threshold=0.35000000000000003 0.75000000000000011 1.0000000180025095e-35 0.25000000000000006 0.15000000000000005 0.45000000000000007
decision_type=2 2 2 2 2 2
left_child=2 5 -1 4 -4 -2
right_child=1 -3 3 -5 -6 -7
leaf_value=0.012181790330639888 -0.06547040052091295 -0.023199429716068438 -0.019030183349738734 0.018177488973211916 -0.0044008094946616991 -0.12829471270469672
leaf_weight=14.570467114448546 0.75152592500671644 4.9451034227386117 2.9750652629882106 5.5107999406754962 9.1314312815666199 0.13203107286244631
leaf_count=22 30 78 24 22 22 12
internal_value=0 -0.310303 0.0561907 0.00191333 -0.0799585 -0.748583
internal_weight=0 5.82866 32.1878 17.6173 12.1065 0.883557
internal_count=210 120 90 68 46 42
shrinkage=0.1


Tree=7
num_leaves=7
num_cat=0
split_feature=0 0 0 0 0 0
split_gain=0.613882 0.163238 0.070103 0.264989 0.0373617 0.000244496
threshold=0.35000000000000003 0.75000000000000011 1.0000000180025095e-35 0.15000000000000005 0.45000000000000007 0.25000000000000006
decision_type=2 2 2 2 2 2
left_child=2 4 -1 -4 -2 -5
right_child=1 -3 3 5 -6 -7
leaf_value=0.010571137642157464 -0.06186243271159271 -0.022871004542597387 -0.02588782993316548 0.0074269816374976762 -0.12332220005357231 0.0065756110667476208
leaf_weight=14.628339275717737 0.75205796840600581 4.9325729641132057 2.99060700275004 5.7853377722203723 0.11388986650854348 8.089998846873641
leaf_count=22 30 78 24 22 12 22
internal_value=0 -0.299011 0.0550519 0.0111135 -0.699457 0.0693059
internal_weight=0 5.79852 31.4943 16.8659 0.865948 13.8753
internal_count=210 120 90 68 42 44
shrinkage=0.1


Tree=8
num_leaves=7
num_cat=0
split_feature=0 0 0 0 0 0
split_gain=0.525495 0.128998 0.0557317 0.195863 0.0328905 0.000261278
threshold=0.35000000000000003 0.75000000000000011 1.0000000180025095e-35 0.15000000000000005 0.45000000000000007 0.25000000000000006
decision_type=2 2 2 2 2 2
left_child=2 4 -1 -4 -2 -5
right_child=1 -3 3 5 -6 -7
leaf_value=0.0095864338209283549 -0.057241750850953982 -0.021755664149099303 -0.022460727248763735 0.005562292853960607 -0.11892698937677537 0.0064399990625964524
leaf_weight=14.612039566040041 0.72043564938940008 4.8938990156166255 2.9077185727655896 5.8339999988675109 0.098223709966987358 8.1012636553496122
leaf_count=22 30 78 24 22 12 22
internal_value=0 -0.279018 0.0506725 0.0114665 -0.646428 0.0607255
internal_weight=0 5.71256 31.455 16.843 0.818659 13.9353
internal_count=210 120 90 68 42 44
shrinkage=0.1


Tree=9
num_leaves=7
num_cat=0
split_feature=0 0 0 0 0 0
split_gain=0.461787 0.102553 0.044898 0.157932 0.0292538 0.00126159
threshold=0.35000000000000003 0.75000000000000011 1.0000000180025095e-35 0.15000000000000005 0.45000000000000007 0.25000000000000006
decision_type=2 2 2 2 2 2
left_child=2 4 -1 -4 -2 -5
right_child=1 -3 3 5 -6 -7
leaf_value=0.0087954769945550251 -0.053088208511746449 -0.020900265993229045 -0.020167780052882379 0.0044998308387584731 -0.1150016841955671 0.0064318022013194094
leaf_weight=14.604115337133409 0.6999514396302392 4.8650329569354653 2.8648293782025585 5.8233054652810088 0.085654170485213413 8.0557841993868351
leaf_count=22 30 78 24 22 12 22
internal_value=0 -0.263138 0.047432 0.0120879 -0.598386 0.056212
internal_weight=0 5.65064 31.348 16.7439 0.785606 13.8791
internal_count=210 120 90 68 42 44
shrinkage=0.1


Tree=10
num_leaves=7
num_cat=0
split_feature=0 0 0 0 0 0
split_gain=0.413218 0.0820398 0.036561 0.135095 0.0261437 0.00220531
threshold=0.35000000000000003 0.75000000000000011 1.0000000180025095e-35 0.15000000000000005 0.45000000000000007 0.25000000000000006
decision_type=2 2 2 2 2 2
left_child=2 4 -1 -4 -2 -5
right_child=1 -3 3 5 -6 -7
leaf_value=0.0081399564683967678 -0.049371892761967268 -0.020203595057535873 -0.01856539434631705 0.0038922694775789385 -0.11143621860877405 0.0064568818123456849
leaf_weight=14.601039230823519 0.68641380383632977 4.8420876581221819 2.8429138613864806 5.7820228114724141 0.075318192364647985 7.9811169505119324
leaf_count=22 30 78 24 22 12 22
internal_value=0 -0.250026 0.0448969 0.0128017 -0.555087 0.0537946
internal_weight=0 5.60382 31.2071 16.6061 0.761732 13.7631
internal_count=210 120 90 68 42 44
shrinkage=0.1


Tree=11
num_leaves=7
num_cat=0
split_feature=0 0 0 0 0 0
split_gain=0.374018 0.0661097 0.0301887 0.119697 0.0233862 0.00284378
threshold=0.35000000000000003 0.75000000000000011 1.0000000180025095e-35 0.15000000000000005 0.45000000000000007 0.25000000000000006
decision_type=2 2 2 2 2 2
left_child=2 4 -1 -4 -2 -5
right_child=1 -3 3 5 -6 -7
leaf_value=0.0075879620767303618 -0.046063800649640017 -0.01959309379990741 -0.017367908293973177 0.0035325196847144379 -0.10814525103098625 0.0064587959695694185
leaf_weight=14.600046306848528 0.67675276636145909 4.8222970794886351 2.831290400587025 5.7305920720100385 0.066654992057010531 7.898004898801446
leaf_count=22 30 78 24 22 12 22
internal_value=0 -0.238723 0.0427773 0.0134153 -0.516301 0.0522835
internal_weight=0 5.5657 31.0599 16.4599 0.743408 13.6286
internal_count=210 120 90 68 42 44
shrinkage=0.1


Tree=12
num_leaves=7
num_cat=0
split_feature=0 0 0 0 0 0
split_gain=0.341046 0.0536935 0.0253386 0.108152 0.0208995 0.00318028
threshold=0.35000000000000003 0.75000000000000011 1.0000000180025095e-35 0.15000000000000005 0.45000000000000007 0.25000000000000006
decision_type=2 2 2 2 2 2
left_child=2 4 -1 -4 -2 -5
right_child=1 -3 3 5 -6 -7
leaf_value=0.0071181328789612268 -0.043122636581607844 -0.019030190399280261 -0.01641075022190143 0.0033068738915877703 -0.10506349025589819 0.006416151348456362
leaf_weight=14.599653080105783 0.66918038274161418 4.8041761792264879 2.8244354901835349 5.6796018332242948 0.059300321387127042 7.8175628539174795
leaf_count=22 30 78 24 22 12 22
internal_value=0 -0.228663 0.0409141 0.0138401 -0.481648 0.0510777
internal_weight=0 5.53266 30.9213 16.3216 0.728481 13.4972
internal_count=210 120 90 68 42 44
shrinkage=0.1


Tree=13
num_leaves=7
num_cat=0
split_feature=0 0 0 0 0 0
split_gain=0.312588 0.0439512 0.02164 0.0987778 0.0186474 0.00328216
threshold=0.35000000000000003 0.75000000000000011 1.0000000180025095e-35 0.15000000000000005 0.45000000000000007 0.25000000000000006
decision_type=2 2 2 2 2 2
left_child=2 4 -1 -4 -2 -5
right_child=1 -3 3 5 -6 -7
leaf_value=0.0067147538829763669 -0.040500756388885686 -0.018497334840669191 -0.015603876610053047 0.0031546541822507221 -0.10214036378162808 0.0063270959653809675
leaf_weight=14.599199324846269 0.66275767143815656 4.7870361367240548 2.819648924283686 5.6333673410117608 0.053004590095952153 7.7444146797060966
leaf_count=22 30 78 24 22 12 22
internal_value=0 -0.219531 0.0392262 0.01406 -0.450654 0.0499118
internal_weight=0 5.5028 30.7966 16.1974 0.715762 13.3778
internal_count=210 120 90 68 42 44
shrinkage=0.1


Tree=14
num_leaves=7
num_cat=0
split_feature=0 0 0 0 0 0
split_gain=0.287616 0.0362511 0.0187914 0.0907427 0.0166103 0.00322412
threshold=0.35000000000000003 0.75000000000000011 1.0000000180025095e-35 0.15000000000000005 0.45000000000000007 0.25000000000000006
decision_type=2 2 2 2 2 2
left_child=2 4 -1 -4 -2 -5
right_child=1 -3 3 5 -6 -7
leaf_value=0.0063648587190416068 -0.038153872987954293 -0.017986195972629033 -0.014895809401110653 0.0030425922607404173 -0.099337477124195328 0.0061989646467028618
leaf_weight=14.598481997847559 0.65702131809666653 4.7705825148150325 2.8156790025532272 5.5930855162441713 0.047585478750988841 7.6797671876847744
leaf_count=22 30 78 24 22 12 22
internal_value=0 -0.211133 0.0376705 0.0140984 -0.422859 0.0486889
internal_weight=0 5.47519 30.687 16.0885 0.704607 13.2729
internal_count=210 120 90 68 42 44
shrinkage=0.1


Tree=15
num_leaves=7
num_cat=0
split_feature=0 0 0 0 0 0
split_gain=0.265502 0.0301121 0.016572 0.0836416 0.014773 0.00307514
threshold=0.35000000000000003 0.75000000000000011 1.0000000180025095e-35 0.15000000000000005 0.45000000000000007 0.25000000000000006
decision_type=2 2 2 2 2 2
left_child=2 4 -1 -4 -2 -5
right_child=1 -3 3 5 -6 -7
leaf_value=0.0060587954918710357 -0.036042500268932381 -0.017494589593248316 -0.014258410867309449 0.0029503050618108866 -0.096624178148480025 0.0060432180372720877
leaf_weight=14.597465962171556 0.65174341201782127 4.7547233840450644 2.8119613593444219 5.5585865192115289 0.042901396169327199 7.6232939548790455
leaf_count=22 30 78 24 22 12 22
internal_value=0 -0.203359 0.0362252 0.0139895 -0.39784 0.0473899
internal_weight=0 5.44937 30.5913 15.9938 0.694645 13.1819
internal_count=210 120 90 68 42 44
shrinkage=0.1


Tree=16
num_leaves=7
num_cat=0
split_feature=0 0 0 0 0 0
split_gain=0.245794 0.0251772 0.0148188 0.077284 0.013123 0.0028729
threshold=0.35000000000000003 0.75000000000000011 1.0000000180025095e-35 0.15000000000000005 0.45000000000000007 0.25000000000000006
decision_type=2 2 2 2 2 2
left_child=2 4 -1 -4 -2 -5
right_child=1 -3 3 5 -6 -7
leaf_value=0.0057888155742022813 -0.034133250016197582 -0.017021728868432957 -0.013677350581438484 0.0028702095689074132 -0.093978896764668057 0.0058683756569875472
leaf_weight=14.596180386841299 0.64681972749531169 4.7394403000362217 2.8082949584349981 5.5291465669870359 0.038841428933665163 7.5740581210702658
leaf_count=22 30 78 24 22 12 22
internal_value=0 -0.196129 0.0348771 0.0137682 -0.375234 0.0460324
internal_weight=0 5.4251 30.5077 15.9115 0.685661 13.1032
internal_count=210 120 90 68 42 44
shrinkage=0.1


Tree=17
num_leaves=7
num_cat=0
split_feature=0 0 0 0 0 0
split_gain=0.228155 0.0211788 0.0134136 0.0715322 0.0116455 0.00265077
threshold=0.35000000000000003 0.75000000000000011 1.0000000180025095e-35 0.15000000000000005 0.45000000000000007 0.25000000000000006
decision_type=2 2 2 2 2 2
left_child=2 4 -1 -4 -2 -5
right_child=1 -3 3 5 -6 -7
leaf_value=0.0055487685922637024 -0.032398862126376042 -0.016567524754380874 -0.013141163986032609 0.0027955673511610647 -0.091383886628534972 0.0056827548565610148
leaf_weight=14.594687215983869 0.64219785411842067 4.7247355515137315 2.8046065494418135 5.5040166079997999 0.035311908693984151 7.5310294181108475
leaf_count=22 30 78 24 22 12 22
internal_value=0 -0.189385 0.0336168 0.013465 -0.354732 0.0446365
internal_weight=0 5.40225 30.4343 15.8397 0.67751 13.035
internal_count=210 120 90 68 42 44
shrinkage=0.1


Tree=18
num_leaves=7
num_cat=0
split_feature=0 0 0 0 0 0
split_gain=0.212305 0.017914 0.0122709 0.0663113 0.0103276 0.00242653
threshold=0.35000000000000003 0.75000000000000011 1.0000000180025095e-35 0.15000000000000005 0.45000000000000007 0.25000000000000006
decision_type=2 2 2 2 2 2
left_child=2 4 -1 -4 -2 -5
right_child=1 -3 3 5 -6 -7
leaf_value=0.0053337212468162545 -0.030815569007514539 -0.01613174659096114 -0.012643718761405826 0.002723832142950338 -0.088828507463869028 0.0054922742683439123
leaf_weight=14.593026995658876 0.63784555881284077 4.710612902417779 2.8008949700742951 5.4824612624943239 0.032237748499028385 7.4932298958301544
leaf_count=22 30 78 24 22 12 22
internal_value=0 -0.18308 0.0324369 0.0131045 -0.336066 0.0432256
internal_weight=0 5.3807 30.3696 15.7766 0.670083 12.9757
internal_count=210 120 90 68 42 44
shrinkage=0.1


Tree=19
num_leaves=7
num_cat=0
split_feature=0 0 0 0 0 0
split_gain=0.198017 0.0152305 0.0113307 0.0615655 0.00915419 0.00220872
threshold=0.35000000000000003 0.75000000000000011 1.0000000180025095e-35 0.15000000000000005 0.45000000000000007 0.25000000000000006
decision_type=2 2 2 2 2 2
left_child=2 4 -1 -4 -2 -5
right_child=1 -3 3 5 -6 -7
leaf_value=0.0051399427746213235 -0.029364974780360438 -0.015714115860000929 -0.012180776991760959 0.0026543064902620934 -0.086303617731198087 0.0053006694672117988
leaf_weight=14.591242872178556 0.63375034322962076 4.6970720649696887 2.7971894834190598 5.4638576172292215 0.029552875261288136 7.4598109573125839
leaf_count=22 30 78 24 22 12 22
internal_value=0 -0.177172 0.031331 0.0127047 -0.319018 0.0418184
internal_weight=0 5.36038 30.3121 15.7209 0.663303 12.9237
internal_count=210 120 90 68 42 44
shrinkage=0.1


Tree=20
num_leaves=7
num_cat=0
split_feature=0 0 0 0 0 0
split_gain=0.185101 0.0130085 0.0105416 0.0572422 0.00811232 0.00200329
threshold=0.35000000000000003 0.75000000000000011 1.0000000180025095e-35 0.15000000000000005 0.45000000000000007 0.25000000000000006
decision_type=2 2 2 2 2 2
left_child=2 4 -1 -4 -2 -5
right_child=1 -3 3 5 -6 -7
leaf_value=0.0049637465483670148 -0.02803001579509224 -0.015314368590014941 -0.011747806251901327 0.0025867641904685447 -0.083805281342758733 0.0051113474245882773
leaf_weight=14.589375704526903 0.62989099393598635 4.6841076607815921 2.793516954407095 5.4476946294307691 0.027203459001611922 7.4300563428550959
leaf_count=22 30 78 24 22 12 22
internal_value=0 -0.171628 0.0302934 0.0122848 -0.303391 0.0404337
internal_weight=0 5.3412 30.2606 15.6713 0.657094 12.8778
internal_count=210 120 90 68 42 44
shrinkage=0.1


Tree=21
num_leaves=7
num_cat=0
split_feature=0 0 0 0 0 0
split_gain=0.173386 0.0111594 0.00987373 0.0533063 0.0071887 0.0018154
threshold=0.35000000000000003 0.75000000000000011 1.0000000180025095e-35 0.15000000000000005 0.45000000000000007 0.25000000000000006
decision_type=2 2 2 2 2 2
left_child=2 4 -1 -4 -2 -5
right_child=1 -3 3 5 -6 -7
leaf_value=0.0048028681090014945 -0.026798120398326908 -0.014931607886351865 -0.011342984063963897 0.00251994094964423 -0.081331549125582769 0.0049268513853344062
leaf_weight=14.587443396449091 0.62625894893426348 4.6716993730515242 2.7898975033313027 5.4335618205368501 0.025143173115793616 7.4033882282674313
leaf_count=22 30 78 24 22 12 22
internal_value=0 -0.166413 0.0293184 0.0118526 -0.28903 0.0390807
internal_weight=0 5.3231 30.2143 15.6268 0.651402 12.837
internal_count=210 120 90 68 42 44
shrinkage=0.1


Tree=22
num_leaves=7
num_cat=0
split_feature=0 0 0 0 0 0
split_gain=0.162743 0.0096097 0.00930092 0.0497138 0.00637182 0.00164589
threshold=0.35000000000000003 0.75000000000000011 1.0000000180025095e-35 0.15000000000000005 0.45000000000000007 0.25000000000000006
decision_type=2 2 2 2 2 2
left_child=2 4 -1 -4 -2 -5
right_child=1 -3 3 5 -6 -7
leaf_value=0.0046552173119969531 -0.02565695331421923 -0.014565909240764899 -0.010962904714463283 0.0024537450848818687 -0.078883803353901868 0.0047486235981901359
leaf_weight=14.585462622344496 0.62283842416945756 4.6598434229381382 2.7863496765494338 5.4211135692894441 0.023333201825153083 7.3793173413723707
leaf_count=22 30 78 24 22 12 22
internal_value=0 -0.161507 0.0284021 0.0114181 -0.27579 0.0377672
internal_weight=0 5.30602 30.1722 15.5868 0.646172 12.8004
internal_count=210 120 90 68 42 44
shrinkage=0.1


Tree=23
num_leaves=7
num_cat=0
split_feature=0 0 0 0 0 0
split_gain=0.153035 0.00880422 0.0464386 0.00830533 0.00564987 0.00149254
threshold=0.35000000000000003 1.0000000180025095e-35 0.15000000000000005 0.75000000000000011 0.45000000000000007 0.25000000000000006
decision_type=2 2 2 2 2 2
left_child=1 -1 -3 4 -2 -4
right_child=3 2 5 -5 -6 -7
leaf_value=0.0045189225559061925 -0.024596924929508164 -0.010606465967252626 0.0023890080391997266 -0.014215670182538996 -0.076463245938452148 0.0045770293539837649
leaf_weight=14.583454251289369 0.61962038790807028 2.7829042933881274 5.4100735485553724 4.6485032194759697 0.021739202551543716 7.357434768229723
leaf_count=22 30 24 22 78 12 22
internal_value=0 0.0275387 0.0109856 -0.156875 -0.26355 0.0364988
internal_weight=0 30.1339 15.5504 5.28986 0.64136 12.7675
internal_count=210 90 68 120 42 44
shrinkage=0.1


Tree=24
num_leaves=7
num_cat=0
split_feature=0 0 0 0 0 0
split_gain=0.144169 0.00836642 0.0434388 0.00720153 0.00501269 0.00135483
threshold=0.35000000000000003 1.0000000180025095e-35 0.15000000000000005 0.75000000000000011 0.45000000000000007 0.25000000000000006
decision_type=2 2 2 2 2 2
left_child=1 -1 -3 4 -2 -4
right_child=3 2 5 -5 -6 -7
leaf_value=0.004392414004114901 -0.023609928676725421 -0.010269975767568468 0.0023257546300453676 -0.013880925838767912 -0.074073965788068283 0.0044126942288642357
leaf_weight=14.581427820026876 0.61659363156650115 2.7795602064579716 5.4002188220620138 4.6376682841219008 0.02033280965406448 7.3374133631587029
leaf_count=22 30 24 22 78 12 22
internal_value=0 0.0267251 0.0105633 -0.152503 -0.252209 0.0352792
internal_weight=0 30.0986 15.5172 5.27459 0.636926 12.7376
internal_count=210 90 68 120 42 44
shrinkage=0.1


Tree=25
num_leaves=7
num_cat=0
split_feature=0 0 0 0 0 0
split_gain=0.136046 0.00797736 0.0406942 0.00626359 0.00445052 0.00123226
threshold=0.35000000000000003 1.0000000180025095e-35 0.15000000000000005 0.75000000000000011 0.45000000000000007 0.25000000000000006
decision_type=2 2 2 2 2 2
left_child=1 -1 -3 4 -2 -4
right_child=3 2 5 -5 -6 -7
leaf_value=0.0042745065760634651 -0.022688700157811992 -0.0099528158079817217 0.0022637862923319801 -0.013560452478766373 -0.071719256407212981 0.0042560855916189575
leaf_weight=14.579390726983549 0.61374628264456887 2.7763342484831801 5.3913703821599466 4.6273084429558367 0.019088825618382543 7.3189943805336952
leaf_count=22 30 24 22 78 12 22
internal_value=0 0.025957 0.0101525 -0.148366 -0.241677 0.0341101
internal_weight=0 30.0661 15.4867 5.26014 0.632835 12.7104
internal_count=210 90 68 120 42 44
shrinkage=0.1


Tree=26
num_leaves=7
num_cat=0
split_feature=0 0 0 0 0 0
split_gain=0.128587 0.00763085 0.0381802 0.00546267 0.00395517 0.00112274
threshold=0.35000000000000003 1.0000000180025095e-35 0.15000000000000005 0.75000000000000011 0.45000000000000007 0.25000000000000006
decision_type=2 2 2 2 2 2
left_child=1 -1 -3 4 -2 -4
right_child=3 2 5 -5 -6 -7
leaf_value=0.0041644755666001626 -0.021826531283695105 -0.0096537438258778759 0.0022032731117469432 -0.013253650016902239 -0.069404737211975723 0.0041067322543051673
leaf_weight=14.577345050871374 0.61106697854120173 2.7732241647317997 5.3833805508911592 4.6174033507704735 0.017986564082093537 7.301948506385088
leaf_count=22 30 24 22 78 12 22
internal_value=0 0.0252309 0.00975267 -0.144447 -0.231869 0.0329895
internal_weight=0 30.0359 15.4586 5.24646 0.629054 12.6853
internal_count=210 90 68 120 42 44
shrinkage=0.1


Tree=27
num_leaves=7
num_cat=0
split_feature=0 0 0 0 0 0
split_gain=0.121728 0.00731578 0.0358733 0.00477613 0.00351864 0.0010256
threshold=0.35000000000000003 1.0000000180025095e-35 0.15000000000000005 0.75000000000000011 0.45000000000000007 0.25000000000000006
decision_type=2 2 2 2 2 2
left_child=1 -1 -3 4 -2 -4
right_child=3 2 5 -5 -6 -7
leaf_value=0.0040610695049028908 -0.021018375264749839 -0.0093707779232978881 0.0021444054526796627 -0.012960054802012455 -0.067134555094387913 0.0039652001204191645
leaf_weight=14.575298704206945 0.60854596912395109 2.7702331375330678 5.3761192485690099 4.607930924044922 0.017007447255309671 7.2860959190875292
leaf_count=22 30 24 22 78 12 22
internal_value=0 0.0245442 0.00936998 -0.140731 -0.222722 0.0319213
internal_weight=0 30.0077 15.4324 5.23348 0.625553 12.6622
internal_count=210 90 68 120 42 44
shrinkage=0.1


Tree=28
num_leaves=7
num_cat=0
split_feature=0 0 0 0 0 0
split_gain=0.115399 0.00702931 0.0337497 0.00418544 0.00313414 0.000939917
threshold=0.35000000000000003 1.0000000180025095e-35 0.15000000000000005 0.75000000000000011 0.45000000000000007 0.25000000000000006
decision_type=2 2 2 2 2 2
left_child=1 -1 -3 4 -2 -4
right_child=3 2 5 -5 -6 -7
leaf_value=0.0039637475257699511 -0.020258959724183425 -0.009102441247487698 0.0020865255761166527 -0.012678530833809815 -0.064913690450355319 0.0038309792423025868
leaf_weight=14.573259688913824 0.60617243917658825 2.767362728714942 5.369497533887623 4.5988634014502168 0.016135893878526986 7.2712728902697563
leaf_count=22 30 24 22 78 12 22
internal_value=0 0.023893 0.0090017 -0.1372 -0.214168 0.0308998
internal_weight=0 29.9814 15.4081 5.22117 0.622308 12.6408
internal_count=210 90 68 120 42 44
shrinkage=0.1


Tree=29
num_leaves=7
num_cat=0
split_feature=0 0 0 0 0 0
split_gain=0.109552 0.00676613 0.0317976 0.00367488 0.00279537 0.000864214
threshold=0.35000000000000003 1.0000000180025095e-35 0.15000000000000005 0.75000000000000011 0.45000000000000007 0.25000000000000006
decision_type=2 2 2 2 2 2
left_child=1 -1 -3 4 -2 -4
right_child=3 2 5 -5 -6 -7
leaf_value=0.0038718427478206248 -0.019543850207634283 -0.0088483682299507326 0.0020301305969544418 -0.012408791441895741 -0.062745827406212165 0.0037040849828299353
leaf_weight=14.571229763329031 0.60393603448755939 2.7646136600524178 5.363419668748973 4.5901827537454665 0.01535814197268337 7.2573515214025974
leaf_count=22 30 24 22 78 12 22
internal_value=0 0.0232755 0.00864975 -0.133844 -0.206152 0.0299271
internal_weight=0 29.9566 15.3854 5.20948 0.619294 12.6208
internal_count=210 90 68 120 42 44
shrinkage=0.1


Tree=30
num_leaves=7
num_cat=0
split_feature=0 0 0 0 0 0
split_gain=0.104141 0.00652181 0.0299983 0.00323311 0.0024968 0.000794993
threshold=0.35000000000000003 1.0000000180025095e-35 0.15000000000000005 0.75000000000000011 0.45000000000000007 0.25000000000000006
decision_type=2 2 2 2 2 2
left_child=1 -1 -3 4 -2 -4
right_child=3 2 5 -5 -6 -7
leaf_value=0.0037847163546541984 -0.018870372925231488 -0.0086070098865761377 0.0019766219361374649 -0.012150105491000948 -0.060635299452557523 0.0035832395580063271
leaf_weight=14.569211654365064 0.60183335398323723 2.7619876712560645 5.3578085936605913 4.5818670464213938 0.014662699250038711 7.2442226521670818
leaf_count=22 30 24 22 78 12 22
internal_value=0 0.0226892 0.00831533 -0.130649 -0.198637 0.0290018
internal_weight=0 29.9332 15.364 5.19836 0.616496 12.602
internal_count=210 90 68 120 42 44
shrinkage=0.1


Tree=31
num_leaves=7
num_cat=0
split_feature=0 0 0 0 0 0
split_gain=0.0991198 0.00629628 0.0283355 0.00284898 0.0022337 0.000734986
threshold=0.35000000000000003 1.0000000180025095e-35 0.15000000000000005 0.75000000000000011 0.45000000000000007 0.25000000000000006
decision_type=2 2 2 2 2 2
left_child=1 -1 -3 4 -2 -4
right_child=3 2 5 -5 -6 -7
leaf_value=0.0037021767233829609 -0.018234049171135896 -0.0083775500013418026 0.0019234735664676137 -0.011901711298011654 -0.058585563699241311 0.0034692608039170562
leaf_weight=14.567203156650068 0.59984976286068459 2.7594679836183778 5.3526247721165401 4.5738930774386972 0.014039511443115773 7.2318003959953785
leaf_count=22 30 24 22 78 12 22
internal_value=0 0.0221314 0.00799475 -0.127602 -0.191569 0.0281178
internal_weight=0 29.9111 15.3439 5.18778 0.613889 12.5844
internal_count=210 90 68 120 42 44
shrinkage=0.1


Tree=32
num_leaves=7
num_cat=0
split_feature=0 0 0 0 0 0
split_gain=0.0944512 0.00608445 0.0267991 0.00251413 0.00200161 0.000680313
threshold=0.35000000000000003 1.0000000180025095e-35 0.15000000000000005 0.75000000000000011 0.45000000000000007 0.25000000000000006
decision_type=2 2 2 2 2 2
left_child=1 -1 -3 4 -2 -4
right_child=3 2 5 -5 -6 -7
leaf_value=0.0036234855658586126 -0.017632090296067882 -0.0081592121371074442 0.0018728339613352935 -0.011663014282298167 -0.056598616572540505 0.0033609187382071652
leaf_weight=14.565210469067098 0.59798042953479935 2.7570678843185297 5.3477986864745599 4.5662411858793348 0.013479606830514967 7.2200054042041302
leaf_count=22 30 24 22 78 12 22
internal_value=0 0.0216 0.00769069 -0.124694 -0.184911 0.0272772
internal_weight=0 29.8901 15.3249 5.1777 0.61146 12.5678
internal_count=210 90 68 120 42 44
shrinkage=0.1


Tree=33
num_leaves=7
num_cat=0
split_feature=0 0 0 0 0 0
split_gain=0.0901064 0.00588656 0.0253746 0.0022214 0.00179677 0.000631927
threshold=0.35000000000000003 1.0000000180025095e-35 0.15000000000000005 0.75000000000000011 0.45000000000000007 0.25000000000000006
decision_type=2 2 2 2 2 2
left_child=1 -1 -3 4 -2 -4
right_child=3 2 5 -5 -6 -7
leaf_value=0.0035485927098505205 -0.017061957877264566 -0.007950976877305815 0.001823334548521042 -0.011433717432063848 -0.054676758763959034 0.0032583471760647327
leaf_weight=14.563231088221075 0.59621671645436336 2.7547669727355233 5.3433001749217492 4.5588998289313167 0.012975526828086004 7.2087703607976437
leaf_count=22 30 24 22 78 12 22
internal_value=0 0.0210938 0.00740075 -0.121916 -0.178631 0.0264748
internal_weight=0 29.8701 15.3068 5.16809 0.609192 12.5521
internal_count=210 90 68 120 42 44
shrinkage=0.1


Tree=34
num_leaves=7
num_cat=0
split_feature=0 0 0 0 0 0
split_gain=0.0860533 0.00569992 0.0240547 0.0019651 0.00161574 0.000588619
threshold=0.35000000000000003 1.0000000180025095e-35 0.15000000000000005 0.75000000000000011 0.45000000000000007 0.25000000000000006
decision_type=2 2 2 2 2 2
left_child=1 -1 -3 4 -2 -4
right_child=3 2 5 -5 -6 -7
leaf_value=0.0034770230718380113 -0.016521405247619976 -0.0077525280560903787 0.0017754807334828802 -0.011213062793328213 -0.052820824614980791 0.0031612006144304304
leaf_weight=14.561272561550142 0.59455352451186527 2.7525734091177574 5.3390880692750198 4.5518433118704706 0.012520550924818965 7.1980357561260462
leaf_count=22 30 24 22 78 12 22
internal_value=0 0.0206105 0.00712537 -0.119258 -0.172701 0.0257107
internal_weight=0 29.851 15.2897 5.15892 0.607074 12.5371
internal_count=210 90 68 120 42 44
shrinkage=0.1


Tree=35
num_leaves=7
num_cat=0
split_feature=0 0 0 0 0 0
split_gain=0.0822674 0.00552159 0.0228285 0.00173962 0.00145565 0.000549672
threshold=0.35000000000000003 1.0000000180025095e-35 0.15000000000000005 0.75000000000000011 0.45000000000000007 0.25000000000000006
decision_type=2 2 2 2 2 2
left_child=1 -1 -3 4 -2 -4
right_child=3 2 5 -5 -6 -7
leaf_value=0.0034083054319990025 -0.016007563723387852 -0.0075627376476697572 0.0017294643435511693 -0.011000801870585532 -0.051031505806361677 0.0030692487139949171
leaf_weight=14.559333778917791 0.59298057190608133 2.7504794150590888 5.335127152502535 4.5450597880408168 0.012108959286706522 7.1877537425607443
leaf_count=22 30 24 22 78 12 22
internal_value=0 0.0201488 0.00686605 -0.116714 -0.167085 0.0249846
internal_weight=0 29.8327 15.2734 5.15015 0.60509 12.5229
internal_count=210 90 68 120 42 44
shrinkage=0.1


Tree=36
num_leaves=7
num_cat=0
split_feature=0 0 0 0 0 0
split_gain=0.0787261 0.00535415 0.0216888 0.00154144 0.00131389 0.000514692
threshold=0.35000000000000003 1.0000000180025095e-35 0.15000000000000005 0.75000000000000011 0.45000000000000007 0.25000000000000006
decision_type=2 2 2 2 2 2
left_child=1 -1 -3 4 -2 -4
right_child=3 2 5 -5 -6 -7
leaf_value=0.0033426680848117254 -0.015519427990994639 -0.0073816504450311092 0.0016847809506554366 -0.010796362331592844 -0.049309404636277213 0.0029818737682535228
leaf_weight=14.557414665818216 0.59149726352188636 2.7484784657135597 5.3313956912606937 4.5385367926210165 0.011735871812561529 7.1778882518410683
leaf_count=22 30 24 22 78 12 22
internal_value=0 0.0197074 0.00661793 -0.114276 -0.161768 0.0242906
internal_weight=0 29.8152 15.2578 5.14177 0.603233 12.5093
internal_count=210 90 68 120 42 44
shrinkage=0.1


Tree=37
num_leaves=7
num_cat=0
split_feature=0 0 0 0 0 0
split_gain=0.0754098 0.00519373 0.0206278 0.00136647 0.00118818 0.000483253
threshold=0.35000000000000003 1.0000000180025095e-35 0.15000000000000005 0.75000000000000011 0.45000000000000007 0.25000000000000006
decision_type=2 2 2 2 2 2
left_child=1 -1 -3 4 -2 -4
right_child=3 2 5 -5 -6 -7
leaf_value=0.0032795368625868947 -0.015054623007443655 -0.0072083061333132739 0.0016417247350548126 -0.010599524397444514 -0.047653510600158572 0.0028991717907542141
leaf_weight=14.555519081652166 0.59009441209491242 2.7465678276494137 5.3278657868504506 4.5322586211841553 0.01139682187931612 7.1683970931917429
leaf_count=22 30 24 22 78 12 22
internal_value=0 0.0192851 0.00638412 -0.111939 -0.156723 0.0236305
internal_weight=0 29.7983 15.2428 5.13375 0.601491 12.4963
internal_count=210 90 68 120 42 44
shrinkage=0.1


Tree=38
num_leaves=7
num_cat=0
split_feature=0 0 0 0 0 0
split_gain=0.0722974 0.00504205 0.0196384 0.00121193 0.00107662 0.000454166
threshold=0.35000000000000003 1.0000000180025095e-35 0.15000000000000005 0.75000000000000011 0.45000000000000007 0.25000000000000006
decision_type=2 2 2 2 2 2
left_child=1 -1 -3 4 -2 -4
right_child=3 2 5 -5 -6 -7
leaf_value=0.0032190119882956648 -0.014611698924387862 -0.0070424852456617967 0.0016004960287506289 -0.010409655454773389 -0.046063998469866474 0.0028200648699500839
leaf_weight=14.553644225001337 0.58876898663584043 2.7447450952604404 5.3245199229568225 4.5262104568537325 0.011088192404713482 7.1592502575367689
leaf_count=22 30 24 22 78 12 22
internal_value=0 0.0188804 0.00616055 -0.109694 -0.151931 0.022999
internal_weight=0 29.7822 15.2285 5.12607 0.599857 12.4838
internal_count=210 90 68 120 42 44
shrinkage=0.1


Tree=39
num_leaves=7
num_cat=0
split_feature=0 0 0 0 0 0
split_gain=0.0693716 0.00489662 0.0187121 0.00107529 0.000977412 0.000428535
threshold=0.35000000000000003 1.0000000180025095e-35 0.15000000000000005 0.75000000000000011 0.45000000000000007 0.25000000000000006
decision_type=2 2 2 2 2 2
left_child=1 -1 -3 4 -2 -4
right_child=3 2 5 -5 -6 -7
leaf_value=0.0031606775643937103 -0.014189295282233325 -0.006883022819945391 0.0015600570047182459 -0.010226305706058031 -0.044538933848835505 0.0027452272405647372
leaf_weight=14.551786832511427 0.58751524100080033 2.7429976407438508 5.3213448692113143 4.5203774364199489 0.010806529709952883 7.150422528386116
leaf_count=22 30 24 22 78 12 22
internal_value=0 0.0184921 0.00594884 -0.107536 -0.147375 0.0223955
internal_weight=0 29.7666 15.2148 5.1187 0.598322 12.4718
internal_count=210 90 68 120 42 44
shrinkage=0.1


Tree=40
num_leaves=7
num_cat=0
split_feature=0 0 0 0 0 0
split_gain=0.0666203 0.00475757 0.017848 0.000953939 0.000889064 0.000404907
threshold=0.35000000000000003 1.0000000180025095e-35 0.15000000000000005 0.75000000000000011 0.45000000000000007 0.25000000000000006
decision_type=2 2 2 2 2 2
left_child=1 -1 -3 4 -2 -4
right_child=3 2 5 -5 -6 -7
leaf_value=0.0031045099131069001 -0.013785613429628366 -0.006730415048139456 0.0015213921402833428 -0.010049452720713691 -0.043076693733852353 0.002673907080444766
leaf_weight=14.549958154559137 0.58632754313293756 2.7413327433168879 5.3183190822601301 4.5147533919662237 0.010548877326073123 7.141884415410459
leaf_count=22 30 24 22 78 12 22
internal_value=0 0.0181195 0.00574789 -0.105462 -0.143033 0.0218199
internal_weight=0 29.7515 15.2015 5.11163 0.596876 12.4602
internal_count=210 90 68 120 42 44
shrinkage=0.1


Tree=41
num_leaves=7
num_cat=0
split_feature=0 0 0 0 0 0
split_gain=0.0640297 0.00462324 0.0170386 0.000846307 0.000810257 0.000383387
threshold=0.35000000000000003 1.0000000180025095e-35 0.15000000000000005 0.75000000000000011 0.45000000000000007 0.25000000000000006
decision_type=2 2 2 2 2 2
left_child=1 -1 -3 4 -2 -4
right_child=3 2 5 -5 -6 -7
leaf_value=0.0030502068922067201 -0.013400016100309171 -0.0065836587867585897 0.0014842128295542781 -0.0098786816035624902 -0.041675941000840634 0.0026061345304614551
leaf_weight=14.548148699104788 0.58520352351479132 2.7397381281480184 5.3154248520731908 4.5093269692733884 0.010312779195373878 7.1336231995373964
leaf_count=22 30 24 22 78 12 22
internal_value=0 0.0177617 0.00555864 -0.103466 -0.138897 0.021271
internal_weight=0 29.7369 15.1888 5.10484 0.595516 12.449
internal_count=210 90 68 120 42 44
shrinkage=0.1


Tree=42
num_leaves=7
num_cat=0
split_feature=0 0 0 0 0 0
split_gain=0.0615867 0.00449596 0.0162786 0.000750681 0.000739836 0.000363428
threshold=0.35000000000000003 1.0000000180025095e-35 0.15000000000000005 0.75000000000000011 0.45000000000000007 0.25000000000000006
decision_type=2 2 2 2 2 2
left_child=1 -1 -3 4 -2 -4
right_child=3 2 5 -5 -6 -7
leaf_value=0.0029980150137277409 -0.013031202892299859 -0.0064425369322594116 0.0014483228681622241 -0.009713630569335923 -0.040334524803549092 0.0025410763996330482
leaf_weight=14.546362675726416 0.58414034021552552 2.7382126851007333 5.312663007527588 4.5040862914174795 0.010095939185703172 7.1256133280694485
leaf_count=22 30 24 22 78 12 22
internal_value=0 0.0174177 0.00537683 -0.101544 -0.134951 0.0207434
internal_weight=0 29.7229 15.1765 5.09832 0.594236 12.4383
internal_count=210 90 68 120 42 44
shrinkage=0.1


Tree=43
num_leaves=7
num_cat=0
split_feature=0 0 0 0 0 0
split_gain=0.0592808 0.00437215 0.0155675 0.000665474 0.00067684 0.000345352
threshold=0.35000000000000003 1.0000000180025095e-35 0.15000000000000005 0.75000000000000011 0.45000000000000007 0.25000000000000006
decision_type=2 2 2 2 2 2
left_child=1 -1 -3 4 -2 -4
right_child=3 2 5 -5 -6 -7
leaf_value=0.0029473797158960837 -0.012677827606065865 -0.0063070648385966203 0.0014138341371085653 -0.0095541188804655619 -0.039050731280122174 0.002479465221183474
leaf_weight=14.544604241847994 0.58313027734402467 2.7367551866918793 5.3100119587033969 4.4990232456475496 0.0098964289354626089 7.1178398327901959
leaf_count=22 30 24 22 78 12 22
internal_value=0 0.0170868 0.00520621 -0.0996917 -0.131179 0.0202416
internal_weight=0 29.7092 15.1646 5.09205 0.593027 12.4279
internal_count=210 90 68 120 42 44
shrinkage=0.1


Tree=44
num_leaves=7
num_cat=0
split_feature=0 0 0 0 0 0
split_gain=0.0570979 0.00425365 0.014897 0.000589652 0.000620359 0.000329003
threshold=0.35000000000000003 1.0000000180025095e-35 0.15000000000000005 0.75000000000000011 0.45000000000000007 0.25000000000000006
decision_type=2 2 2 2 2 2
left_child=1 -1 -3 4 -2 -4
right_child=3 2 5 -5 -6 -7
leaf_value=0.0028984494452029817 -0.012339052619429691 -0.0061762663032530508 0.0013800945256270346 -0.0093994852524873461 -0.037822018628973123 0.0024205748753990705
leaf_weight=14.542867511510851 0.58217270823661138 2.735356784425675 5.3074742592871171 4.494120383169502 0.0097124534222530201 7.110284429974854
leaf_count=22 30 24 22 78 12 22
internal_value=0 0.0167677 0.00504286 -0.0979024 -0.127572 0.0197586
internal_weight=0 29.696 15.1531 5.08601 0.591885 12.4178
internal_count=210 90 68 120 42 44
shrinkage=0.1


Tree=45
num_leaves=7
num_cat=0
split_feature=0 0 0 0 0 0
split_gain=0.0550343 0.00413977 0.0142684 0.00052219 0.000569644 0.00031363
threshold=0.35000000000000003 1.0000000180025095e-35 0.15000000000000005 0.75000000000000011 0.45000000000000007 0.25000000000000006
decision_type=2 2 2 2 2 2
left_child=1 -1 -3 4 -2 -4
right_child=3 2 5 -5 -6 -7
leaf_value=0.0028511487028835014 -0.012014601910638982 -0.006050764433717163 0.0013479537686087904 -0.0092499037466006444 -0.036646889122730168 0.0023641927489109907
leaf_weight=14.54115501791239 0.58126639120746304 2.7340209987014523 5.3050277996808273 4.4893810949288309 0.0095425745676038787 7.1029435489326715
leaf_count=22 30 24 22 78 12 22
internal_value=0 0.0164604 0.00488756 -0.096177 -0.124125 0.019297
internal_weight=0 29.6831 15.142 5.08019 0.590809 12.408
internal_count=210 90 68 120 42 44
shrinkage=0.1


Tree=46
num_leaves=7
num_cat=0
split_feature=0 0 0 0 0 0
split_gain=0.0530816 0.00402984 0.0136762 0.000461793 0.000524055 0.000299635
threshold=0.35000000000000003 1.0000000180025095e-35 0.15000000000000005 0.75000000000000011 0.45000000000000007 0.25000000000000006
decision_type=2 2 2 2 2 2
left_child=1 -1 -3 4 -2 -4
right_child=3 2 5 -5 -6 -7
leaf_value=0.0028053373565463348 -0.011702707753852716 -0.005929658253346539 0.0013168025263958958 -0.0091052741593453095 -0.035522907569041973 0.0023104500292268526
leaf_weight=14.539464496076109 0.5804036547197019 2.7327372217550865 5.3026715237647277 4.4847984742373228 0.0093853973812656477 7.0958011243492365
leaf_count=22 30 24 22 78 12 22
internal_value=0 0.0161644 0.00474045 -0.0945121 -0.120818 0.0188548
internal_weight=0 29.6707 15.1312 5.07459 0.589789 12.3985
internal_count=210 90 68 120 42 44
shrinkage=0.1


Tree=47
num_leaves=7
num_cat=0
split_feature=0 0 0 0 0 0
split_gain=0.0512282 0.00392455 0.0131172 0.00040799 0.000482965 0.000286462
threshold=0.35000000000000003 1.0000000180025095e-35 0.15000000000000005 0.75000000000000011 0.45000000000000007 0.25000000000000006
decision_type=2 2 2 2 2 2
left_child=1 -1 -3 4 -2 -4
right_child=3 2 5 -5 -6 -7
leaf_value=0.0027610127297542941 -0.011403218969151892 -0.0058127935794074588 0.001286804329438865 -0.0089649130602897729 -0.034447540005526675 0.0022586864454660223
leaf_weight=14.537797272205355 0.57958609447814413 2.7315075621008864 5.3004018776118738 4.4803553654346615 0.0092396661784732714 7.0888419831171632
leaf_count=22 30 24 22 78 12 22
internal_value=0 0.0158785 0.00459922 -0.0929014 -0.117648 0.0184289
internal_weight=0 29.6585 15.1208 5.06918 0.588826 12.3892
internal_count=210 90 68 120 42 44
shrinkage=0.1


Tree=48
num_leaves=7
num_cat=0
split_feature=0 0 0 0 0 0
split_gain=0.0494688 0.0038219 0.0125886 0.000359968 0.000445874 0.000274602
threshold=0.35000000000000003 1.0000000180025095e-35 0.15000000000000005 0.75000000000000011 0.45000000000000007 0.25000000000000006
decision_type=2 2 2 2 2 2
left_child=1 -1 -3 4 -2 -4
right_child=3 2 5 -5 -6 -7
leaf_value=0.0027178596673755021 -0.011115320523370317 -0.0056995744326035786 0.0012575918895765979 -0.0088287844776593783 -0.033418728428725099 0.0022094500580841702
leaf_weight=14.536157689988615 0.57880874548572947 2.7303270185366264 5.2982128802686912 4.4760472541674972 0.0091043191787321121 7.0820529339835048
leaf_count=22 30 24 22 78 12 22
internal_value=0 0.0156024 0.00446622 -0.0913434 -0.114607 0.018021
internal_weight=0 29.6468 15.1106 5.06396 0.587913 12.3803
internal_count=210 90 68 120 42 44
shrinkage=0.1


Tree=49
num_leaves=7
num_cat=0
split_feature=0 0 0 0 0 0
split_gain=0.0477992 0.00372444 0.012092 0.000316959 0.000412359 0.000263285
threshold=0.35000000000000003 1.0000000180025095e-35 0.15000000000000005 0.75000000000000011 0.45000000000000007 0.25000000000000006
decision_type=2 2 2 2 2 2
left_child=1 -1 -3 4 -2 -4
right_child=3 2 5 -5 -6 -7
leaf_value=0.0026762590176619139 -0.010838081379414501 -0.0055910876875749612 0.0012296281563445599 -0.0086969490533274577 -0.032434607787239687 0.0021619599547296042
leaf_weight=14.534536972641947 0.57806985545903344 2.7291965642943969 5.2960931882262212 4.4718751606997102 0.0089784548617899418 7.075441206805408
leaf_count=22 30 24 22 78 12 22
internal_value=0 0.0153358 0.00433745 -0.0898374 -0.111684 0.0176284
internal_weight=0 29.6353 15.1007 5.05892 0.587048 12.3715
internal_count=210 90 68 120 42 44
shrinkage=0.1


Tree=50
num_leaves=7
num_cat=0
split_feature=0 0 0 0 0 0
split_gain=0.0462095 0.00362858 0.0116207 0.000278771 0.000381978 0.000252481
threshold=0.35000000000000003 1.0000000180025095e-35 0.15000000000000005 0.75000000000000011 0.45000000000000007 0.25000000000000006
decision_type=2 2 2 2 2 2
left_child=1 -1 -3 4 -2 -4
right_child=3 2 5 -5 -6 -7
leaf_value=0.0026355636341545384 -0.010571791549170498 -0.0054855827462769232 0.0012030314092391554 -0.0085686955974582906 -0.031492734023217658 0.0021163120848505085
leaf_weight=14.532943002879621 0.57736963359638949 2.728111568838357 5.2940404340624792 4.4678213882725686 0.0088611563405720517 7.0689812926575541
leaf_count=22 30 24 22 78 12 22
internal_value=0 0.0150777 0.0042169 -0.0883772 -0.10888 0.0172523
internal_weight=0 29.6241 15.0911 5.05405 0.586231 12.363
internal_count=210 90 68 120 42 44
shrinkage=0.1


Tree=51
num_leaves=7
num_cat=0
split_feature=0 0 0 0 0 0
split_gain=0.0446984 0.00353661 0.0111754 0.000244542 0.000354414 0.00024287
threshold=0.35000000000000003 1.0000000180025095e-35 0.15000000000000005 0.75000000000000011 0.45000000000000007 0.25000000000000006
decision_type=2 2 2 2 2 2
left_child=1 -1 -3 4 -2 -4
right_child=3 2 5 -5 -6 -7
leaf_value=0.0025961582633679241 -0.010314965866778547 -0.0053838118966624297 0.0011768263252746906 -0.0084444030914760018 -0.030590905464121777 0.0020728232252005298
leaf_weight=14.531372830271723 0.57670213514938851 2.7270678230561307 5.2920538280159217 4.4638904090970755 0.0087516583444084972 7.0626785764470696
leaf_count=22 30 24 22 78 12 22
internal_value=0 0.0148283 0.0041013 -0.0869643 -0.106181 0.0168903
internal_weight=0 29.6132 15.0818 5.04934 0.585454 12.3547
internal_count=210 90 68 120 42 44
shrinkage=0.1


Tree=52
num_leaves=7
num_cat=0
split_feature=0 0 0 0 0 0
split_gain=0.0432597 0.00344826 0.0107525 0.000233606 0.000213993 0.000329388
threshold=0.35000000000000003 1.0000000180025095e-35 0.15000000000000005 0.25000000000000006 0.75000000000000011 0.45000000000000007
decision_type=2 2 2 2 2 2
left_child=1 -1 -3 -4 5 -2
right_child=4 2 3 -5 -6 -7
leaf_value=0.0025579547617596084 -0.010067468998443949 -0.005285132323947595 0.001151675259332916 0.0020306735302785231 -0.0083237049701715173 -0.029728106886540814
leaf_weight=14.529826417565348 0.57606783253140648 2.7260633320547631 5.2901321426033956 7.056514042429626 4.4600749998353422 0.0086493880444322695
leaf_count=22 30 24 22 22 78 12
internal_value=0 0.0145869 0.00399025 0.0165405 -0.0855952 -0.103583
internal_weight=0 29.6025 15.0727 12.3466 5.04479 0.584717
internal_count=210 90 68 44 120 42
shrinkage=0.1


Tree=53
num_leaves=7
num_cat=0
split_feature=0 0 0 0 0 0
split_gain=0.0418877 0.00336202 0.0103525 0.000225195 0.000186747 0.000306599
threshold=0.35000000000000003 1.0000000180025095e-35 0.15000000000000005 0.25000000000000006 0.75000000000000011 0.45000000000000007
decision_type=2 2 2 2 2 2
left_child=1 -1 -3 -4 5 -2
right_child=4 2 3 -5 -6 -7
leaf_value=0.0025206635683109337 -0.0098287607160550076 -0.0051897426016577382 0.0011272520935049629 0.001990526057454063 -0.0082063465228901199 -0.028901541125138288
leaf_weight=14.528301090002062 0.57546347891911764 2.725097489077597 5.2882610317319614 7.0504947751760483 4.4563666288740933 0.0085536336337099783
leaf_count=22 30 24 22 22 78 12
internal_value=0 0.0143531 0.00388536 0.0162054 -0.084267 -0.101081
internal_weight=0 29.5922 15.0639 12.3388 5.04038 0.584017
internal_count=210 90 68 44 120 42
shrinkage=0.1


Tree=54
num_leaves=7
num_cat=0
split_feature=0 0 0 0 0 0
split_gain=0.0405786 0.00327934 0.00997237 0.000217172 0.000162431 0.000285842
threshold=0.35000000000000003 1.0000000180025095e-35 0.15000000000000005 0.25000000000000006 0.75000000000000011 0.45000000000000007
decision_type=2 2 2 2 2 2
left_child=1 -1 -3 -4 5 -2
right_child=4 2 3 -5 -6 -7
leaf_value=0.0024844963680947987 -0.0095982548895216339 -0.0050972914284365192 0.0011036340289440351 0.0019516260001941376 -0.0080922416707409055 -0.028110155422722223
leaf_weight=14.526798926293852 0.57488850870868091 2.7241671765223137 5.2864462137222272 7.0446041887626052 4.4527613702230155 0.0084639255001093261
leaf_count=22 30 24 22 22 78 12
internal_value=0 0.0141264 0.00378398 0.0158808 -0.082978 -0.0986685
internal_weight=0 29.582 15.0552 12.3311 5.03611 0.583352
internal_count=210 90 68 44 120 42
shrinkage=0.1


Tree=55
num_leaves=7
num_cat=0
split_feature=0 0 0 0 0 0
split_gain=0.03933 0.00319897 0.00961153 0.000209425 0.000140855 0.000266847
threshold=0.35000000000000003 1.0000000180025095e-35 0.15000000000000005 0.25000000000000006 0.75000000000000011 0.45000000000000007
decision_type=2 2 2 2 2 2
left_child=1 -1 -3 -4 5 -2
right_child=4 2 3 -5 -6 -7
leaf_value=0.0024492572726485039 -0.0093762381662119351 -0.0050076696333913144 0.0010811253728949591 0.0019140809843625408 -0.0079813053999225111 -0.027351026477778304
leaf_weight=14.525318443775179 0.57434314017882471 2.7232730546966186 5.2846795748919231 7.0388431437313557 4.4492574299219996 0.0083796423350577243
leaf_count=22 30 24 22 22 78 12
internal_value=0 0.0139068 0.00368787 0.0155689 -0.0817278 -0.0963472
internal_weight=0 29.5721 15.0468 12.3235 5.03198 0.582723
internal_count=210 90 68 44 120 42
shrinkage=0.1


Tree=56
num_leaves=7
num_cat=0
split_feature=0 0 0 0 0 0
split_gain=0.0381353 0.00312027 0.0092692 0.000202084 0.000121589 0.000249508
threshold=0.35000000000000003 1.0000000180025095e-35 0.15000000000000005 0.25000000000000006 0.75000000000000011 0.45000000000000007
decision_type=2 2 2 2 2 2
left_child=1 -1 -3 -4 5 -2
right_child=4 2 3 -5 -6 -7
leaf_value=0.0024147567706961884 -0.0091611925420056733 -0.0049208306127073755 0.0010595657936351862 0.0018780091879325245 -0.0078732452396118573 -0.026623800244603452
leaf_weight=14.523864537477495 0.57382125750882451 2.7224156032316378 5.2829597257077676 7.0332028875127435 4.4458448672667146 0.0083004756525042467
leaf_count=22 30 24 22 22 78 12
internal_value=0 0.0136934 0.00359709 0.0152694 -0.0805119 -0.0941019
internal_weight=0 29.5624 15.0386 12.3162 5.02797 0.582122
internal_count=210 90 68 44 120 42
shrinkage=0.1


Tree=57
num_leaves=7
num_cat=0
split_feature=0 0 0 0 0 0
split_gain=0.0369949 0.0030452 0.00894365 0.000195427 0.00010451 0.000233617
threshold=0.35000000000000003 1.0000000180025095e-35 0.15000000000000005 0.25000000000000006 0.75000000000000011 0.45000000000000007
decision_type=2 2 2 2 2 2
left_child=1 -1 -3 -4 5 -2
right_child=4 2 3 -5 -6 -7
leaf_value=0.0023813656868953317 -0.0089537247313837172 -0.00483676458530366 0.0010382505314550973 0.0018433086192362802 -0.0077681980586230721 -0.025926454052991505
leaf_weight=14.522427201271059 0.57332580111687903 2.7215853538364163 5.2812887430191022 7.0276886858046055 4.4425270082429051 0.008225987185142003
leaf_count=22 30 24 22 22 78 12
internal_value=0 0.0134866 0.00350874 0.0149789 -0.0793322 -0.091938
internal_weight=0 29.553 15.0306 12.309 5.02408 0.581552
internal_count=210 90 68 44 120 42
shrinkage=0.1


Tree=58
num_leaves=7
num_cat=0
split_feature=0 0 0 0 0 0
split_gain=0.0359032 0.00297265 0.00863322 0.000188944 8.9372e-05 0.000219034
threshold=0.35000000000000003 1.0000000180025095e-35 0.15000000000000005 0.25000000000000006 0.75000000000000011 0.45000000000000007
decision_type=2 2 2 2 2 2
left_child=1 -1 -3 -4 5 -2
right_child=4 2 3 -5 -6 -7
leaf_value=0.0023488487350610825 -0.0087530801364356231 -0.0047550528071292489 0.0010177930211368962 0.001809584865066138 -0.0076658369268300585 -0.025257231068695398
leaf_weight=14.521012246608736 0.57285380864050139 2.720785215497016 5.2796609848737699 7.0222822045907378 4.4392947640735656 0.0081557819794397784
leaf_count=22 30 24 22 22 78 12
internal_value=0 0.0132858 0.00342384 0.0146977 -0.0781848 -0.0898475
internal_weight=0 29.5437 15.0227 12.3019 5.0203 0.58101
internal_count=210 90 68 44 120 42
shrinkage=0.1


Tree=59
num_leaves=7
num_cat=0
split_feature=0 0 0 0 0 0
split_gain=0.0348586 0.00290213 0.00833688 0.000183069 7.59821e-05 0.000205636
threshold=0.35000000000000003 1.0000000180025095e-35 0.15000000000000005 0.25000000000000006 0.75000000000000011 0.45000000000000007
decision_type=2 2 2 2 2 2
left_child=1 -1 -3 -4 5 -2
right_child=4 2 3 -5 -6 -7
leaf_value=0.0023171112183550907 -0.008559051880570467 -0.0046754829267241661 0.00099767562655471063 0.0017772542012396593 -0.0075661660641596143 -0.024614938237021735
leaf_weight=14.519617214798929 0.57240427099168201 2.7200088934041551 5.2780761625617725 7.0169845512136817 4.4361472448799759 0.008089553884929046
leaf_count=22 30 24 22 22 78 12
internal_value=0 0.0130907 0.00334292 0.0144259 -0.0770695 -0.087828
internal_weight=0 29.5347 15.0151 12.2951 5.01664 0.580494
internal_count=210 90 68 44 120 42
shrinkage=0.1


Tree=60
num_leaves=7
num_cat=0
split_feature=0 0 0 0 0 0
split_gain=0.0338583 0.00283287 0.00805572 0.000177068 6.41329e-05 0.000193303
threshold=0.35000000000000003 1.0000000180025095e-35 0.15000000000000005 0.25000000000000006 0.75000000000000011 0.45000000000000007
decision_type=2 2 2 2 2 2
left_child=1 -1 -3 -4 5 -2
right_child=4 2 3 -5 -6 -7
leaf_value=0.0022860056411905735 -0.0083710564183433079 -0.0045984187644063255 0.00097899029196232205 0.0017458702623602098 -0.0074691092986700451 -0.023997851210661843
leaf_weight=14.518248960375788 0.57197486190125246 2.719267474487423 5.2765243686735612 7.0117925936356187 4.4330819949973375 0.0080269570025848225
leaf_count=22 30 24 22 22 78 12
internal_value=0 0.0129012 0.00326703 0.0141658 -0.0759848 -0.0858732
internal_weight=0 29.5258 15.0076 12.2883 5.01308 0.580002
internal_count=210 90 68 44 120 42
shrinkage=0.1


Tree=61
num_leaves=7
num_cat=0
split_feature=0 0 0 0 0 0
split_gain=0.0328998 0.00276703 0.00778671 0.000171663 5.37054e-05 0.000181953
threshold=0.35000000000000003 1.0000000180025095e-35 0.15000000000000005 0.25000000000000006 0.75000000000000011 0.45000000000000007
decision_type=2 2 2 2 2 2
left_child=1 -1 -3 -4 5 -2
right_child=4 2 3 -5 -6 -7
leaf_value=0.002255894270314013 -0.0081890052805475618 -0.0045234973677494633 0.00096026646567483288 0.0017155316153906431 -0.0073745287110870573 -0.023405554137403799
leaf_weight=14.516896694898607 0.57156589598162 2.718545608688145 5.2750153187662345 7.0067068533971906 4.4300951384939253 0.0079678253678139317
leaf_count=22 30 24 22 22 78 12
internal_value=0 0.012717 0.00319215 0.0139114 -0.0749295 -0.0839821
internal_weight=0 29.5172 15.0003 12.2817 5.00963 0.579534
internal_count=210 90 68 44 120 42
shrinkage=0.1


Tree=62
num_leaves=7
num_cat=0
split_feature=0 0 0 0 0 0
split_gain=0.0319806 0.00270249 0.00753015 0.000166254 4.45578e-05 0.000171473
threshold=0.35000000000000003 1.0000000180025095e-35 0.15000000000000005 0.25000000000000006 0.75000000000000011 0.45000000000000007
decision_type=2 2 2 2 2 2
left_child=1 -1 -3 -4 5 -2
right_child=4 2 3 -5 -6 -7
leaf_value=0.002226386534695628 -0.0080125856409493379 -0.0044506046286625174 0.00094261746994639233 0.0016860600991289625 -0.0072823218141513397 -0.022835951596633063
leaf_weight=14.515562638640406 0.57117535511497308 2.7178483624011269 5.2735384721308929 7.0017176801338792 4.4271832092199475 0.00791181466775015
leaf_count=22 30 24 22 22 78 12
internal_value=0 0.0125378 0.00312155 0.0136667 -0.0739022 -0.0821511
internal_weight=0 29.5087 14.9931 12.2753 5.00627 0.579087
internal_count=210 90 68 44 120 42
shrinkage=0.1


Tree=63
num_leaves=7
num_cat=0
split_feature=0 0 0 0 0 0
split_gain=0.0310968 0.00263996 0.00728439 0.00016171 3.66016e-05 0.000161792
threshold=0.35000000000000003 1.0000000180025095e-35 0.15000000000000005 0.25000000000000006 0.75000000000000011 0.45000000000000007
decision_type=2 2 2 2 2 2
left_child=1 -1 -3 -4 5 -2
right_child=4 2 3 -5 -6 -7
leaf_value=0.0021975535792864657 -0.0078416767715154927 -0.0043795231214985202 0.00092464811295061211 0.0016580292555990256 -0.0071921528256738247 -0.022288451207641904
leaf_weight=14.514255590736868 0.57080377807142113 2.7171749006956807 5.2721035890281183 6.9968208083882928 4.4243353672791272 0.00785874296707334
leaf_count=22 30 24 22 22 78 12
internal_value=0 0.0123631 0.00305339 0.0134289 -0.0728997 -0.0803788
internal_weight=0 29.5004 14.9861 12.2689 5.003 0.578663
internal_count=210 90 68 44 120 42
shrinkage=0.1


Tree=64
num_leaves=7
num_cat=0
split_feature=0 0 0 0 0 0
split_gain=0.0302502 0.00257944 0.00704946 0.000156632 2.96842e-05 0.000152829
threshold=0.35000000000000003 1.0000000180025095e-35 0.15000000000000005 0.25000000000000006 0.75000000000000011 0.45000000000000007
decision_type=2 2 2 2 2 2
left_child=1 -1 -3 -4 5 -2
right_child=4 2 3 -5 -6 -7
leaf_value=0.0021694642438813438 -0.0076760887426274606 -0.0043103255513246902 0.00090822305868017432 0.0016301584325728901 -0.0071044024795700825 -0.021761672093481586
leaf_weight=14.512961558997633 0.57045012555317853 2.7165233558043829 5.2706944178789836 6.9920175578445196 4.4215636071749032 0.007808395806932821
leaf_count=22 30 24 22 22 78 12
internal_value=0 0.0121935 0.00298811 0.0131986 -0.0719252 -0.0786629
internal_weight=0 29.4922 14.9792 12.2627 4.99982 0.578259
internal_count=210 90 68 44 120 42
shrinkage=0.1


Tree=65
num_leaves=7
num_cat=0
split_feature=0 0 0 0 0 0
split_gain=0.0294363 0.00252069 0.00682612 0.000152098 2.37026e-05 0.000144537
threshold=0.35000000000000003 1.0000000180025095e-35 0.15000000000000005 0.25000000000000006 0.75000000000000011 0.45000000000000007
decision_type=2 2 2 2 2 2
left_child=1 -1 -3 -4 5 -2
right_child=4 2 3 -5 -6 -7
leaf_value=0.0021420105855135684 -0.0075152334594390654 -0.0042434167427902111 0.00089198679848683047 0.0016035530423125516 -0.0070187171350985641 -0.02125494062145683
leaf_weight=14.511686727404596 0.57011136796791007 2.7158935656771055 5.2693166360259038 6.987310747615993 4.4188577933236957 0.0077606128252227773
leaf_count=22 30 24 22 22 78 12
internal_value=0 0.0120282 0.00292537 0.0129764 -0.0709748 -0.0769975
internal_weight=0 29.4842 14.9725 12.2566 4.99673 0.577872
internal_count=210 90 68 44 120 42
shrinkage=0.1


Tree=66
num_leaves=7
num_cat=0
split_feature=0 0 0 0 0 0
split_gain=0.028654 0.00246325 0.00661134 0.000147853 1.8594e-05 0.000136839
threshold=0.35000000000000003 1.0000000180025095e-35 0.15000000000000005 0.25000000000000006 0.75000000000000011 0.45000000000000007
decision_type=2 2 2 2 2 2
left_child=1 -1 -3 -4 5 -2
right_child=4 2 3 -5 -6 -7
leaf_value=0.00211510158934985 -0.0073593023187928618 -0.0041778323985499346 0.00087612694688763619 0.0015778440973722024 -0.0069350356631051715 -0.020766937523320692
leaf_weight=14.510437771677973 0.56978935498045657 2.7152834208682171 5.2679723687469941 6.9826830113306642 4.416213781805709 0.0077151756631792514
leaf_count=22 30 24 22 22 78 12
internal_value=0 0.0118671 0.00286584 0.0127609 -0.0700481 -0.0753842
internal_weight=0 29.4764 14.9659 12.2507 4.99372 0.577505
internal_count=210 90 68 44 120 42
shrinkage=0.1


Tree=67
num_leaves=7
num_cat=0
split_feature=0 0 0 0 0 0
split_gain=0.0279011 0.00240811 0.00640538 0.000143941 1.42731e-05 0.000129683
threshold=0.35000000000000003 1.0000000180025095e-35 0.15000000000000005 0.25000000000000006 0.75000000000000011 0.45000000000000007
decision_type=2 2 2 2 2 2
left_child=1 -1 -3 -4 5 -2
right_child=4 2 3 -5 -6 -7
leaf_value=0.0020889065338895378 -0.0072080338250422498 -0.0041139657545066748 0.00086039694430240269 0.0015529132797436006 -0.006853208485981698 -0.020296699507462063
leaf_weight=14.509201146662237 0.56948243419174005 2.7146900221705428 5.2666583228856307 6.9781420463696122 4.4136293900664896 0.0076719393910025246
leaf_count=22 30 24 22 22 78 12
internal_value=0 0.0117101 0.0028074 0.0125505 -0.0691436 -0.0738202
internal_weight=0 29.4687 14.9595 12.2448 4.99078 0.577154
internal_count=210 90 68 44 120 42
shrinkage=0.1


Tree=68
num_leaves=7
num_cat=0
split_feature=0 0 0 0 0 0
split_gain=0.0271771 0.00235442 0.00620955 0.00013975 1.06363e-05 0.000123045
threshold=0.35000000000000003 1.0000000180025095e-35 0.15000000000000005 0.25000000000000006 0.75000000000000011 0.45000000000000007
decision_type=2 2 2 2 2 2
left_child=1 -1 -3 -4 5 -2
right_child=4 2 3 -5 -6 -7
leaf_value=0.0020632765995744992 -0.007060894153313276 -0.0040521964393372932 0.00084590513696404404 0.0015284083969484585 -0.0067733765118797905 -0.019844049630590915
leaf_weight=14.507982164621355 0.56918925273930565 2.7141214357689014 5.2653661873191577 6.973687089048326 4.4111060162540525 0.0076308140487526526
leaf_count=22 30 24 22 22 78 12
internal_value=0 0.0115571 0.00275158 0.0123479 -0.0682618 -0.0723
internal_weight=0 29.4612 14.9532 12.2391 4.98793 0.57682
internal_count=210 90 68 44 120 42
shrinkage=0.1


Tree=69
num_leaves=7
num_cat=0
split_feature=0 0 0 0 0 0
split_gain=0.0264809 0.00230263 0.00602078 0.000136078 7.64309e-06 0.000116852
threshold=0.35000000000000003 1.0000000180025095e-35 0.15000000000000005 0.25000000000000006 0.75000000000000011 0.45000000000000007
decision_type=2 2 2 2 2 2
left_child=1 -1 -3 -4 5 -2
right_child=4 2 3 -5 -6 -7
leaf_value=0.0020383000678013993 -0.0069181591586503699 -0.0039916741335597368 0.00083123164629327843 0.0015048452798689211 -0.0066954330011619297 -0.019407230707818943
leaf_weight=14.506783090531828 0.56891043012728815 2.7135645882226518 5.264107281342147 6.9693093579262495 4.408642650116235 0.0075915825909760306
leaf_count=22 30 24 22 22 78 12
internal_value=0 0.011408 0.00269737 0.0121499 -0.0674021 -0.0708262
internal_weight=0 29.4538 14.947 12.2334 4.98514 0.576502
internal_count=210 90 68 44 120 42
shrinkage=0.1


Tree=70
num_leaves=7
num_cat=0
split_feature=0 0 0 0 0 0
split_gain=0.0258096 0.00225145 0.00583932 0.000132544 5.22144e-06 0.000111081
threshold=0.35000000000000003 1.0000000180025095e-35 0.15000000000000005 0.25000000000000006 0.75000000000000011 0.45000000000000007
decision_type=2 2 2 2 2 2
left_child=1 -1 -3 -4 5 -2
right_child=4 2 3 -5 -6 -7
leaf_value=0.0020136758243191025 -0.0067792426320783085 -0.0039323562098501309 0.00081711913003250098 0.0014820604673727903 -0.0066191665471593171 -0.018985778617189211
leaf_weight=14.505605988204481 0.56864359363680606 2.7130251904018214 5.2628737892955524 6.9650018187239766 4.4062324115075171 0.0075541418918874097
leaf_count=22 30 24 22 22 78 12
internal_value=0 0.0112624 0.00264667 0.0119587 -0.0665619 -0.0693927
internal_weight=0 29.4465 14.9409 12.2279 4.98243 0.576198
internal_count=210 90 68 44 120 42
shrinkage=0.1


Tree=71
num_leaves=7
num_cat=0
split_feature=0 0 0 0 0 0
split_gain=0.0251634 0.00220248 0.00566654 0.000128983 3.33058e-06 0.000105698
threshold=0.35000000000000003 1.0000000180025095e-35 0.15000000000000005 0.25000000000000006 0.75000000000000011 0.45000000000000007
decision_type=2 2 2 2 2 2
left_child=1 -1 -3 -4 5 -2
right_child=4 2 3 -5 -6 -7
leaf_value=0.001989748035083283 -0.006644541543935953 -0.0038751041959558413 0.00080364012592295305 0.0014597181317906032 -0.0065446284351396962 -0.018579556105154552
leaf_weight=14.504441976547243 0.56839085428509761 2.7125057447701684 5.2616621851921064 6.9607764333486557 4.4038753361674026 0.0075184459710726497
leaf_count=22 30 24 22 22 78 12
internal_value=0 0.0111205 0.0025966 0.0117728 -0.065742 -0.0680035
internal_weight=0 29.4394 14.9349 12.2224 4.97978 0.575909
internal_count=210 90 68 44 120 42
shrinkage=0.1


Tree=72
num_leaves=7
num_cat=0
split_feature=0 0 0 0 0 0
split_gain=0.0245398 0.00215472 0.00549968 0.000125496 1.89908e-06 0.000100677
threshold=0.35000000000000003 1.0000000180025095e-35 0.15000000000000005 0.25000000000000006 0.75000000000000011 0.45000000000000007
decision_type=2 2 2 2 2 2
left_child=1 -1 -3 -4 5 -2
right_child=4 2 3 -5 -6 -7
leaf_value=0.0019662792699866299 -0.0065130666050676415 -0.0038188666984210573 0.0007905850737742634 0.0014378579086240203 -0.0064717082461760393 -0.018187350254701414
leaf_weight=14.503294214606287 0.56814800552092393 2.7119980775751165 5.2604750022292119 6.9566217195242643 4.4015699877636507 0.007484337933419738
leaf_count=22 30 24 22 22 78 12
internal_value=0 0.0109819 0.00254853 0.0115915 -0.0649405 -0.0666485
internal_weight=0 29.4324 14.9291 12.2171 4.9772 0.575632
internal_count=210 90 68 44 120 42
shrinkage=0.1


Tree=73
num_leaves=7
num_cat=0
split_feature=0 0 0 0 0 0
split_gain=0.0239382 0.00210804 0.00533976 0.000122049 9.00628e-07 9.59717e-05
threshold=0.35000000000000003 1.0000000180025095e-35 0.15000000000000005 0.25000000000000006 0.75000000000000011 0.45000000000000007
decision_type=2 2 2 2 2 2
left_child=1 -1 -3 -4 5 -2
right_child=4 2 3 -5 -6 -7
leaf_value=0.0019432455781473003 -0.0063854232363349849 -0.0037640642759712642 0.00077812184994090531 0.0014165635468949976 -0.0064003202344031108 -0.017808277232690475
leaf_weight=14.502162069082262 0.56791725504444812 2.7115077269263557 5.2593108955770713 6.9525396646931767 4.3993133113253862 0.0074516995373414812
leaf_count=22 30 24 22 22 78 12
internal_value=0 0.0108464 0.00250266 0.011416 -0.0641571 -0.0653336
internal_weight=0 29.4255 14.9234 12.2119 4.97468 0.575369
internal_count=210 90 68 44 120 42
shrinkage=0.1


Tree=74
num_leaves=7
num_cat=0
split_feature=0 0 0 0 0 0
split_gain=0.0233585 0.00206311 0.00518577 0.000119068 3.88601e-07 9.14646e-05
threshold=0.35000000000000003 1.0000000180025095e-35 0.15000000000000005 0.25000000000000006 0.45000000000000007 0.75000000000000011
decision_type=2 2 2 2 2 2
left_child=1 -1 -3 -4 -2 -6
right_child=4 2 3 -5 5 -7
leaf_value=0.0019208032225684639 -0.0062613643388626516 -0.0037105100329289497 0.00076541266949732318 0.0013961271424241292 -0.017442149168349932 -0.0063305503588736017
leaf_weight=14.501047901809217 0.56769779603928228 2.7110276678577057 5.2581750787794572 6.9485255451872945 0.0074204810334775875 4.3971064027864486
leaf_count=22 30 24 22 22 12 78
internal_value=0 0.0107143 0.00245775 0.0112444 -0.0633923 -0.0634927
internal_weight=0 29.4188 14.9177 12.2067 4.97222 4.40453
internal_count=210 90 68 44 120 90
shrinkage=0.1


Tree=75
num_leaves=7
num_cat=0
split_feature=0 0 0 0 0 0
split_gain=0.0227986 0.00201871 0.00503764 0.000116063 9.85599e-07 8.64752e-05
threshold=0.35000000000000003 1.0000000180025095e-35 0.15000000000000005 0.25000000000000006 0.45000000000000007 0.75000000000000011
decision_type=2 2 2 2 2 2
left_child=1 -1 -3 -4 -2 -6
right_child=4 2 3 -5 5 -7
leaf_value=0.001898671545931512 -0.006140400554139073 -0.0036580397286092915 0.00075339135265229448 0.0013762098677213559 -0.017088325536344134 -0.0062622493298124492
leaf_weight=14.499947510659696 0.56748742918716644 2.7105615478940299 5.257055535912512 6.9445795612409711 0.007390593113086541 4.3949455114779994
leaf_count=22 30 24 22 22 12 78
internal_value=0 0.0105851 0.00241579 0.0110787 -0.0626444 -0.0628042
internal_weight=0 29.4121 14.9122 12.2016 4.96982 4.40234
internal_count=210 90 68 44 120 90
shrinkage=0.1


Tree=76
num_leaves=7
num_cat=0
split_feature=0 0 0 0 0 0
split_gain=0.022258 0.0019761 0.00489536 0.000113173 1.82418e-06 8.18159e-05
threshold=0.35000000000000003 1.0000000180025095e-35 0.15000000000000005 0.25000000000000006 0.45000000000000007 0.75000000000000011
decision_type=2 2 2 2 2 2
left_child=1 -1 -3 -4 -2 -6
right_child=4 2 3 -5 5 -7
leaf_value=0.0018771085869422417 -0.0060225151803072309 -0.0036069735460235058 0.00074160033897877715 0.0013567259429844445 -0.016746208109710316 -0.006195392948091509
leaf_weight=14.498866714537145 0.56728721683611993 2.7101079565472892 5.2559598106890899 6.9406974883750081 0.0073619542890809297 4.3928307505557314
leaf_count=22 30 24 22 22 12 78
internal_value=0 0.0104589 0.0023742 0.0109165 -0.0619129 -0.0621305
internal_weight=0 29.4056 14.9068 12.1967 4.96748 4.40019
internal_count=210 90 68 44 120 90
shrinkage=0.1


Tree=77
num_leaves=7
num_cat=0
split_feature=0 0 0 0 0 0
split_gain=0.021736 0.00193429 0.0047586 0.000110325 2.87115e-06 7.74582e-05
threshold=0.35000000000000003 1.0000000180025095e-35 0.15000000000000005 0.25000000000000006 0.45000000000000007 0.75000000000000011
decision_type=2 2 2 2 2 2
left_child=1 -1 -3 -4 -2 -6
right_child=4 2 3 -5 5 -7
leaf_value=0.0018559068774380951 -0.0059080076257958533 -0.0035570540923159817 0.00073032208543680806 0.0013377655101703676 -0.016415102135314254 -0.0061299308653661438
leaf_weight=14.497798576951029 0.56709747848799352 2.7096698600798836 5.2548828460276109 6.9368814257904887 0.0073344798802280611 4.3907578785438091
leaf_count=22 30 24 22 22 12 78
internal_value=0 0.0103356 0.00233483 0.0107595 -0.0611978 -0.0614708
internal_weight=0 29.3992 14.9014 12.1918 4.96519 4.39809
internal_count=210 90 68 44 120 90
shrinkage=0.1


Tree=78
num_leaves=7
num_cat=0
split_feature=0 0 0 0 0 0
split_gain=0.0212313 0.00189397 0.00462714 0.000107599 4.11589e-06 7.33829e-05
threshold=0.35000000000000003 1.0000000180025095e-35 0.15000000000000005 0.25000000000000006 0.45000000000000007 0.75000000000000011
decision_type=2 2 2 2 2 2
left_child=1 -1 -3 -4 -2 -6
right_child=4 2 3 -5 5 -7
leaf_value=0.0018352006414207927 -0.0057961864384216142 -0.0035084153223863615 0.00071925976925365544 0.0013192564773181934 -0.01609476588963302 -0.006065807676898711
leaf_weight=14.496747568249704 0.56691625487292086 2.7092439327388993 5.2538276035338622 6.9331296421587467 0.0073081255723080867 4.388728279969655
leaf_count=22 30 24 22 22 12 78
internal_value=0 0.0102149 0.00229608 0.010606 -0.0604978 -0.0608248
internal_weight=0 29.3929 14.8962 12.187 4.96295 4.39604
internal_count=210 90 68 44 120 90
shrinkage=0.1


Tree=79
num_leaves=7
num_cat=0
split_feature=0 0 0 0 0 0
split_gain=0.0207429 0.00185494 0.00449946 0.000104709 5.52614e-06 6.95705e-05
threshold=0.35000000000000003 1.0000000180025095e-35 0.15000000000000005 0.25000000000000006 0.45000000000000007 0.75000000000000011
decision_type=2 2 2 2 2 2
left_child=1 -1 -3 -4 -2 -6
right_child=4 2 3 -5 5 -7
leaf_value=0.0018149392226380141 -0.0056873240956246112 -0.0034604839235161952 0.00070876351213055536 0.0013007502476875372 -0.015784781596295951 -0.0060028992317815565
leaf_weight=14.495704896748068 0.56674384960206126 2.708825329784303 5.2527915649116022 6.9294337183237076 0.0072828401862351502 4.386738145374693
leaf_count=22 30 24 22 22 12 78
internal_value=0 0.0100969 0.00225814 0.0104549 -0.0598121 -0.0601911
internal_weight=0 29.3868 14.8911 12.1822 4.96076 4.39402
internal_count=210 90 68 44 120 90
shrinkage=0.1


Tree=80
num_leaves=7
num_cat=0
split_feature=0 0 0 0 0 0
split_gain=0.0202716 0.00181662 0.00437738 0.000102344 7.09011e-06 6.59915e-05
threshold=0.35000000000000003 1.0000000180025095e-35 0.15000000000000005 0.25000000000000006 0.45000000000000007 0.75000000000000011
decision_type=2 2 2 2 2 2
left_child=1 -1 -3 -4 -2 -6
right_child=4 2 3 -5 5 -7
leaf_value=0.001795019418579377 -0.0055813031622799145 -0.0034139040033039944 0.00069803620612674845 0.0012833959746767077 -0.015484277422432403 -0.0059414068943029717
leaf_weight=14.494683966040613 0.56658001191681151 2.7084188451990476 5.2517770584672672 6.925799653865397 0.0072585182788315042 4.3847895258804783
leaf_count=22 30 24 22 22 12 78
internal_value=0 0.00998154 0.00222235 0.0103095 -0.0591423 -0.0595718
internal_weight=0 29.3807 14.886 12.1776 4.95863 4.39205
internal_count=210 90 68 44 120 90
shrinkage=0.1


Tree=81
num_leaves=7
num_cat=0
split_feature=0 0 0 0 0 0
split_gain=0.0198153 0.00177904 0.00425977 0.00010004 8.79382e-06 6.26374e-05
threshold=0.35000000000000003 1.0000000180025095e-35 0.15000000000000005 0.25000000000000006 0.45000000000000007 0.75000000000000011
decision_type=2 2 2 2 2 2
left_child=1 -1 -3 -4 -2 -6
right_child=4 2 3 -5 5 -7
leaf_value=0.0017754256005660482 -0.0054777950427339975 -0.0033683127619452999 0.00068768468053889535 0.001266514974737524 -0.015193290027614015 -0.0058811157860976003
leaf_weight=14.4936760365963 0.56642358045792107 2.7080239676870397 5.2507771179079992 6.9222265547141433 0.0072351502931268224 4.3828796201851219
leaf_count=22 30 24 22 22 12 78
internal_value=0 0.00986868 0.00218836 0.0101684 -0.0584862 -0.0589646
internal_weight=0 29.3747 14.881 12.173 4.95654 4.39011
internal_count=210 90 68 44 120 90
shrinkage=0.1


Tree=82
num_leaves=7
num_cat=0
split_feature=0 0 0 0 0 0
split_gain=0.0193738 0.0017427 0.00414675 9.77161e-05 1.06245e-05 5.94874e-05
threshold=0.35000000000000003 1.0000000180025095e-35 0.15000000000000005 0.25000000000000006 0.45000000000000007 0.75000000000000011
decision_type=2 2 2 2 2 2
left_child=1 -1 -3 -4 -2 -6
right_child=4 2 3 -5 5 -7
leaf_value=0.0017562582857251548 -0.0053767266777620783 -0.003323918676624404 0.00067774556521649925 0.0012499060933088796 -0.014911160005889414 -0.0058220407677572229
leaf_weight=14.492684975266458 0.56627426214981724 2.7076411084271959 5.2497947718948108 6.9187055705115199 0.0072126640588975324 4.3810075550572947
leaf_count=22 30 24 22 22 12 78
internal_value=0 0.0097582 0.00215498 0.0100306 -0.0578438 -0.0583698
internal_weight=0 29.3688 14.8761 12.1685 4.95449 4.38822
internal_count=210 90 68 44 120 90
shrinkage=0.1


Tree=83
num_leaves=7
num_cat=0
split_feature=0 0 0 0 0 0
split_gain=0.0189458 0.0017079 0.00403646 9.53949e-05 1.25408e-05 5.65343e-05
threshold=0.35000000000000003 1.0000000180025095e-35 0.15000000000000005 0.25000000000000006 0.45000000000000007 0.75000000000000011
decision_type=2 2 2 2 2 2
left_child=1 -1 -3 -4 -2 -6
right_child=4 2 3 -5 5 -7
leaf_value=0.001737576246605965 -0.0052784286825606616 -0.0032800757869226914 0.00066792511895765263 0.0012333398014934551 -0.014637915149015763 -0.0057639878589673876
leaf_weight=14.491700641810896 0.56613459816435252 2.7072638892568639 5.2488328069448453 6.9152396973222494 0.0071910531514730574 4.3791683538584039
leaf_count=22 30 24 22 22 12 78
internal_value=0 0.00964991 0.00212129 0.00989362 -0.0572137 -0.0577854
internal_weight=0 29.363 14.8713 12.1641 4.95249 4.38636
internal_count=210 90 68 44 120 90
shrinkage=0.1


Tree=84
num_leaves=7
num_cat=0
split_feature=0 0 0 0 0 0
split_gain=0.0185317 0.00167298 0.00393073 9.31349e-05 1.45599e-05 5.37559e-05
threshold=0.35000000000000003 1.0000000180025095e-35 0.15000000000000005 0.25000000000000006 0.45000000000000007 0.75000000000000011
decision_type=2 2 2 2 2 2
left_child=1 -1 -3 -4 -2 -6
right_child=4 2 3 -5 5 -7
leaf_value=0.0017190195646240138 -0.0051823815719366515 -0.0032372222570703269 0.00065868469702475311 0.0012174499799653422 -0.014372809480576468 -0.0057071443249806265
leaf_weight=14.490733884274961 0.56600045930826937 2.7068990385159841 5.2478832956403476 6.9118262259289622 0.0071702288587401899 4.3773656433913857
leaf_count=22 30 24 22 22 12 78
internal_value=0 0.00954396 0.00209104 0.00976298 -0.056597 -0.0572132
internal_weight=0 29.3573 14.8666 12.1597 4.95054 4.38454
internal_count=210 90 68 44 120 90
shrinkage=0.1


Tree=85
num_leaves=7
num_cat=0
split_feature=0 0 0 0 0 0
split_gain=0.0181306 0.0016399 0.00382872 9.08684e-05 1.66561e-05 5.11379e-05
threshold=0.35000000000000003 1.0000000180025095e-35 0.15000000000000005 0.25000000000000006 0.45000000000000007 0.75000000000000011
decision_type=2 2 2 2 2 2
left_child=1 -1 -3 -4 -2 -6
right_child=4 2 3 -5 5 -7
leaf_value=0.001701027059281601 -0.0050886948237007859 -0.0031954960704357891 0.00064961570515690225 0.0012016258496287903 -0.01411524049765054 -0.0056513818225603328
leaf_weight=14.489778220653536 0.56587422266602416 2.7065424732863894 5.2469525244086963 6.9084692047908902 0.0071501439670099689 4.3755983207374811
leaf_count=22 30 24 22 22 12 78
internal_value=0 0.00944021 0.00205972 0.00963348 -0.0559927 -0.0566519
internal_weight=0 29.3517 14.862 12.1554 4.94862 4.38275
internal_count=210 90 68 44 120 90
shrinkage=0.1


Tree=86
num_leaves=7
num_cat=0
split_feature=0 0 0 0 0 0
split_gain=0.017742 0.00160678 0.00373031 8.87254e-05 1.8823e-05 4.86743e-05
threshold=0.35000000000000003 1.0000000180025095e-35 0.15000000000000005 0.25000000000000006 0.45000000000000007 0.75000000000000011
decision_type=2 2 2 2 2 2
left_child=1 -1 -3 -4 -2 -6
right_child=4 2 3 -5 5 -7
leaf_value=0.0016831628461478254 -0.0049972380488260311 -0.0031544685525153149 0.00064090685571016278 0.0011864522482976289 -0.013865360041409447 -0.0055967000402343909
leaf_weight=14.488837607204916 0.56575358711415802 2.706197793595492 5.2460366096347553 6.9051614003255963 0.0071307847283604833 4.3738628474529833
leaf_count=22 30 24 22 22 12 78
internal_value=0 0.00933862 0.00203148 0.00950924 -0.0554006 -0.0561016
internal_weight=0 29.3462 14.8574 12.1512 4.94675 4.38099
internal_count=210 90 68 44 120 90
shrinkage=0.1


Tree=87
num_leaves=7
num_cat=0
split_feature=0 0 0 0 0 0
split_gain=0.0173646 0.00157532 0.00363514 8.67897e-05 2.10577e-05 4.63555e-05
threshold=0.35000000000000003 1.0000000180025095e-35 0.15000000000000005 0.25000000000000006 0.45000000000000007 0.75000000000000011
decision_type=2 2 2 2 2 2
left_child=1 -1 -3 -4 -2 -6
right_child=4 2 3 -5 5 -7
leaf_value=0.0016657980190308394 -0.0049077241145041401 -0.0031144404316502659 0.00063195209176098225 0.0011715948654417454 -0.013622815362703364 -0.0055429587448130417
leaf_weight=14.487908475100996 0.56563888245727767 2.7058561020530751 5.2451386377215368 6.9019047729671001 0.0071121259024947694 4.3721592695219442
leaf_count=22 30 24 22 22 12 78
internal_value=0 0.00923888 0.00200209 0.00938575 -0.0548192 -0.0555608
internal_weight=0 29.3408 14.8529 12.147 4.94491 4.37927
internal_count=210 90 68 44 120 90
shrinkage=0.1


Tree=88
num_leaves=7
num_cat=0
split_feature=0 0 0 0 0 0
split_gain=0.0169997 0.00154414 0.00354292 8.50437e-05 2.33547e-05 4.41714e-05
threshold=0.35000000000000003 1.0000000180025095e-35 0.15000000000000005 0.25000000000000006 0.45000000000000007 0.75000000000000011
decision_type=2 2 2 2 2 2
left_child=1 -1 -3 -4 -2 -6
right_child=4 2 3 -5 5 -7
leaf_value=0.001648652459403028 -0.0048203219984896085 -0.0030749638468866524 0.00062310919134614721 0.0011573754228893756 -0.013387591156490783 -0.0054904003129269928
leaf_weight=14.48699662089348 0.56553033215459336 2.7055237833410493 5.2442547455430013 6.8986953292042017 0.0070941405756456124 4.3704894593684003
leaf_count=22 30 24 22 22 12 78
internal_value=0 0.00914141 0.00197511 0.00926638 -0.0542507 -0.055032
internal_weight=0 29.3355 14.8485 12.143 4.94311 4.37758
internal_count=210 90 68 44 120 90
shrinkage=0.1


Tree=89
num_leaves=7
num_cat=0
split_feature=0 0 0 0 0 0
split_gain=0.0166448 0.00151382 0.00345353 8.30955e-05 2.56652e-05 4.21056e-05
threshold=0.35000000000000003 1.0000000180025095e-35 0.15000000000000005 0.25000000000000006 0.45000000000000007 0.75000000000000011
decision_type=2 2 2 2 2 2
left_child=1 -1 -3 -4 -2 -6
right_child=4 2 3 -5 5 -7
leaf_value=0.0016318080515605373 -0.0047351540099351353 -0.0030362014543383531 0.00061486930837341847 0.001143057913781501 -0.013158380835253714 -0.0054386015320914867
leaf_weight=14.486089684069158 0.56542837910819699 2.7051982651464632 5.2433842364698631 6.8955312501639128 0.0070767287106717749 4.3688460390549153
leaf_count=22 30 24 22 22 12 78
internal_value=0 0.00904562 0.00194856 0.00914908 -0.0536916 -0.0545109
internal_weight=0 29.3302 14.8441 12.1389 4.94135 4.37592
internal_count=210 90 68 44 120 90
shrinkage=0.1


Tree=90
num_leaves=7
num_cat=0
split_feature=0 0 0 0 0 0
split_gain=0.0163007 0.00148474 0.00336759 8.09933e-05 2.80285e-05 4.01584e-05
threshold=0.35000000000000003 1.0000000180025095e-35 0.15000000000000005 0.25000000000000006 0.45000000000000007 0.75000000000000011
decision_type=2 2 2 2 2 2
left_child=1 -1 -3 -4 -2 -6
right_child=4 2 3 -5 5 -7
leaf_value=0.0016153839763143139 -0.0046517634474531446 -0.0029985524361862228 0.00060716755814026495 0.0011287072010975089 -0.012935938435357201 -0.005387821605510169
leaf_weight=14.485197976231577 0.5653320227866051 2.7048836876638225 5.2425284180790168 6.8924152282997966 0.0070599364444204884 4.3672351664863527
leaf_count=22 30 24 22 22 12 78
internal_value=0 0.00895175 0.00192177 0.00903392 -0.0531437 -0.054
internal_weight=0 29.325 14.8398 12.1349 4.93963 4.3743
internal_count=210 90 68 44 120 90
shrinkage=0.1


Tree=91
num_leaves=7
num_cat=0
split_feature=0 0 0 0 0 0
split_gain=0.0159673 0.00145603 0.00328456 7.94596e-05 3.03957e-05 3.83201e-05
threshold=0.35000000000000003 1.0000000180025095e-35 0.15000000000000005 0.25000000000000006 0.45000000000000007 0.75000000000000011
decision_type=2 2 2 2 2 2
left_child=1 -1 -3 -4 -2 -6
right_child=4 2 3 -5 5 -7
leaf_value=0.0015991794254711046 -0.0045706434015505316 -0.0029615865016183384 0.00059883270073859626 0.0011154839538359185 -0.012719822651821703 -0.0053380205809457097
leaf_weight=14.484316527843477 0.56524158146930759 2.7045732899568966 5.2416878230869752 6.8893509190529585 0.0070437204158223512 4.3656536450143903
leaf_count=22 30 24 22 22 12 78
internal_value=0 0.00885986 0.00189681 0.00892245 -0.0526071 -0.0534991
internal_weight=0 29.3199 14.8356 12.131 4.93794 4.3727
internal_count=210 90 68 44 120 90
shrinkage=0.1


Tree=92
num_leaves=7
num_cat=0
split_feature=0 0 0 0 0 0
split_gain=0.0156426 0.0014275 0.00320365 7.77251e-05 3.2829e-05 3.65825e-05
threshold=0.35000000000000003 1.0000000180025095e-35 0.15000000000000005 0.25000000000000006 0.45000000000000007 0.75000000000000011
decision_type=2 2 2 2 2 2
left_child=1 -1 -3 -4 -2 -6
right_child=4 2 3 -5 5 -7
leaf_value=0.0015830998519485091 -0.0044906812260174563 -0.0029249692758082655 0.00059118705045674649 0.0011022398548154754 -0.012509538437463975 -0.0052890040881509413
leaf_weight=14.483450695872309 0.56515386985847627 2.704272325616329 5.2408589720725995 6.8863193625584245 0.0070280272921080513 4.3640951880952343
leaf_count=22 30 24 22 22 12 78
internal_value=0 0.00876944 0.00187358 0.00881384 -0.0520788 -0.0530061
internal_weight=0 29.3149 14.8315 12.1272 4.93628 4.37112
internal_count=210 90 68 44 120 90
shrinkage=0.1


Tree=93
num_leaves=7
num_cat=0
split_feature=0 0 0 0 0 0
split_gain=0.0153279 0.00140026 0.00312624 7.59404e-05 3.52499e-05 3.49369e-05
threshold=0.35000000000000003 1.0000000180025095e-35 0.15000000000000005 0.25000000000000006 0.45000000000000007 0.75000000000000011
decision_type=2 2 2 2 2 2
left_child=1 -1 -3 -4 -2 -6
right_child=4 2 3 -5 5 -7
leaf_value=0.0015674622812022897 -0.0044129184509558751 -0.0028896187122639827 0.00058389379916829484 0.0010891147768842221 -0.012304811300489084 -0.0052409153774762799
leaf_weight=14.482594318687918 0.56507337803486635 2.7039793748408547 5.2400412894785386 6.8833405738696456 0.007012839607341336 4.3625674538780004
leaf_count=22 30 24 22 22 12 78
internal_value=0 0.00868095 0.0018499 0.00870745 -0.0515614 -0.0525225
internal_weight=0 29.31 14.8274 12.1234 4.93465 4.36958
internal_count=210 90 68 44 120 90
shrinkage=0.1


Tree=94
num_leaves=7
num_cat=0
split_feature=0 0 0 0 0 0
split_gain=0.0150222 0.00137341 0.00305031 7.4157e-05 3.76726e-05 3.33799e-05
threshold=0.35000000000000003 1.0000000180025095e-35 0.15000000000000005 0.25000000000000006 0.45000000000000007 0.75000000000000011
decision_type=2 2 2 2 2 2
left_child=1 -1 -3 -4 -2 -6
right_child=4 2 3 -5 5 -7
leaf_value=0.0015520197566295229 -0.0043369563261771915 -0.00285439237259017 0.00057681963094340864 0.0010761407809285542 -0.012105575527978101 -0.005193650195859819
leaf_weight=14.481747508049013 0.56499776907730748 2.7036892473697653 5.2392384819686395 6.8803995931521058 0.0069981436463421023 4.3610652724746615
leaf_count=22 30 24 22 22 12 78
internal_value=0 0.00859405 0.00182751 0.00860288 -0.0510534 -0.0520472
internal_weight=0 29.3051 14.8233 12.1196 4.93306 4.36806
internal_count=210 90 68 44 120 90
shrinkage=0.1


Tree=95
num_leaves=7
num_cat=0
split_feature=0 0 0 0 0 0
split_gain=0.0147254 0.00134757 0.0029775 7.27278e-05 4.01357e-05 3.19072e-05
threshold=0.35000000000000003 1.0000000180025095e-35 0.15000000000000005 0.25000000000000006 0.45000000000000007 0.75000000000000011
decision_type=2 2 2 2 2 2
left_child=1 -1 -3 -4 -2 -6
right_child=4 2 3 -5 5 -7
leaf_value=0.0015369409860920558 -0.0042623609324951234 -0.0028202757493248423 0.00056933552715725732 0.0010638879135702842 -0.011911891463891039 -0.0051472959222562337
leaf_weight=14.480913542211058 0.56492532067932089 2.7034068279899648 5.2384496685117465 6.8775067618116736 0.0069839376737944594 4.3595915724290535
leaf_count=22 30 24 22 22 12 78
internal_value=0 0.00850889 0.00180506 0.00850063 -0.050555 -0.0515812
internal_weight=0 29.3003 14.8194 12.116 4.9315 4.36658
internal_count=210 90 68 44 120 90
shrinkage=0.1


Tree=96
num_leaves=7
num_cat=0
split_feature=0 0 0 0 0 0
split_gain=0.0144368 0.00132186 0.00290636 7.12166e-05 4.25751e-05 3.05124e-05
threshold=0.35000000000000003 1.0000000180025095e-35 0.15000000000000005 0.25000000000000006 0.45000000000000007 0.75000000000000011
decision_type=2 2 2 2 2 2
left_child=1 -1 -3 -4 -2 -6
right_child=4 2 3 -5 5 -7
leaf_value=0.0015219810522437609 -0.0041896283866563943 -0.0027863733265176779 0.00056230331607813459 0.0010517549635536126 -0.011723297850955647 -0.0051016958247508465
leaf_weight=14.480088472366335 0.56485829135635768 2.7031273543834677 5.2376711443066579 6.8746496196836233 0.0069701770880782324 4.3581413646461442
leaf_count=22 30 24 22 22 12 78
internal_value=0 0.00842521 0.00178441 0.00840104 -0.0500656 -0.0511227
internal_weight=0 29.2955 14.8154 12.1123 4.92997 4.36511
internal_count=210 90 68 44 120 90
shrinkage=0.1


Tree=97
num_leaves=7
num_cat=0
split_feature=0 0 0 0 0 0
split_gain=0.0141558 0.00129763 0.00283815 6.94732e-05 4.5022e-05 2.9188e-05
threshold=0.35000000000000003 1.0000000180025095e-35 0.15000000000000005 0.25000000000000006 0.45000000000000007 0.75000000000000011
decision_type=2 2 2 2 2 2
left_child=1 -1 -3 -4 -2 -6
right_child=4 2 3 -5 5 -7
leaf_value=0.0015074895232553888 -0.0041182977432153252 -0.002753698885563453 0.00055583263750386689 0.0010393193123759302 -0.011539314432761891 -0.0050568103890078504
leaf_weight=14.479271315038206 0.56479603186016802 2.7028589313849798 5.2369038984179479 6.8718382194638252 0.0069568274520860332 4.3567149891750887
leaf_count=22 30 24 22 22 12 78
internal_value=0 0.008343 0.00176214 0.00830216 -0.0495841 -0.0506715
internal_weight=0 29.2909 14.8116 12.1087 4.92847 4.36367
internal_count=210 90 68 44 120 90
shrinkage=0.1


Tree=98
num_leaves=7
num_cat=0
split_feature=0 0 0 0 0 0
split_gain=0.0138827 0.00127337 0.00277151 6.8041e-05 4.74596e-05 2.79328e-05
threshold=0.35000000000000003 1.0000000180025095e-35 0.15000000000000005 0.25000000000000006 0.45000000000000007 0.75000000000000011
decision_type=2 2 2 2 2 2
left_child=1 -1 -3 -4 -2 -6
right_child=4 2 3 -5 5 -7
leaf_value=0.0014930785484046807 -0.0040485320101593739 -0.0027211944766497311 0.00054908294770075934 0.0010276214375127446 -0.011360177162009669 -0.0050126871726274107
leaf_weight=14.47846904397011 0.56473698379704629 2.7025939272716633 5.2361519169062358 6.869059088639915 0.0069438928912858291 4.3553110506618395
leaf_count=22 30 24 22 22 12 78
internal_value=0 0.00826226 0.00174205 0.00820628 -0.0491112 -0.0502279
internal_weight=0 29.2863 14.8078 12.1052 4.92699 4.36225
internal_count=210 90 68 44 120 90
shrinkage=0.1


Tree=99
num_leaves=7
num_cat=0
split_feature=0 0 0 0 0 0
split_gain=0.0136174 0.0012498 0.00270714 6.67057e-05 4.98946e-05 2.67429e-05
threshold=0.35000000000000003 1.0000000180025095e-35 0.15000000000000005 0.25000000000000006 0.45000000000000007 0.75000000000000011
decision_type=2 2 2 2 2 2
left_child=1 -1 -3 -4 -2 -6
right_child=4 2 3 -5 5 -7
leaf_value=0.0014789413535901876 -0.003980256869993387 -0.0026894292753237388 0.00054237788336421872 0.0010162572723637229 -0.011185797006258463 -0.0049693760875991928
leaf_weight=14.47767696529627 0.56468271889025246 2.7023356906138352 5.2354106493294221 6.8663241965696216 0.0069313644416978404 4.3539325847523287
leaf_count=22 30 24 22 22 12 78
internal_value=0 0.00818306 0.00172235 0.00811249 -0.0486473 -0.0497926
internal_weight=0 29.2817 14.8041 12.1017 4.92555 4.36086
internal_count=210 90 68 44 120 90
shrinkage=0.1


end of trees

feature importances:
geographical=600

parameters:
[boosting: gbdt]
[objective: lambdarank]
[metric: ndcg]
[tree_learner: serial]
[device_type: cpu]
[data: ]
[valid: ]
[num_iterations: 100]
[learning_rate: 0.1]
[num_leaves: 16]
[num_threads: -1]
[max_depth: -1]
[min_data_in_leaf: 5]
[min_sum_hessian_in_leaf: 0.001]
[bagging_fraction: 1]
[pos_bagging_fraction: 1]
[neg_bagging_fraction: 1]
[bagging_freq: 0]
[bagging_seed: 3]
[feature_fraction: 1]
[feature_fraction_bynode: 1]
[feature_fraction_seed: 2]
[early_stopping_round: 0]
[first_metric_only: 0]
[max_delta_step: 0]
[lambda_l1: 0]
[lambda_l2: 0]
[min_gain_to_split: 0]
[drop_rate: 0.1]
[max_drop: 50]
[skip_drop: 0.5]
[xgboost_dart_mode: 0]
[uniform_drop: 0]
[drop_seed: 4]
[top_rate: 0.2]
[other_rate: 0.1]
[min_data_per_group: 100]
[max_cat_threshold: 32]
[cat_l2: 10]
[cat_smooth: 10]
[max_cat_to_onehot: 4]
[top_k: 20]
[monotone_constraints: ]
[feature_contri: ]
[forcedsplits_filename: ]
[forcedbins_filename: ]
[refit_decay_rate: 0.9]
[cegb_tradeoff: 1]
[cegb_penalty_split: 0]
[cegb_penalty_feature_lazy: ]
[cegb_penalty_feature_coupled: ]
[verbosity: -1]
[max_bin: 255]
[max_bin_by_feature: ]
[min_data_in_bin: 3]
[bin_construct_sample_cnt: 200000]
[histogram_pool_size: -1]
[data_random_seed: 1]
[output_model: LightGBM_model.txt]
[snapshot_freq: -1]
[input_model: ]
[output_result: LightGBM_predict_result.txt]
[initscore_filename: ]
[valid_data_initscores: ]
[pre_partition: 0]
[enable_bundle: 1]
[max_conflict_rate: 0]
[is_enable_sparse: 1]
[sparse_threshold: 0.8]
[use_missing: 1]
[zero_as_missing: 0]
[two_round: 0]
[save_binary: 0]
[header: 0]
[label_column: ]
[weight_column: ]
[group_column: ]
[ignore_column: ]
[categorical_feature: ]
[predict_raw_score: 0]
[predict_leaf_index: 0]
[predict_contrib: 0]
[num_iteration_predict: -1]
[pred_early_stop: 0]
[pred_early_stop_freq: 10]
[pred_early_stop_margin: 10]
[convert_model_language: ]
[convert_model: gbdt_prediction.cpp]
[num_class: 1]
[is_unbalance: 0]
[scale_pos_weight: 1]
[sigmoid: 1]
[boost_from_average: 1]
[reg_sqrt: 0]
[alpha: 0.9]
[fair_c: 1]
[poisson_max_delta_step: 0.7]
[tweedie_variance_power: 1.5]
[max_position: 20]
[lambdamart_norm: 1]
[label_gain: ]
[metric_freq: 1]
[is_provide_training_metric: 0]
[eval_at: 1]
[multi_error_top_k: 1]
[num_machines: 1]
[local_listen_port: 12400]
[time_out: 120]
[machine_list_filename: ]
[machines: ]
[gpu_platform_id: -1]
[gpu_device_id: -1]
[gpu_use_dp: 0]

end of parameters

pandas_categorical:null
