tree
version=v3
num_class=1
num_tree_per_iteration=1
label_index=0
max_feature_idx=0
objective=lambdarank
feature_names=geographical
feature_infos=[0:1]
tree_sizes=841 842 845 851 851 852 852 855 851 858 860 857 857 861 861 860 859 859 860 864 862 863 864 863 868 869 864 867 866 868 866 869 868 868 867 869 864 868 867 871 872 872 871 871 868 866 872 874 873 873 875 873 873 876 874 874 875 874 876 877 876 876 878 877 878 877 877 877 875 878 877 877 880 878 880 881 881 877 879 876 880 879 877 880 877 879 876 875 881 881 878 874 878 882 881 882 882 883 879 877

Tree=0
num_leaves=7
num_cat=0
split_feature=0 0 0 0 0 0
split_gain=6.94954 2.0642 1.8222 0.266178 0.207188 0.0527326
threshold=0.35000000000000003 0.75000000000000011 1.0000000180025095e-35 0.15000000000000005 0.25000000000000006 0.45000000000000007
decision_type=2 2 2 2 2 2
left_child=2 5 -1 -4 -5 -2
right_child=1 -3 3 4 -6 -7
leaf_value=0.11077870349266104 -0.15181990731956974 -0.038613918630396982 -0.0037399018068826613 0.060034649613747083 0.0099620067706234633 -0.18869425015775687
leaf_weight=3.4707016106694919 1.766567430458964 3.6898010689765215 2.6685358434915543 1.9241020372137427 1.4483923697844148 0.49690798111259926
leaf_count=26 36 54 34 24 22 14
internal_value=0 -0.847334 0.530336 0.198578 0.385298 -1.59915
internal_weight=0 5.95328 9.51173 6.04103 3.37249 2.26348
internal_count=210 104 106 80 46 50
shrinkage=0.1


Tree=1
num_leaves=7
num_cat=0
split_feature=0 0 0 0 0 0
split_gain=4.97154 1.14732 0.585423 0.496133 0.0948459 0.0059586
threshold=0.35000000000000003 0.75000000000000011 1.0000000180025095e-35 0.15000000000000005 0.45000000000000007 0.25000000000000006
decision_type=2 2 2 2 2 2
left_child=2 4 -1 -4 -2 -5
right_child=1 -3 3 5 -6 -7
leaf_value=0.028613490405188971 -0.12186508017188091 -0.047979203671931973 -0.021523681692456598 0.011886686307224458 -0.16758476733127831 0.016220168888641574
leaf_weight=16.733842059969902 1.7875765040516847 4.5536399912089109 5.7601179704070118 8.5384921059012395 0.60810082405805577 5.0494257826358071
leaf_count=26 36 54 34 24 14 22
internal_value=0 -0.77451 0.14917 0.0307101 -1.3347 0.134971
internal_weight=0 6.94932 36.0819 19.348 2.39568 13.5879
internal_count=210 104 106 80 50 46
shrinkage=0.1


Tree=2
num_leaves=7
num_cat=0
split_feature=0 0 0 0 0 0
split_gain=2.61415 0.653704 0.364274 0.465717 0.091678 0.0300755
threshold=0.35000000000000003 0.75000000000000011 1.0000000180025095e-35 0.15000000000000005 0.45000000000000007 0.25000000000000006
decision_type=2 2 2 2 2 2
left_child=2 4 -1 -4 -2 -5
right_child=1 -3 3 5 -6 -7
leaf_value=0.020955158936493783 -0.097907746672671422 -0.03855857796365407 -0.025352926656471077 0.0068604490353218923 -0.15095792443957201 0.01676466485087701
leaf_weight=16.884947702288628 1.4862531404942263 4.0770561452955008 5.021475380286577 8.7636407725512964 0.41719581279903639 4.7158734463155261
leaf_count=26 36 54 34 24 14 22
internal_value=0 -0.611487 0.103346 0.00641774 -1.09535 0.103255
internal_weight=0 5.98051 35.3859 18.501 1.90345 13.4795
internal_count=210 104 106 80 50 46
shrinkage=0.1


Tree=3
num_leaves=7
num_cat=0
split_feature=0 0 0 0 0 0
split_gain=1.71638 0.426534 0.25239 0.353077 0.0767885 0.0543644
threshold=0.35000000000000003 0.75000000000000011 1.0000000180025095e-35 0.15000000000000005 0.45000000000000007 0.25000000000000006
decision_type=2 2 2 2 2 2
left_child=2 4 -1 -4 -2 -5
right_child=1 -3 3 5 -6 -7
leaf_value=0.016934246613086325 -0.083779581646357071 -0.033686244198707291 -0.023828008641863727 0.0034708226432394089 -0.13816825821344786 0.016724928671276021
leaf_weight=16.914617300033569 1.3287888374179591 3.864046978764236 4.6445377413183477 8.8550835996866208 0.32260762061923726 4.757209785282611
leaf_count=26 36 54 34 24 14 22
internal_value=0 -0.518661 0.0813343 -0.000203577 -0.944047 0.0810285
internal_weight=0 5.51544 35.1714 18.2568 1.6514 13.6123
internal_count=210 104 106 80 50 46
shrinkage=0.1


Tree=4
num_leaves=7
num_cat=0
split_feature=0 0 0 0 0 0
split_gain=1.21444 0.306443 0.198911 0.276404 0.105808 0.0618628
threshold=0.35000000000000003 0.75000000000000011 1.0000000180025095e-35 0.15000000000000005 0.25000000000000006 0.45000000000000007
decision_type=2 2 2 2 2 2
left_child=2 5 -1 -4 -5 -2
right_child=1 -3 3 4 -6 -7
leaf_value=0.014468292803433253 -0.074261238242252545 -0.029912853326852354 -0.02245929189904303 -0.00017170737596025897 0.017987970194934623 -0.12771634024762155
leaf_weight=16.91110959649086 1.2034391392953683 3.7193888640031219 4.3876010663807419 8.9882362820208055 4.9896027594804755 0.26398770185187448
leaf_count=26 36 54 34 24 22 14
internal_value=0 -0.451803 0.06643 -0.00562629 0.0631067 -0.838777
internal_weight=0 5.18682 35.2765 18.3654 13.9778 1.46743
internal_count=210 104 106 80 46 50
shrinkage=0.1


Tree=5
num_leaves=7
num_cat=0
split_feature=0 0 0 0 0 0
split_gain=0.836275 0.250241 0.204672 0.460004 0.0687042 0.0446379
threshold=0.35000000000000003 0.75000000000000011 0.25000000000000006 1.0000000180025095e-35 0.15000000000000005 0.45000000000000007
decision_type=2 2 2 2 2 2
left_child=2 5 3 -1 -5 -2
right_child=1 -3 -4 4 -6 -7
leaf_value=0.01291917451235762 -0.068993631675984463 -0.025708673084015633 0.022303747737943479 -0.022731241712199351 -0.0071745010951083134 -0.11859012029685241
leaf_weight=16.854321599006653 1.0206112135201681 3.5808041831478477 5.8687295392155638 4.0609830981120476 9.433367108926177 0.22071211505681265
leaf_count=26 36 54 22 34 24 14
internal_value=0 -0.391213 0.0520876 0.0190298 -0.118561 -0.778121
internal_weight=0 4.82213 36.2174 30.3487 13.4944 1.24132
internal_count=210 104 106 84 58 50
shrinkage=0.1


Tree=6
num_leaves=7
num_cat=0
split_feature=0 0 0 0 0 0
split_gain=0.820424 0.173018 0.100291 0.418254 0.041709 0.00190993
threshold=0.35000000000000003 0.75000000000000011 1.0000000180025095e-35 0.15000000000000005 0.45000000000000007 0.25000000000000006
decision_type=2 2 2 2 2 2
left_child=2 4 -1 -4 -2 -5
right_child=1 -3 3 5 -6 -7
leaf_value=0.010905647719172875 -0.061911817437879338 -0.02695888346098696 -0.027267573338256808 0.0073801429863079695 -0.11180390437009652 0.0097940727392921405
leaf_weight=16.972140714526176 1.1118286955170322 3.5879112705588341 4.233412177301946 5.6671288441866619 0.19729119259864081 7.7738676369190216
leaf_count=26 36 54 34 24 14 22
internal_value=0 -0.383129 0.0541524 0.00142985 -0.694308 0.0877629
internal_weight=0 4.89703 34.6465 17.6744 1.30912 13.441
internal_count=210 104 106 80 50 46
shrinkage=0.1


Tree=7
num_leaves=7
num_cat=0
split_feature=0 0 0 0 0 0
split_gain=0.691649 0.132348 0.0770027 0.328405 0.0356623 0.00402834
threshold=0.35000000000000003 0.75000000000000011 1.0000000180025095e-35 0.15000000000000005 0.45000000000000007 0.25000000000000006
decision_type=2 2 2 2 2 2
left_child=2 4 -1 -4 -2 -5
right_child=1 -3 3 5 -6 -7
leaf_value=0.0097491659590231323 -0.056691916232740336 -0.025691685457996879 -0.02424863234716676 0.005901404659387331 -0.10532335332263805 0.0094143009616409548
leaf_weight=16.967488437891006 1.0797453538980324 3.5418245187029243 4.1575525067746666 5.6551975365728122 0.17526781512424339 7.7212921902537346
leaf_count=26 36 54 34 24 14 22
internal_value=0 -0.355793 0.0494668 0.00299373 -0.634835 0.0792915
internal_weight=0 4.79684 34.5015 17.534 1.25501 13.3765
internal_count=210 104 106 80 50 46
shrinkage=0.1


Tree=8
num_leaves=7
num_cat=0
split_feature=0 0 0 0 0 0
split_gain=0.59351 0.103371 0.0617233 0.271318 0.030669 0.005337
threshold=0.35000000000000003 0.75000000000000011 1.0000000180025095e-35 0.15000000000000005 0.45000000000000007 0.25000000000000006
decision_type=2 2 2 2 2 2
left_child=2 4 -1 -4 -2 -5
right_child=1 -3 3 5 -6 -7
leaf_value=0.0088573534420596442 -0.052271476536279705 -0.024550516789201348 -0.022073135860963908 0.0049870205548374538 -0.09954210437930601 0.0090426525910701546
leaf_weight=16.964764848351479 1.0559290621895332 3.502421157900244 4.1102696759626296 5.6285673175007087 0.15775695629417885 7.6613057516515255
leaf_count=26 36 54 34 24 14 22
internal_value=0 -0.332657 0.0456526 0.00380558 -0.584158 0.07325
internal_weight=0 4.71611 34.3649 17.4001 1.21369 13.2899
internal_count=210 104 106 80 50 46
shrinkage=0.1


Tree=9
num_leaves=7
num_cat=0
split_feature=0 0 0 0 0 0
split_gain=0.515943 0.0822227 0.051158 0.231501 0.0264656 0.00591039
threshold=0.35000000000000003 0.75000000000000011 1.0000000180025095e-35 0.15000000000000005 0.45000000000000007 0.25000000000000006
decision_type=2 2 2 2 2 2
left_child=2 4 -1 -4 -2 -5
right_child=1 -3 3 5 -6 -7
leaf_value=0.0081448168742287788 -0.048487082692057211 -0.023501540960920241 -0.020412999571076302 0.0043808788423968939 -0.094311021130003891 0.0086622693267457609
leaf_weight=16.962917760014534 1.0370768117718387 3.4677989548072219 4.0775888776406672 5.5984704345464689 0.14347334159538139 7.6035868041217327
leaf_count=26 36 54 34 24 14 22
internal_value=0 -0.312615 0.0424368 0.00414055 -0.540561 0.068467
internal_weight=0 4.64835 34.2426 17.2796 1.18055 13.2021
internal_count=210 104 106 80 50 46
shrinkage=0.1


Tree=10
num_leaves=7
num_cat=0
split_feature=0 0 0 0 0 0
split_gain=0.453088 0.0664494 0.0435595 0.201711 0.0228933 0.00599871
threshold=0.35000000000000003 0.75000000000000011 1.0000000180025095e-35 0.15000000000000005 0.45000000000000007 0.25000000000000006
decision_type=2 2 2 2 2 2
left_child=2 4 -1 -4 -2 -5
right_child=1 -3 3 5 -6 -7
leaf_value=0.0075608911323784573 -0.045213820192863054 -0.02252915780564382 -0.019083422353089383 0.0039497284893444864 -0.089526762615824665 0.0082756765162562747
leaf_weight=16.961391374468803 1.0213851730804879 3.4368886779993773 4.0529399607330587 5.5696629192680103 0.13160902122035611 7.5517138782888651
leaf_count=26 36 54 34 24 14 22
internal_value=0 -0.294982 0.0396633 0.00416333 -0.502719 0.0643943
internal_weight=0 4.58988 34.1357 17.1743 1.15299 13.1214
internal_count=210 104 106 80 50 46
shrinkage=0.1


Tree=11
num_leaves=7
num_cat=0
split_feature=0 0 0 0 0 0
split_gain=0.40127 0.0544446 0.0379095 0.178246 0.0198444 0.00580258
threshold=0.35000000000000003 0.75000000000000011 1.0000000180025095e-35 0.15000000000000005 0.45000000000000007 0.25000000000000006
decision_type=2 2 2 2 2 2
left_child=2 4 -1 -4 -2 -5
right_child=1 -3 3 5 -6 -7
leaf_value=0.0070727993957669048 -0.042354431548759335 -0.021626464261350224 -0.017975727975172256 0.0036235981284825896 -0.085115810115062224 0.007889414054567204
leaf_weight=16.959936678409576 1.0078690142836411 3.4090444394387305 4.0330824516713646 5.5437313690781576 0.12162237660959352 7.5063164439052343
leaf_count=26 36 54 34 24 14 22
internal_value=0 -0.279309 0.0372368 0.00398703 -0.469589 0.0607727
internal_weight=0 4.53854 34.0431 17.0831 1.12949 13.05
internal_count=210 104 106 80 50 46
shrinkage=0.1


Tree=12
num_leaves=7
num_cat=0
split_feature=0 0 0 0 0 0
split_gain=0.357974 0.0451467 0.0335829 0.159122 0.0172371 0.00545852
threshold=0.35000000000000003 0.75000000000000011 1.0000000180025095e-35 0.15000000000000005 0.45000000000000007 0.25000000000000006
decision_type=2 2 2 2 2 2
left_child=2 4 -1 -4 -2 -5
right_child=1 -3 3 5 -6 -7
leaf_value=0.0066579930976571298 -0.039834379302628516 -0.020787791897543571 -0.01702675791204147 0.0033641307712690576 -0.081025561233939752 0.0075110873492464569
leaf_weight=16.958457976579666 0.99596539349295077 3.3838031808845699 4.0163286142051247 5.5209213364869338 0.1131308606127277 7.4669138044118881
leaf_count=26 36 54 34 24 14 22
internal_value=0 -0.265267 0.0350921 0.00368891 -0.44036 0.0574828
internal_weight=0 4.4929 33.9626 17.0042 1.1091 12.9878
internal_count=210 104 106 80 50 46
shrinkage=0.1


Tree=13
num_leaves=7
num_cat=0
split_feature=0 0 0 0 0 0
split_gain=0.321401 0.0378279 0.0301875 0.143154 0.0150036 0.00504661
threshold=0.35000000000000003 0.75000000000000011 1.0000000180025095e-35 0.15000000000000005 0.45000000000000007 0.25000000000000006
decision_type=2 2 2 2 2 2
left_child=2 4 -1 -4 -2 -5
right_child=1 -3 3 5 -6 -7
leaf_value=0.0063007239227096503 -0.037594707796295396 -0.020008403994860924 -0.016196908428096939 0.0031498186051811192 -0.077214520536098258 0.0071452851311653021
leaf_weight=16.956919491291046 0.98532743705436476 3.3608168149366975 4.0017475811764625 5.5009933691471797 0.10584842623211443 7.4326924290508032
leaf_count=26 36 54 34 24 14 22
internal_value=0 -0.252608 0.0331818 0.00331843 -0.41438 0.0544592
internal_weight=0 4.45199 33.8924 16.9354 1.09118 12.9337
internal_count=210 104 106 80 50 46
shrinkage=0.1


Tree=14
num_leaves=7
num_cat=0
split_feature=0 0 0 0 0 0
split_gain=0.290212 0.0319868 0.0274637 0.129578 0.0130883 0.00461689
threshold=0.35000000000000003 0.75000000000000011 1.0000000180025095e-35 0.15000000000000005 0.45000000000000007 0.25000000000000006
decision_type=2 2 2 2 2 2
left_child=2 4 -1 -4 -2 -5
right_child=1 -3 3 5 -6 -7
leaf_value=0.0059893723552851613 -0.035589665507113524 -0.019283372045258707 -0.015459322423434034 0.0029669090081775751 -0.073652193126336737 0.0067952458290106059
leaf_weight=16.955310747027397 0.97572504240088032 3.3397951810620725 3.9887811178341535 5.4835834465920907 0.099559487658552812 7.4028106946498156
leaf_count=26 36 54 34 24 14 22
internal_value=0 -0.24113 0.031469 0.00290922 -0.391138 0.0516616
internal_weight=0 4.41508 33.8305 16.8752 1.07528 12.8864
internal_count=210 104 106 80 50 46
shrinkage=0.1


Tree=15
num_leaves=7
num_cat=0
split_feature=0 0 0 0 0 0
split_gain=0.263402 0.0272694 0.0252317 0.117887 0.011444 0.00419878
threshold=0.35000000000000003 0.75000000000000011 1.0000000180025095e-35 0.15000000000000005 0.45000000000000007 0.25000000000000006
decision_type=2 2 2 2 2 2
left_child=2 4 -1 -4 -2 -5
right_child=1 -3 3 5 -6 -7
leaf_value=0.0057150835846776537 -0.033783809034709865 -0.018608203502214548 -0.014795873267241322 0.0028068940157828636 -0.070315188837292403 0.0064634618289405839
leaf_weight=16.953638017177582 0.96699985302984603 3.3205007137730718 3.9770813374780145 5.4683086611330491 0.094096285873092725 7.3765254933387041
leaf_count=26 36 54 34 24 14 22
internal_value=0 -0.230678 0.0299252 0.00248632 -0.370234 0.0490679
internal_weight=0 4.3816 33.7756 16.8219 1.0611 12.8448
internal_count=210 104 106 80 50 46
shrinkage=0.1


Tree=16
num_leaves=7
num_cat=0
split_feature=0 0 0 0 0 0
split_gain=0.240179 0.0234175 0.0233694 0.107715 0.0100301 0.00380408
threshold=0.35000000000000003 0.75000000000000011 1.0000000180025095e-35 0.15000000000000005 0.45000000000000007 0.25000000000000006
decision_type=2 2 2 2 2 2
left_child=2 4 -1 -4 -2 -5
right_child=1 -3 3 5 -6 -7
leaf_value=0.00547115746542301 -0.032147737034446365 -0.017978361881579811 -0.01419332837143676 0.0026648637213717566 -0.067183059261733111 0.0061501425269385804
leaf_weight=16.951910048723221 0.95903000608086475 3.3027303577400744 3.9664226132445064 5.4548279009759408 0.089323746971786022 7.3531989473849535
leaf_count=26 36 54 34 24 14 22
internal_value=0 -0.221116 0.0285265 0.00206436 -0.351329 0.0466579
internal_weight=0 4.35108 33.7264 16.7744 1.04835 12.808
internal_count=210 104 106 80 50 46
shrinkage=0.1


Tree=17
num_leaves=7
num_cat=0
split_feature=0 0 0 0 0 0
split_gain=0.219928 0.021793 0.0987904 0.020241 0.00881272 0.0034398
threshold=0.35000000000000003 1.0000000180025095e-35 0.15000000000000005 0.75000000000000011 0.45000000000000007 0.25000000000000006
decision_type=2 2 2 2 2 2
left_child=1 -1 -3 4 -2 -4
right_child=3 2 5 -5 -6 -7
leaf_value=0.005252583767854156 -0.030657703465926712 -0.013642082555360794 0.002536872005484447 -0.017389857350325885 -0.064239759775121572 0.0058551725370319472
leaf_weight=16.95011593401432 0.95171928335912404 3.9566336367279318 5.4428605679422599 3.2863132143393159 0.085134150227531791 7.3323226422071457
leaf_count=26 36 34 24 54 14 22
internal_value=0 0.0272535 0.00165142 -0.212333 -0.334151 0.0444141
internal_weight=0 33.6819 16.7318 4.32317 1.03685 12.7752
internal_count=210 106 80 104 50 46
shrinkage=0.1


Tree=18
num_leaves=7
num_cat=0
split_feature=0 0 0 0 0 0
split_gain=0.202162 0.0204362 0.0909184 0.017599 0.00776255 0.00310919
threshold=0.35000000000000003 1.0000000180025095e-35 0.15000000000000005 0.75000000000000011 0.45000000000000007 0.25000000000000006
decision_type=2 2 2 2 2 2
left_child=1 -1 -3 4 -2 -4
right_child=3 2 5 -5 -6 -7
leaf_value=0.00505510013118338 -0.029294749759766023 -0.013135210965867124 0.0024204951727237281 -0.016839044508062888 -0.061471010441198216 0.0055788131573905816
leaf_weight=16.948276713490486 0.9449917406309386 3.947605369146916 5.4321660213172418 3.2710978947579861 0.081439467379823327 7.3134682849049568
leaf_count=26 36 34 24 54 14 22
internal_value=0 0.0260903 0.00125582 -0.204237 -0.318477 0.0423274
internal_weight=0 33.6415 16.6932 4.29753 1.02643 12.7456
internal_count=210 106 80 104 50 46
shrinkage=0.1


Tree=19
num_leaves=7
num_cat=0
split_feature=0 0 0 0 0 0
split_gain=0.186488 0.0192561 0.0839322 0.015384 0.00685523 0.00281331
threshold=0.35000000000000003 1.0000000180025095e-35 0.15000000000000005 0.75000000000000011 0.45000000000000007 0.25000000000000006
decision_type=2 2 2 2 2 2
left_child=1 -1 -3 4 -2 -4
right_child=3 2 5 -5 -6 -7
leaf_value=0.0048756643911784447 -0.028042765390767489 -0.012666769179006297 0.0023130596580823791 -0.016322538879366431 -0.058865020157054228 0.0053203789743407502
leaf_weight=16.946384981274605 0.93878356716595501 3.9392383242957321 5.4225507657974941 3.2569609065540135 0.078167821164242909 7.2963065542280674
leaf_count=26 36 34 24 54 14 22
internal_value=0 0.0250232 0.000879078 -0.19675 -0.304119 0.0403824
internal_weight=0 33.6045 16.6581 4.27391 1.01695 12.7189
internal_count=210 106 80 104 50 46
shrinkage=0.1


Tree=20
num_leaves=7
num_cat=0
split_feature=0 0 0 0 0 0
split_gain=0.172585 0.0182155 0.0776971 0.013515 0.00606951 0.00254725
threshold=0.35000000000000003 1.0000000180025095e-35 0.15000000000000005 0.75000000000000011 0.45000000000000007 0.25000000000000006
decision_type=2 2 2 2 2 2
left_child=1 -1 -3 4 -2 -4
right_child=3 2 5 -5 -6 -7
leaf_value=0.0047114839047203948 -0.026888847744224259 -0.012231496235590068 0.0022141433116950153 -0.015837109790766798 -0.056410576618066012 0.0050783636598865948
leaf_weight=16.94444651901722 0.93304416234604892 3.931462406646463 5.4138522222638112 3.2437878982163966 0.075259153090883046 7.2805493231862783
leaf_count=26 36 34 24 54 14 22
internal_value=0 0.0240409 0.000524877 -0.189803 -0.290923 0.0385684
internal_weight=0 33.5703 16.6259 4.25209 1.0083 12.6944
internal_count=210 106 80 104 50 46
shrinkage=0.1


Tree=21
num_leaves=7
num_cat=0
split_feature=0 0 0 0 0 0
split_gain=0.160204 0.0172853 0.0721088 0.0119248 0.00538783 0.00231147
threshold=0.35000000000000003 1.0000000180025095e-35 0.15000000000000005 0.75000000000000011 0.45000000000000007 0.25000000000000006
decision_type=2 2 2 2 2 2
left_child=1 -1 -3 4 -2 -4
right_child=3 2 5 -5 -6 -7
leaf_value=0.0045603018808343205 -0.025821167302820497 -0.011825363258291454 0.0021219973123104236 -0.015380857471264898 -0.054097585013718003 0.0048527520358504633
leaf_weight=16.942476704716682 0.92772275349125155 3.9242168921045986 5.4059408381581289 3.2314904269296676 0.07266324368538335 7.2659724969416857
leaf_count=26 36 34 24 54 14 22
internal_value=0 0.0231342 0.00019647 -0.183344 -0.27875 0.0368779
internal_weight=0 33.5386 16.5961 4.23188 1.00039 12.6719
internal_count=210 106 80 104 50 46
shrinkage=0.1


Tree=22
num_leaves=7
num_cat=0
split_feature=0 0 0 0 0 0
split_gain=0.14911 0.016451 0.0670883 0.0105664 0.00479551 0.00210119
threshold=0.35000000000000003 1.0000000180025095e-35 0.15000000000000005 0.75000000000000011 0.45000000000000007 0.25000000000000006
decision_type=2 2 2 2 2 2
left_child=1 -1 -3 4 -2 -4
right_child=3 2 5 -5 -6 -7
leaf_value=0.0044205972309782201 -0.024830163290075976 -0.011446294544850818 0.0020361278432939477 -0.014949874257231474 -0.051917761414589807 0.0046417467273722054
leaf_weight=16.940468996763229 0.92278055869974085 3.9174563731066909 5.3987098280340415 3.2199690353590995 0.070339118014089763 7.2523936852812767
leaf_count=26 36 34 24 54 14 22
internal_value=0 0.0222934 -0.000111127 -0.177311 -0.267487 0.0352983
internal_weight=0 33.509 16.5686 4.21309 0.99312 12.6511
internal_count=210 106 80 104 50 46
shrinkage=0.1


Tree=23
num_leaves=7
num_cat=0
split_feature=0 0 0 0 0 0
split_gain=0.139149 0.015693 0.0625514 0.00939817 0.00427907 0.00191334
threshold=0.35000000000000003 1.0000000180025095e-35 0.15000000000000005 0.75000000000000011 0.45000000000000007 0.25000000000000006
decision_type=2 2 2 2 2 2
left_child=1 -1 -3 4 -2 -4
right_child=3 2 5 -5 -6 -7
leaf_value=0.0042908349861003016 -0.02390843849723789 -0.0110902066651431 0.0019561310519381992 -0.014543500618132582 -0.049861651028175545 0.0044443593283239593
leaf_weight=16.938426002860069 0.91818615002557524 3.9111283197999027 5.3920645620673877 3.2091678832657635 0.068250535812694579 7.2396707274019718
leaf_count=26 36 34 24 54 14 22
internal_value=0 0.0215129 -0.00039409 -0.171675 -0.257041 0.0338222
internal_weight=0 33.4813 16.5429 4.1956 0.986437 12.6317
internal_count=210 106 80 104 50 46
shrinkage=0.1


Tree=24
num_leaves=7
num_cat=0
split_feature=0 0 0 0 0 0
split_gain=0.130156 0.0149988 0.0584495 0.00838943 0.00382832 0.00174779
threshold=0.35000000000000003 1.0000000180025095e-35 0.15000000000000005 0.75000000000000011 0.45000000000000007 0.25000000000000006
decision_type=2 2 2 2 2 2
left_child=1 -1 -3 4 -2 -4
right_child=3 2 5 -5 -6 -7
leaf_value=0.0041696472276244699 -0.023048392721832033 -0.010755936452625414 0.0018807587353319314 -0.014158544634690715 -0.047922419948705886 0.0042605288742733676
leaf_weight=16.936361089348793 0.91390345420222641 3.9052073829807368 5.3859314117580634 3.1990072061307728 0.06636847514891997 7.2276845816522837
leaf_count=26 36 34 24 54 14 22
internal_value=0 0.0207854 -0.000654263 -0.166387 -0.247325 0.0324438
internal_weight=0 33.4552 16.5188 4.17928 0.980272 12.6136
internal_count=210 106 80 104 50 46
shrinkage=0.1


Tree=25
num_leaves=7
num_cat=0
split_feature=0 0 0 0 0 0
split_gain=0.122018 0.0143609 0.0547224 0.00751306 0.00343353 0.00159991
threshold=0.35000000000000003 1.0000000180025095e-35 0.15000000000000005 0.75000000000000011 0.45000000000000007 0.25000000000000006
decision_type=2 2 2 2 2 2
left_child=1 -1 -3 4 -2 -4
right_child=3 2 5 -5 -6 -7
leaf_value=0.0040562726596380548 -0.022244178718313128 -0.010440829333558253 0.0018101035739869773 -0.013794247669776237 -0.046091504252836236 0.0040884218866213207
leaf_weight=16.934271305799484 0.90990877652075042 3.8996483762748566 5.3802499491721374 3.1894405465573072 0.064666400314308703 7.2163282334804535
leaf_count=26 36 34 24 54 14 22
internal_value=0 0.0201064 -0.000893149 -0.161423 -0.238265 0.0311531
internal_weight=0 33.4305 16.4962 4.16402 0.974575 12.5966
internal_count=210 106 80 104 50 46
shrinkage=0.1


Tree=26
num_leaves=7
num_cat=0
split_feature=0 0 0 0 0 0
split_gain=0.114619 0.0137693 0.0513281 0.00674878 0.00308751 0.00146787
threshold=0.35000000000000003 1.0000000180025095e-35 0.15000000000000005 0.75000000000000011 0.45000000000000007 0.25000000000000006
decision_type=2 2 2 2 2 2
left_child=1 -1 -3 4 -2 -4
right_child=3 2 5 -5 -6 -7
leaf_value=0.003949625400369079 -0.021489904925099182 -0.010143253664734142 0.0017437616636247375 -0.013448207786873577 -0.04436332433076081 0.0039273537798942782
leaf_weight=16.932161197066307 0.90617236157413472 3.8944286559708443 5.374963738024233 3.1804078710265458 0.063123627507593483 7.2055242396891117
leaf_count=26 36 34 24 54 14 22
internal_value=0 0.0194704 -0.00111131 -0.156745 -0.229795 0.0299442
internal_weight=0 33.4071 16.4749 4.1497 0.969296 12.5805
internal_count=210 106 80 104 50 46
shrinkage=0.1


Tree=27
num_leaves=7
num_cat=0
split_feature=0 0 0 0 0 0
split_gain=0.107881 0.0132194 0.0482331 0.00607958 0.0027829 0.00135107
threshold=0.35000000000000003 1.0000000180025095e-35 0.15000000000000005 0.75000000000000011 0.45000000000000007 0.25000000000000006
decision_type=2 2 2 2 2 2
left_child=1 -1 -3 4 -2 -4
right_child=3 2 5 -5 -6 -7
leaf_value=0.0038491773204199506 -0.020781884898035268 -0.0098621725176340803 0.001680921358862611 -0.013119712110242375 -0.042729954144194268 0.0037770302296856332
leaf_weight=16.930043861269951 0.90267824742477276 3.8895209361799088 5.3700324669480306 3.1718741087242961 0.061720286495983601 7.1952064856886864
leaf_count=26 36 34 24 54 14 22
internal_value=0 0.0188741 -0.00131027 -0.152337 -0.221865 0.0288121
internal_weight=0 33.3848 16.4548 4.13627 0.964399 12.5652
internal_count=210 106 80 104 50 46
shrinkage=0.1


Tree=28
num_leaves=7
num_cat=0
split_feature=0 0 0 0 0 0
split_gain=0.101719 0.0127064 0.0453943 0.00549129 0.00251463 0.00124668
threshold=0.35000000000000003 1.0000000180025095e-35 0.15000000000000005 0.75000000000000011 0.45000000000000007 0.25000000000000006
decision_type=2 2 2 2 2 2
left_child=1 -1 -3 4 -2 -4
right_child=3 2 5 -5 -6 -7
leaf_value=0.0037542620982107481 -0.020115185404753967 -0.0095953230777736133 0.0016213093354073586 -0.012806834755698854 -0.041186574118123286 0.0036359050466209884
leaf_weight=16.927907675504684 0.8994028476299708 3.8848960925824967 5.3654170520603639 3.1637878126930445 0.060441346548032016 7.1853200979530811
leaf_count=26 36 34 24 54 14 22
internal_value=0 0.0183131 -0.0014923 -0.148168 -0.21442 0.0277467
internal_weight=0 33.3635 16.4356 4.12363 0.959844 12.5507
internal_count=210 106 80 104 50 46
shrinkage=0.1


Tree=29
num_leaves=7
num_cat=0
split_feature=0 0 0 0 0 0
split_gain=0.0960713 0.0122224 0.0427911 0.0049724 0.00227751 0.00115372
threshold=0.35000000000000003 1.0000000180025095e-35 0.15000000000000005 0.75000000000000011 0.45000000000000007 0.25000000000000006
decision_type=2 2 2 2 2 2
left_child=1 -1 -3 4 -2 -4
right_child=3 2 5 -5 -6 -7
leaf_value=0.0036641038378383687 -0.019486781932246289 -0.009341933444843924 0.0015650012860188604 -0.012508773552454609 -0.039726746591543592 0.0035040295002322984
leaf_weight=16.925771996378899 0.89632885227911074 3.8805383462458876 5.3610805012285692 3.1561181345023215 0.059272135607898242 7.1758103240281343
leaf_count=26 36 34 24 54 14 22
internal_value=0 0.0177849 -0.00165518 -0.144223 -0.207422 0.0267485
internal_weight=0 33.3432 16.4174 4.11172 0.955601 12.5369
internal_count=210 106 80 104 50 46
shrinkage=0.1


Tree=30
num_leaves=7
num_cat=0
split_feature=0 0 0 0 0 0
split_gain=0.0908829 0.01177 0.0404017 0.00451259 0.00206767 0.00106987
threshold=0.35000000000000003 1.0000000180025095e-35 0.15000000000000005 0.75000000000000011 0.45000000000000007 0.25000000000000006
decision_type=2 2 2 2 2 2
left_child=1 -1 -3 4 -2 -4
right_child=3 2 5 -5 -6 -7
leaf_value=0.0035787141873790413 -0.018893012958692799 -0.0091017531023136096 0.001511851528130028 -0.012224601478021116 -0.038345649769767398 0.0033800068763570248
leaf_weight=16.923630580306053 0.89344095031265069 3.8764263628982034 5.3569915108382684 3.1488369754515588 0.058201203122735023 7.1666562426835299
leaf_count=26 36 34 24 54 14 22
internal_value=0 0.0172865 -0.00180484 -0.140483 -0.200827 0.025809
internal_weight=0 33.3237 16.4001 4.10048 0.951642 12.5236
internal_count=210 106 80 104 50 46
shrinkage=0.1


Tree=31
num_leaves=7
num_cat=0
split_feature=0 0 0 0 0 0
split_gain=0.0861049 0.0113421 0.0381947 0.00410485 0.00188134 0.000995101
threshold=0.35000000000000003 1.0000000180025095e-35 0.15000000000000005 0.75000000000000011 0.45000000000000007 0.25000000000000006
decision_type=2 2 2 2 2 2
left_child=1 -1 -3 4 -2 -4
right_child=3 2 5 -5 -6 -7
leaf_value=0.0034973742858431288 -0.018331879493747382 -0.0088724386073257069 0.0014610878422001217 -0.011953158055674977 -0.037038149528266673 0.0032636259680861261
leaf_weight=16.921489104628563 0.89072779193520446 3.8725363956764367 5.3531354125589115 3.1419091741554439 0.057217782363295562 7.1578098367899656
leaf_count=26 36 34 24 54 14 22
internal_value=0 0.0168154 -0.00193916 -0.136933 -0.19461 0.0249236
internal_weight=0 33.305 16.3835 4.08985 0.947946 12.5109
internal_count=210 106 80 104 50 46
shrinkage=0.1


Tree=32
num_leaves=7
num_cat=0
split_feature=0 0 0 0 0 0
split_gain=0.0816905 0.0109358 0.0361608 0.00374116 0.00171554 0.000927501
threshold=0.35000000000000003 1.0000000180025095e-35 0.15000000000000005 0.75000000000000011 0.45000000000000007 0.25000000000000006
decision_type=2 2 2 2 2 2
left_child=1 -1 -3 4 -2 -4
right_child=3 2 5 -5 -6 -7
leaf_value=0.0034196538951046327 -0.017799705121474618 -0.0086541992442167679 0.0014132929553115502 -0.011693493697482543 -0.035798708118989053 0.0031543145465782636
leaf_weight=16.919354557991028 0.88816941494587709 3.8688613385893431 5.3494775705039483 3.135309711098671 0.056312150729354471 7.14925392344594
leaf_count=26 36 34 24 54 14 22
internal_value=0 0.0163691 -0.00205927 -0.133555 -0.188728 0.0240915
internal_weight=0 33.2869 16.3676 4.07979 0.944482 12.4987
internal_count=210 106 80 104 50 46
shrinkage=0.1


Tree=33
num_leaves=7
num_cat=0
split_feature=0 0 0 0 0 0
split_gain=0.0776082 0.0105508 0.0342778 0.00341668 0.00156764 0.000867247
threshold=0.35000000000000003 1.0000000180025095e-35 0.15000000000000005 0.75000000000000011 0.45000000000000007 0.25000000000000006
decision_type=2 2 2 2 2 2
left_child=1 -1 -3 4 -2 -4
right_child=3 2 5 -5 -6 -7
leaf_value=0.0033454402489831651 -0.017295316378217834 -0.0084457317326409927 0.0013674427900363655 -0.011445038925873058 -0.034623751679921065 0.0030516936229030003
leaf_weight=16.917229220271111 0.88576023268978943 3.8653779337182668 5.3460111618041974 3.1290155774913728 0.055476804001955322 7.14095757342875
leaf_count=26 36 34 24 54 14 22
internal_value=0 0.0159461 -0.00216701 -0.130341 -0.183167 0.0233062
internal_weight=0 33.2696 16.3523 4.07025 0.941237 12.487
internal_count=210 106 80 104 50 46
shrinkage=0.1


Tree=34
num_leaves=7
num_cat=0
split_feature=0 0 0 0 0 0
split_gain=0.073823 0.0101857 0.0325331 0.00312573 0.00143561 0.000812268
threshold=0.35000000000000003 1.0000000180025095e-35 0.15000000000000005 0.75000000000000011 0.45000000000000007 0.25000000000000006
decision_type=2 2 2 2 2 2
left_child=1 -1 -3 4 -2 -4
right_child=3 2 5 -5 -6 -7
leaf_value=0.0032744761323858043 -0.016815849684842777 -0.0082466412623176041 0.0013240996105213321 -0.011207039462938427 -0.033509482056796464 0.0029547718708656922
leaf_weight=16.915110096335411 0.88348466285969951 3.8620762093924013 5.3427103813737613 3.1230058553628623 0.054704979440430179 7.132908521220088
leaf_count=26 36 34 24 54 14 22
internal_value=0 0.0155444 -0.00226394 -0.127276 -0.177892 0.0225643
internal_weight=0 33.2528 16.3377 4.0612 0.93819 12.4756
internal_count=210 106 80 104 50 46
shrinkage=0.1


Tree=35
num_leaves=7
num_cat=0
split_feature=0 0 0 0 0 0
split_gain=0.0703065 0.00983905 0.0309111 0.00286484 0.00131733 0.000761509
threshold=0.35000000000000003 1.0000000180025095e-35 0.15000000000000005 0.75000000000000011 0.45000000000000007 0.25000000000000006
decision_type=2 2 2 2 2 2
left_child=1 -1 -3 4 -2 -4
right_child=3 2 5 -5 -6 -7
leaf_value=0.0032065349522147173 -0.016360081385214314 -0.0080559947309634377 0.0012832583490764566 -0.010978674999064891 -0.032451748432115297 0.0028627941701523112
leaf_weight=16.912998631596565 0.8813385508256022 3.858941632788631 5.3395657110959274 3.1172585682943463 0.05399028753163293 7.1250892132520676
leaf_count=26 36 34 24 54 14 22
internal_value=0 0.0151623 -0.00235114 -0.124351 -0.172889 0.0218616
internal_weight=0 33.2366 16.3236 4.05259 0.935329 12.4647
internal_count=210 106 80 104 50 46
shrinkage=0.1


Tree=36
num_leaves=7
num_cat=0
split_feature=0 0 0 0 0 0
split_gain=0.067033 0.0095071 0.0294047 0.00262969 0.00121117 0.0007167
threshold=0.35000000000000003 1.0000000180025095e-35 0.15000000000000005 0.75000000000000011 0.45000000000000007 0.25000000000000006
decision_type=2 2 2 2 2 2
left_child=1 -1 -3 4 -2 -4
right_child=3 2 5 -5 -6 -7
leaf_value=0.0031411888771599008 -0.01592571428694442 -0.0078735202987511108 0.0012438052428670908 -0.010759478694018283 -0.031446545443989969 0.0027767622663019209
leaf_weight=16.910910353064537 0.87930551986209948 3.8559662913903621 5.3365661706775409 3.1117567173205316 0.053326675784774125 7.1174780838191509
leaf_count=26 36 34 24 54 14 22
internal_value=0 0.0147984 -0.00242724 -0.121555 -0.168132 0.0211989
internal_weight=0 33.2209 16.31 4.04439 0.932632 12.454
internal_count=210 106 80 104 50 46
shrinkage=0.1


Tree=37
num_leaves=7
num_cat=0
split_feature=0 0 0 0 0 0
split_gain=0.0639807 0.00919269 0.0280013 0.00241745 0.00111568 0.000675275
threshold=0.35000000000000003 1.0000000180025095e-35 0.15000000000000005 0.75000000000000011 0.45000000000000007 0.25000000000000006
decision_type=2 2 2 2 2 2
left_child=1 -1 -3 4 -2 -4
right_child=3 2 5 -5 -6 -7
leaf_value=0.0030785969978280687 -0.015511452330759224 -0.0076988054294964197 0.0012063780948799096 -0.010548860733313452 -0.03049081795490154 0.002694933364297106
leaf_weight=16.908830597996712 0.87738118844572355 3.8531334493309286 5.3336962740868312 3.1064872306305915 0.052709824114572257 7.110074246302247
leaf_count=26 36 34 24 54 14 22
internal_value=0 0.0144513 -0.00249673 -0.118879 -0.163604 0.020569
internal_weight=0 33.2057 16.2969 4.03658 0.930091 12.4438
internal_count=210 106 80 104 50 46
shrinkage=0.1


Tree=38
num_leaves=7
num_cat=0
split_feature=0 0 0 0 0 0
split_gain=0.0611314 0.00889173 0.0266906 0.00222577 0.00102964 0.000637774
threshold=0.35000000000000003 1.0000000180025095e-35 0.15000000000000005 0.75000000000000011 0.45000000000000007 0.25000000000000006
decision_type=2 2 2 2 2 2
left_child=1 -1 -3 4 -2 -4
right_child=3 2 5 -5 -6 -7
leaf_value=0.003018346589055605 -0.015116354525576428 -0.0075308874881834693 0.0011705019806000515 -0.01034637752828243 -0.029581926818653032 0.0026176628537978542
leaf_weight=16.906772255897522 0.87556017388123919 3.8504352178424623 5.3309488687664253 3.101431212387979 0.052135498699499294 7.1028553731739521
leaf_count=26 36 34 24 54 14 22
internal_value=0 0.0141201 -0.00255734 -0.116318 -0.159293 0.019972
internal_weight=0 33.191 16.2842 4.02913 0.927696 12.4338
internal_count=210 106 80 104 50 46
shrinkage=0.1


Tree=39
num_leaves=7
num_cat=0
split_feature=0 0 0 0 0 0
split_gain=0.0584659 0.0086029 0.0254676 0.00205208 0.000951983 0.000603599
threshold=0.35000000000000003 1.0000000180025095e-35 0.15000000000000005 0.75000000000000011 0.45000000000000007 0.25000000000000006
decision_type=2 2 2 2 2 2
left_child=1 -1 -3 4 -2 -4
right_child=3 2 5 -5 -6 -7
leaf_value=0.0029602311417263215 -0.014738762813687183 -0.0073697513533558722 0.0011363607186027694 -0.010151470035356236 -0.028716883583992797 0.0025447131789955316
leaf_weight=16.904737621545792 0.87383168074302275 3.8478665268048671 5.3283109124749881 3.0965768517926335 0.051599831960629672 7.0958145819604397
leaf_count=26 36 34 24 54 14 22
internal_value=0 0.0138036 -0.00260947 -0.113863 -0.155181 0.0194072
internal_weight=0 33.1767 16.272 4.02201 0.925432 12.4241
internal_count=210 106 80 104 50 46
shrinkage=0.1


Tree=40
num_leaves=7
num_cat=0
split_feature=0 0 0 0 0 0
split_gain=0.0559685 0.00832876 0.0243208 0.00189455 0.000881636 0.000571447
threshold=0.35000000000000003 1.0000000180025095e-35 0.15000000000000005 0.75000000000000011 0.45000000000000007 0.25000000000000006
decision_type=2 2 2 2 2 2
left_child=1 -1 -3 4 -2 -4
right_child=3 2 5 -5 -6 -7
leaf_value=0.0029044166548063514 -0.014377754953069102 -0.0072147295913010112 0.001103986772143221 -0.0099636453355480895 -0.027892297825543429 0.0024747869071084518
leaf_weight=16.902714923024178 0.87219319317955424 3.8454137137159732 5.3257780708372575 3.0919124684296548 0.051099092263029888 7.0889497343450785
leaf_count=26 36 34 24 54 14 22
internal_value=0 0.0135007 -0.00265704 -0.111507 -0.151257 0.0188673
internal_weight=0 33.1629 16.2601 4.0152 0.923292 12.4147
internal_count=210 106 80 104 50 46
shrinkage=0.1


Tree=41
num_leaves=7
num_cat=0
split_feature=0 0 0 0 0 0
split_gain=0.0536261 0.00806377 0.0232498 0.00175113 0.000817979 0.000542377
threshold=0.35000000000000003 1.0000000180025095e-35 0.15000000000000005 0.75000000000000011 0.45000000000000007 0.25000000000000006
decision_type=2 2 2 2 2 2
left_child=1 -1 -3 4 -2 -4
right_child=3 2 5 -5 -6 -7
leaf_value=0.0028503483907620468 -0.014032015582489827 -0.0070658426248040212 0.0010731337422781207 -0.0097827148949381337 -0.027106901953493606 0.002409057929148745
leaf_weight=16.900725841522217 0.87063479912467201 3.8430763692595091 5.3233387134969217 3.0874241054989398 0.050630815589101992 7.0822433605790138
leaf_count=26 36 34 24 54 14 22
internal_value=0 0.0132107 -0.00269584 -0.109244 -0.147506 0.018358
internal_weight=0 33.1494 16.2487 4.00869 0.921266 12.4056
internal_count=210 106 80 104 50 46
shrinkage=0.1


Tree=42
num_leaves=7
num_cat=0
split_feature=0 0 0 0 0 0
split_gain=0.0514249 0.00781209 0.0222417 0.00162047 0.0007601 0.000515459
threshold=0.35000000000000003 1.0000000180025095e-35 0.15000000000000005 0.75000000000000011 0.45000000000000007 0.25000000000000006
decision_type=2 2 2 2 2 2
left_child=1 -1 -3 4 -2 -4
right_child=3 2 5 -5 -6 -7
leaf_value=0.0027983517405864716 -0.013700677359621348 -0.0069222461221048739 0.0010433598751964604 -0.0096081034463687768 -0.026357096858558055 0.002346133204456903
leaf_weight=16.898750558495522 0.86915329820476372 3.8408362357877222 5.3209940418601018 3.0831037897150964 0.050191642658319331 7.0756961796432734
leaf_count=26 36 34 24 54 14 22
internal_value=0 0.0129326 -0.00273131 -0.107069 -0.143917 0.0178695
internal_weight=0 33.1363 16.2375 4.00245 0.919345 12.3967
internal_count=210 106 80 104 50 46
shrinkage=0.1


Tree=43
num_leaves=7
num_cat=0
split_feature=0 0 0 0 0 0
split_gain=0.0493544 0.00757084 0.0212962 0.00150122 0.000707471 0.000490709
threshold=0.35000000000000003 1.0000000180025095e-35 0.15000000000000005 0.75000000000000011 0.45000000000000007 0.25000000000000006
decision_type=2 2 2 2 2 2
left_child=1 -1 -3 4 -2 -4
right_child=3 2 5 -5 -6 -7
leaf_value=0.0027481209089494224 -0.013382895331233262 -0.0067841307845685501 0.0010148709389054601 -0.0094395656130499047 -0.025641511596021432 0.0022863847054915959
leaf_weight=16.896798655390739 0.86774313414934956 3.8386935521848526 5.3187306113541108 3.0789423184469342 0.049779622204368927 7.069304570555687
leaf_count=26 36 34 24 54 14 22
internal_value=0 0.0126657 -0.00276163 -0.104976 -0.14048 0.0174047
internal_weight=0 33.1235 16.2267 3.99647 0.917523 12.388
internal_count=210 106 80 104 50 46
shrinkage=0.1


Tree=44
num_leaves=7
num_cat=0
split_feature=0 0 0 0 0 0
split_gain=0.0474046 0.00733857 0.0204069 0.00139229 0.000659482 0.000467662
threshold=0.35000000000000003 1.0000000180025095e-35 0.15000000000000005 0.75000000000000011 0.45000000000000007 0.25000000000000006
decision_type=2 2 2 2 2 2
left_child=1 -1 -3 4 -2 -4
right_child=3 2 5 -5 -6 -7
leaf_value=0.0026994763619544574 -0.013078013757027527 -0.006650856059597407 0.0009878067912689574 -0.00927677620567606 -0.024957876591080289 0.0022294827725231098
leaf_weight=16.8948734998703 0.86640077899210111 3.836645589675757 5.3165461886674148 3.0749271353706717 0.049392257642466575 7.0630517601966858
leaf_count=26 36 34 24 54 14 22
internal_value=0 0.0124094 -0.00278628 -0.102961 -0.137187 0.0169623
internal_weight=0 33.1111 16.2162 3.99072 0.915793 12.3796
internal_count=210 106 80 104 50 46
shrinkage=0.1


Tree=45
num_leaves=7
num_cat=0
split_feature=0 0 0 0 0 0
split_gain=0.0455653 0.00711605 0.019568 0.0012925 0.000615677 0.000446245
threshold=0.35000000000000003 1.0000000180025095e-35 0.15000000000000005 0.75000000000000011 0.45000000000000007 0.25000000000000006
decision_type=2 2 2 2 2 2
left_child=1 -1 -3 4 -2 -4
right_child=3 2 5 -5 -6 -7
leaf_value=0.0026524404592692691 -0.012784995583032961 -0.0065220819003997529 0.00096179900177793549 -0.0091193948715153246 -0.024304289255875924 0.002175073318850898
leaf_weight=16.892973706126213 0.86512068333104197 3.8346781604923335 5.314438318833707 3.0710525680333376 0.04902767192106694 7.0569330416619778
leaf_count=26 36 34 24 54 14 22
internal_value=0 0.012163 -0.00280717 -0.101019 -0.134028 0.0165388
internal_weight=0 33.099 16.206 3.9852 0.914148 12.3714
internal_count=210 106 80 104 50 46
shrinkage=0.1


Tree=46
num_leaves=7
num_cat=0
split_feature=0 0 0 0 0 0
split_gain=0.0438294 0.00690318 0.0187793 0.00120115 0.000575549 0.000426787
threshold=0.35000000000000003 1.0000000180025095e-35 0.15000000000000005 0.75000000000000011 0.45000000000000007 0.25000000000000006
decision_type=2 2 2 2 2 2
left_child=1 -1 -3 4 -2 -4
right_child=3 2 5 -5 -6 -7
leaf_value=0.0026069935986032956 -0.012503576503865819 -0.0063981593664397055 0.00093655696536640114 -0.0089671835218173689 -0.023678720266071904 0.0021234303373123694
leaf_weight=16.891098991036415 0.8639014966320242 3.8327927757054594 5.3123977333307248 3.0673116403631866 0.04868392800563015 7.0509576499462128
leaf_count=26 36 34 24 54 14 22
internal_value=0 0.011926 -0.00282489 -0.0991477 -0.130997 0.0161344
internal_weight=0 33.0872 16.1961 3.9799 0.912585 12.3634
internal_count=210 106 80 104 50 46
shrinkage=0.1


Tree=47
num_leaves=7
num_cat=0
split_feature=0 0 0 0 0 0
split_gain=0.042189 0.00669845 0.0180329 0.00111709 0.000538863 0.000408132
threshold=0.35000000000000003 1.0000000180025095e-35 0.15000000000000005 0.75000000000000011 0.45000000000000007 0.25000000000000006
decision_type=2 2 2 2 2 2
left_child=1 -1 -3 4 -2 -4
right_child=3 2 5 -5 -6 -7
leaf_value=0.0025629506458726154 -0.012232573906202464 -0.0062780795672928852 0.00091271788831910605 -0.0088199829792517514 -0.023080336942140133 0.0020736924265061202
leaf_weight=16.889247834682465 0.86273621907457643 3.8309804834425476 5.3104227110743505 3.0636979781556875 0.048359797016019002 7.0451053250581026
leaf_count=26 36 34 24 54 14 22
internal_value=0 0.0116978 -0.00283872 -0.0973419 -0.128084 0.015747
internal_weight=0 33.0758 16.1865 3.97479 0.911096 12.3555
internal_count=210 106 80 104 50 46
shrinkage=0.1


Tree=48
num_leaves=7
num_cat=0
split_feature=0 0 0 0 0 0
split_gain=0.0406364 0.00650125 0.0173279 0.00103988 0.000505185 0.00039095
threshold=0.35000000000000003 1.0000000180025095e-35 0.15000000000000005 0.75000000000000011 0.45000000000000007 0.25000000000000006
decision_type=2 2 2 2 2 2
left_child=1 -1 -3 4 -2 -4
right_child=3 2 5 -5 -6 -7
leaf_value=0.0025202051670491356 -0.011971726969110049 -0.0061619770076771175 0.00088971670414669368 -0.0086773530470121551 -0.022507038324224661 0.0020263054650767548
leaf_weight=16.887420848011971 0.86162345518823646 3.82923803967424 5.3085067085921747 3.0602007901761681 0.048053553095087409 7.0393820740282536
leaf_count=26 36 34 24 54 14 22
internal_value=0 0.0114779 -0.00284888 -0.0955977 -0.125283 0.0153767
internal_weight=0 33.0645 16.1771 3.96988 0.909677 12.3479
internal_count=210 106 80 104 50 46
shrinkage=0.1


Tree=49
num_leaves=7
num_cat=0
split_feature=0 0 0 0 0 0
split_gain=0.0391654 0.00631134 0.0166621 0.000968881 0.000474227 0.00037483
threshold=0.35000000000000003 1.0000000180025095e-35 0.15000000000000005 0.75000000000000011 0.45000000000000007 0.25000000000000006
decision_type=2 2 2 2 2 2
left_child=1 -1 -3 4 -2 -4
right_child=3 2 5 -5 -6 -7
leaf_value=0.002478712838115201 -0.011720495728211395 -0.0060497880831538765 0.00086777239576947942 -0.0085390916389560239 -0.021957515171539585 0.0019809840249243624
leaf_weight=16.885625317692757 0.86056011822074596 3.8275665834080455 5.3066508509218675 3.056815525284037 0.047763793671038002 7.0337730087339878
leaf_count=26 36 34 24 54 14 22
internal_value=0 0.0112658 -0.00285577 -0.0939119 -0.122588 0.0150228
internal_weight=0 33.0536 16.168 3.96514 0.908324 12.3404
internal_count=210 106 80 104 50 46
shrinkage=0.1


Tree=50
num_leaves=7
num_cat=0
split_feature=0 0 0 0 0 0
split_gain=0.0377709 0.00612975 0.0160318 0.000903274 0.00044576 0.000359214
threshold=0.35000000000000003 1.0000000180025095e-35 0.15000000000000005 0.75000000000000011 0.45000000000000007 0.25000000000000006
decision_type=2 2 2 2 2 2
left_child=1 -1 -3 4 -2 -4
right_child=3 2 5 -5 -6 -7
leaf_value=0.0024385703827789046 -0.01147803995835044 -0.0059413421096146061 0.00084703988175010138 -0.0084051398330940025 -0.021430476490375147 0.0019371035239407676
leaf_weight=16.883849158883095 0.85954187577590291 3.8259573776740607 5.3048481661826354 3.0535387289710343 0.047489537653746083 7.0282872803509235
leaf_count=26 36 34 24 54 14 22
internal_value=0 0.0110611 -0.00286117 -0.0922822 -0.119991 0.0146823
internal_weight=0 33.0429 16.1591 3.96057 0.907031 12.3331
internal_count=210 106 80 104 50 46
shrinkage=0.1


Tree=51
num_leaves=7
num_cat=0
split_feature=0 0 0 0 0 0
split_gain=0.0364486 0.00595471 0.0154358 0.000842881 0.000419488 0.000345623
threshold=0.35000000000000003 1.0000000180025095e-35 0.15000000000000005 0.75000000000000011 0.45000000000000007 0.25000000000000006
decision_type=2 2 2 2 2 2
left_child=1 -1 -3 4 -2 -4
right_child=3 2 5 -5 -6 -7
leaf_value=0.0023995781774502276 -0.011244532316127829 -0.0058364736203610386 0.00082630694143516568 -0.0082752760152625428 -0.020924665657638661 0.0018958269204833592
leaf_weight=16.8821060359478 0.85856856498867229 3.8244064173195538 5.3031008969992381 3.0503653984051198 0.047229496223735616 7.0229144990444183
leaf_count=26 36 34 24 54 14 22
internal_value=0 0.0108636 -0.0028636 -0.0907068 -0.117493 0.0143568
internal_weight=0 33.0325 16.1504 3.95616 0.905798 12.326
internal_count=210 106 80 104 50 46
shrinkage=0.1


Tree=52
num_leaves=7
num_cat=0
split_feature=0 0 0 0 0 0
split_gain=0.0351915 0.00578686 0.0148686 0.00078702 0.000395296 0.000331807
threshold=0.35000000000000003 1.0000000180025095e-35 0.15000000000000005 0.75000000000000011 0.45000000000000007 0.25000000000000006
decision_type=2 2 2 2 2 2
left_child=1 -1 -3 4 -2 -4
right_child=3 2 5 -5 -6 -7
leaf_value=0.0023617641736072698 -0.011018859683998097 -0.0057346050148396714 0.00080711248130872423 -0.0081491549310149149 -0.020439315980163061 0.0018553035556147419
leaf_weight=16.880380168557167 0.85763613868039035 3.8229101288598057 5.301401110365985 3.0472870159428567 0.046983002699562341 7.0176507867872715
leaf_count=26 36 34 24 54 14 22
internal_value=0 0.0106726 -0.0028647 -0.0891805 -0.115081 0.0140422
internal_weight=0 33.0223 16.142 3.95191 0.904619 12.3191
internal_count=210 106 80 104 50 46
shrinkage=0.1


Tree=53
num_leaves=7
num_cat=0
split_feature=0 0 0 0 0 0
split_gain=0.0339968 0.00562372 0.0143294 0.000735437 0.000372872 0.000319159
threshold=0.35000000000000003 1.0000000180025095e-35 0.15000000000000005 0.75000000000000011 0.45000000000000007 0.25000000000000006
decision_type=2 2 2 2 2 2
left_child=1 -1 -3 4 -2 -4
right_child=3 2 5 -5 -6 -7
leaf_value=0.0023248530033758547 -0.010801132601404057 -0.0056355302270208159 0.00078847854284968047 -0.0080267181073795709 -0.019972470225086577 0.0018167509748369963
leaf_weight=16.878684550523758 0.85674235853366498 3.8214665488339987 5.2997506437823159 3.0442997061181813 0.046748555250815123 7.0124853607267141
leaf_count=26 36 34 24 54 14 22
internal_value=0 0.0104879 -0.0028619 -0.0877027 -0.112757 0.0137414
internal_weight=0 33.0124 16.1337 3.94779 0.903491 12.3122
internal_count=210 106 80 104 50 46
shrinkage=0.1


Tree=54
num_leaves=7
num_cat=0
split_feature=0 0 0 0 0 0
split_gain=0.0328599 0.00546851 0.0138184 0.000687667 0.000352154 0.000307485
threshold=0.35000000000000003 1.0000000180025095e-35 0.15000000000000005 0.75000000000000011 0.45000000000000007 0.25000000000000006
decision_type=2 2 2 2 2 2
left_child=1 -1 -3 4 -2 -4
right_child=3 2 5 -5 -6 -7
leaf_value=0.002289193376251442 -0.010590668786978567 -0.0055398962216470417 0.00077016204082922077 -0.0079077863020641861 -0.01952399826032708 0.0017796980776581069
leaf_weight=16.877010136842728 0.8558864824008191 3.8200705051422146 5.2981449952349049 3.0414027823135257 0.046525910962373018 7.0074364487081766
leaf_count=26 36 34 24 54 14 22
internal_value=0 0.0103093 -0.00285957 -0.0862706 -0.110512 0.0134504
internal_weight=0 33.0027 16.1257 3.94382 0.902412 12.3056
internal_count=210 106 80 104 50 46
shrinkage=0.1


Tree=55
num_leaves=7
num_cat=0
split_feature=0 0 0 0 0 0
split_gain=0.0317776 0.00531765 0.0133337 0.000643273 0.000332955 0.000295974
threshold=0.35000000000000003 1.0000000180025095e-35 0.15000000000000005 0.75000000000000011 0.45000000000000007 0.25000000000000006
decision_type=2 2 2 2 2 2
left_child=1 -1 -3 4 -2 -4
right_child=3 2 5 -5 -6 -7
leaf_value=0.0022543690785812131 -0.01038699046128958 -0.0054471601103482778 0.00075323439463637672 -0.0077923193112821093 -0.019092440933247894 0.0017439276154938297
leaf_weight=16.875365555286407 0.85506352118682061 3.8187298683915314 5.2965776715427619 3.0385892505291849 0.04631389633868821 7.0024810675531626
leaf_count=26 36 34 24 54 14 22
internal_value=0 0.0101365 -0.0028539 -0.0848825 -0.108343 0.0131729
internal_weight=0 32.9932 16.1178 3.93997 0.901377 12.2991
internal_count=210 106 80 104 50 46
shrinkage=0.1


Tree=56
num_leaves=7
num_cat=0
split_feature=0 0 0 0 0 0
split_gain=0.0307472 0.0051722 0.0128716 0.000602257 0.000315091 0.000285666
threshold=0.35000000000000003 1.0000000180025095e-35 0.15000000000000005 0.75000000000000011 0.45000000000000007 0.25000000000000006
decision_type=2 2 2 2 2 2
left_child=1 -1 -3 4 -2 -4
right_child=3 2 5 -5 -6 -7
leaf_value=0.0022205000656618191 -0.010190432432150252 -0.0053569502145275711 0.00073635460886150152 -0.007680112222798058 -0.01867690617217142 0.0017098678219866167
leaf_weight=16.873747289180756 0.85427533008623813 3.8174280847888467 5.2950551565736514 3.0358574679121375 0.046111878211377189 6.9976216442883015
leaf_count=26 36 34 24 54 14 22
internal_value=0 0.00996925 -0.00284649 -0.0835375 -0.106251 0.0129053
internal_weight=0 32.9839 16.1101 3.93624 0.900387 12.2927
internal_count=210 106 80 104 50 46
shrinkage=0.1


Tree=57
num_leaves=7
num_cat=0
split_feature=0 0 0 0 0 0
split_gain=0.0297623 0.0050333 0.012431 0.000564025 0.000298562 0.000275272
threshold=0.35000000000000003 1.0000000180025095e-35 0.15000000000000005 0.75000000000000011 0.45000000000000007 0.25000000000000006
decision_type=2 2 2 2 2 2
left_child=1 -1 -3 4 -2 -4
right_child=3 2 5 -5 -6 -7
leaf_value=0.0021876557873561886 -0.0099995491642182622 -0.0052694296935795904 0.00072047844086289598 -0.0075707619897415999 -0.01827703074099421 0.0016763333712956762
leaf_weight=16.872146174311638 0.85351635317783747 3.8161701031494912 5.2935711266472918 3.0331992397550493 0.045919498923467472 6.9928620420396328
leaf_count=26 36 34 24 54 14 22
internal_value=0 0.0098068 -0.00283977 -0.082229 -0.104221 0.0126451
internal_weight=0 32.9747 16.1026 3.93264 0.899436 12.2864
internal_count=210 106 80 104 50 46
shrinkage=0.1


Tree=58
num_leaves=7
num_cat=0
split_feature=0 0 0 0 0 0
split_gain=0.0288236 0.00489834 0.0120101 0.000528691 0.00028314 0.000265939
threshold=0.35000000000000003 1.0000000180025095e-35 0.15000000000000005 0.75000000000000011 0.45000000000000007 0.25000000000000006
decision_type=2 2 2 2 2 2
left_child=1 -1 -3 4 -2 -4
right_child=3 2 5 -5 -6 -7
leaf_value=0.0021555829763309931 -0.0098153171841624393 -0.0051840203234264134 0.00070474119174433086 -0.007464441949672245 -0.017891693445421349 0.0016444610888022564
leaf_weight=16.870574370026588 0.85279042221372892 3.814950100611898 5.2921275449916703 3.0306145553477108 0.045735844192677177 6.9881885778158903
leaf_count=26 36 34 24 54 14 22
internal_value=0 0.00964954 -0.00283027 -0.0809606 -0.102264 0.0123949
internal_weight=0 32.9658 16.0953 3.92914 0.898526 12.2803
internal_count=210 106 80 104 50 46
shrinkage=0.1


Tree=59
num_leaves=7
num_cat=0
split_feature=0 0 0 0 0 0
split_gain=0.0279271 0.00476772 0.0116107 0.000495644 0.000268796 0.000256739
threshold=0.35000000000000003 1.0000000180025095e-35 0.15000000000000005 0.75000000000000011 0.45000000000000007 0.25000000000000006
decision_type=2 2 2 2 2 2
left_child=1 -1 -3 4 -2 -4
right_child=3 2 5 -5 -6 -7
leaf_value=0.0021242975488767824 -0.0096364528113531047 -0.0051013566181341979 0.00069010366862424458 -0.0073610741195009573 -0.017520117501418211 0.0016136272600633561
leaf_weight=16.869028300046921 0.85208904888713666 3.8137732134200659 5.290714322589336 3.0281029080506414 0.04556043392221909 6.9836054313927889
leaf_count=26 36 34 24 54 14 22
internal_value=0 0.00949704 -0.00281907 -0.0797285 -0.100366 0.0121555
internal_weight=0 32.9571 16.0881 3.92575 0.897649 12.2743
internal_count=210 106 80 104 50 46
shrinkage=0.1


Tree=60
num_leaves=7
num_cat=0
split_feature=0 0 0 0 0 0
split_gain=0.0270695 0.00464222 0.011229 0.000464968 0.000255416 0.000248361
threshold=0.35000000000000003 1.0000000180025095e-35 0.15000000000000005 0.75000000000000011 0.45000000000000007 0.25000000000000006
decision_type=2 2 2 2 2 2
left_child=1 -1 -3 4 -2 -4
right_child=3 2 5 -5 -6 -7
leaf_value=0.0020938682942937838 -0.0094631740757556097 -0.0050209620202908596 0.00067549404948792581 -0.0072602667244507316 -0.017161736222426067 0.001584016606905421
leaf_weight=16.867506295442581 0.85141521925106589 3.8126308657228973 5.2893392229452711 3.025655917590484 0.045392794476356357 6.979109451174736
leaf_count=26 36 34 24 54 14 22
internal_value=0 0.00934887 -0.00280773 -0.0785302 -0.0985284 0.0119232
internal_weight=0 32.9486 16.0811 3.92246 0.896808 12.2684
internal_count=210 106 80 104 50 46
shrinkage=0.1


Tree=61
num_leaves=7
num_cat=0
split_feature=0 0 0 0 0 0
split_gain=0.0262491 0.00452173 0.0108636 0.000436496 0.000242928 0.000239986
threshold=0.35000000000000003 1.0000000180025095e-35 0.15000000000000005 0.75000000000000011 0.45000000000000007 0.25000000000000006
decision_type=2 2 2 2 2 2
left_child=1 -1 -3 4 -2 -4
right_child=3 2 5 -5 -6 -7
leaf_value=0.0020642911476139443 -0.0092953363237712177 -0.0049426421069406704 0.00066166403258948901 -0.0071619600997416865 -0.016816089180151678 0.001554922671581669
leaf_weight=16.866001576185226 0.85076860542176225 3.8115208742674467 5.2879970567300898 3.0232712741708383 0.045232622316689231 6.9746981877833605
leaf_count=26 36 34 24 54 14 22
internal_value=0 0.00920496 -0.0027964 -0.0773648 -0.09675 0.0116973
internal_weight=0 32.9402 16.0742 3.91927 0.896001 12.2627
internal_count=210 106 80 104 50 46
shrinkage=0.1


Tree=62
num_leaves=7
num_cat=0
split_feature=0 0 0 0 0 0
split_gain=0.0254648 0.00440469 0.0105152 0.000409731 0.000232233 0.000231261
threshold=0.35000000000000003 1.0000000180025095e-35 0.15000000000000005 0.75000000000000011 0.25000000000000006 0.45000000000000007
decision_type=2 2 2 2 2 2
left_child=1 -1 -3 5 -4 -2
right_child=3 2 4 -5 -6 -7
leaf_value=0.0020353814051962938 -0.0091321293133536999 -0.0048664766083171933 0.00064823805042478401 -0.0070664297787660993 0.0015271293032792128 -0.016482052893066649
leaf_weight=16.864525496959686 0.85014383355155532 3.810446759453046 5.2866852534934861 3.0209517421899363 6.9703694805502892 0.045079113653628163
leaf_count=26 36 34 24 54 22 14
internal_value=0 0.00906533 -0.00278311 -0.0762325 0.0114805 -0.0950224
internal_weight=0 32.932 16.0675 3.91617 12.2571 0.895223
internal_count=210 106 80 104 46 50
shrinkage=0.1


Tree=63
num_leaves=7
num_cat=0
split_feature=0 0 0 0 0 0
split_gain=0.0247135 0.00429127 0.010182 0.000384879 0.000225023 0.000220325
threshold=0.35000000000000003 1.0000000180025095e-35 0.15000000000000005 0.75000000000000011 0.25000000000000006 0.45000000000000007
decision_type=2 2 2 2 2 2
left_child=1 -1 -3 5 -4 -2
right_child=3 2 4 -5 -6 -7
leaf_value=0.0020071347311520688 -0.0089739987576846116 -0.0047922771613373326 0.00063512002759685631 -0.0069731936811713961 0.0015004334779606604 -0.016159298692034758
leaf_weight=16.863071352243423 0.84954254241893012 3.8094038274139193 5.2854041447862965 3.0186901426641271 6.9661206658929586 0.044932029093615711
leaf_count=26 36 34 24 54 22 14
internal_value=0 0.0089296 -0.00276861 -0.0751304 0.0112713 -0.0933494
internal_weight=0 32.924 16.0609 3.91316 12.2515 0.894475
internal_count=210 106 80 104 46 50
shrinkage=0.1


Tree=64
num_leaves=7
num_cat=0
split_feature=0 0 0 0 0 0
split_gain=0.0239937 0.00418252 0.00986252 0.000361632 0.000217854 0.000210103
threshold=0.35000000000000003 1.0000000180025095e-35 0.15000000000000005 0.75000000000000011 0.25000000000000006 0.45000000000000007
decision_type=2 2 2 2 2 2
left_child=1 -1 -3 5 -4 -2
right_child=3 2 4 -5 -6 -7
leaf_value=0.0019796892156532394 -0.00882036921138671 -0.0047199701012606426 0.00062259957346905061 -0.0068823332345813787 0.0014741855089152503 -0.015847594740550443
leaf_weight=16.861634895205498 0.84896362875588172 3.8083871679846224 5.2841513408347947 3.0164874600013718 6.9619530830532312 0.044791220483602963
leaf_count=26 36 34 24 54 22 14
internal_value=0 0.00879765 -0.00275459 -0.074058 0.0110673 -0.0917254
internal_weight=0 32.9161 16.0545 3.91024 12.2461 0.893755
internal_count=210 106 80 104 46 50
shrinkage=0.1


Tree=65
num_leaves=7
num_cat=0
split_feature=0 0 0 0 0 0
split_gain=0.0233033 0.0040771 0.00955748 0.000339962 0.000211115 0.000200504
threshold=0.35000000000000003 1.0000000180025095e-35 0.15000000000000005 0.75000000000000011 0.25000000000000006 0.45000000000000007
decision_type=2 2 2 2 2 2
left_child=1 -1 -3 5 -4 -2
right_child=3 2 4 -5 -6 -7
leaf_value=0.0019528601856378279 -0.0086712114219872054 -0.0046496682422524213 0.00061047544464675634 -0.00679359770345234 0.0014489484492469801 -0.015546026555329041
leaf_weight=16.860227048397064 0.84840578929288257 3.8074049511924413 5.2829280905425531 3.0143359401263297 6.9578547365963459 0.044656004058197134
leaf_count=26 36 34 24 54 22 14
internal_value=0 0.00866926 -0.00273956 -0.0730131 0.0108708 -0.0901497
internal_weight=0 32.9084 16.0482 3.9074 12.2408 0.893062
internal_count=210 106 80 104 46 50
shrinkage=0.1


Tree=66
num_leaves=7
num_cat=0
split_feature=0 0 0 0 0 0
split_gain=0.0226412 0.00397505 0.00926431 0.000319675 0.000204317 0.0001915
threshold=0.35000000000000003 1.0000000180025095e-35 0.15000000000000005 0.75000000000000011 0.25000000000000006 0.45000000000000007
decision_type=2 2 2 2 2 2
left_child=1 -1 -3 5 -4 -2
right_child=3 2 4 -5 -6 -7
leaf_value=0.0019266557251461345 -0.0085262580052520003 -0.0045809079240049302 0.00059911173185427157 -0.0067070858085663196 0.0014241303566096129 -0.015254328890811353
leaf_weight=16.858833760023117 0.84786728979088299 3.8064463143236962 5.2817280050367099 3.0122398566454649 6.9538342449814081 0.04452631039021071
leaf_count=26 36 34 24 54 22 14
internal_value=0 0.00854437 -0.00272377 -0.0719958 0.0106799 -0.0886196
internal_weight=0 32.9008 16.042 3.90463 12.2356 0.892394
internal_count=210 106 80 104 46 50
shrinkage=0.1


Tree=67
num_leaves=7
num_cat=0
split_feature=0 0 0 0 0 0
split_gain=0.0220047 0.00387653 0.00898459 0.000300739 0.000198389 0.000183064
threshold=0.35000000000000003 1.0000000180025095e-35 0.15000000000000005 0.75000000000000011 0.25000000000000006 0.45000000000000007
decision_type=2 2 2 2 2 2
left_child=1 -1 -3 5 -4 -2
right_child=3 2 4 -5 -6 -7
leaf_value=0.0019010744628504949 -0.00838528818967736 -0.0045142068040476017 0.00058750975150077735 -0.0066224488044349218 0.0014006227377625622 -0.014972344200409514
leaf_weight=16.857468381524086 0.84734770207432974 3.8055176918860552 5.2805598974227888 3.0101905459305272 6.9498838149011135 0.044401816267054528
leaf_count=26 36 34 24 54 22 14
internal_value=0 0.00842264 -0.00270788 -0.0710029 0.0104956 -0.0871327
internal_weight=0 32.8934 16.036 3.90194 12.2304 0.89175
internal_count=210 106 80 104 46 50
shrinkage=0.1


Tree=68
num_leaves=7
num_cat=0
split_feature=0 0 0 0 0 0
split_gain=0.0213948 0.00378122 0.00871532 0.000282917 0.000192356 0.000175113
threshold=0.35000000000000003 1.0000000180025095e-35 0.15000000000000005 0.75000000000000011 0.25000000000000006 0.45000000000000007
decision_type=2 2 2 2 2 2
left_child=1 -1 -3 5 -4 -2
right_child=3 2 4 -5 -6 -7
leaf_value=0.0018761092214215403 -0.0082481576902776379 -0.0044488924358879771 0.00057664548611398769 -0.006540090062104674 0.0013774450633238942 -0.014698951481252567
leaf_weight=16.856117680668831 0.84684556070715133 3.8046096265316036 5.2794122146442515 3.0081949441228062 6.946006678044796 0.04428207415912766
leaf_count=26 36 34 24 54 22 14
internal_value=0 0.00830432 -0.00269133 -0.070037 0.0103163 -0.0856871
internal_weight=0 32.8861 16.03 3.89932 12.2254 0.891128
internal_count=210 106 80 104 46 50
shrinkage=0.1


Tree=69
num_leaves=7
num_cat=0
split_feature=0 0 0 0 0 0
split_gain=0.0208078 0.00368873 0.00845819 0.000266294 0.000186728 0.000167652
threshold=0.35000000000000003 1.0000000180025095e-35 0.15000000000000005 0.75000000000000011 0.25000000000000006 0.45000000000000007
decision_type=2 2 2 2 2 2
left_child=1 -1 -3 5 -4 -2
right_child=3 2 4 -5 -6 -7
leaf_value=0.0018516643371092483 -0.0081147955609164185 -0.0043854493373409716 0.0005660604647081067 -0.0064594515595992026 0.0013552010450699724 -0.014434565617048254
leaf_weight=16.854794710874557 0.84636104106903021 3.8037318512797382 5.2782897418364865 3.006242090719752 6.9421943435445428 0.044167039814055897
leaf_count=26 36 34 24 54 22 14
internal_value=0 0.00818889 -0.00267419 -0.0690938 0.0101435 -0.0842823
internal_weight=0 32.879 16.0242 3.89677 12.2205 0.890528
internal_count=210 106 80 104 46 50
shrinkage=0.1


Tree=70
num_leaves=7
num_cat=0
split_feature=0 0 0 0 0 0
split_gain=0.020244 0.00359969 0.00821068 0.000250674 0.00018136 0.00016061
threshold=0.35000000000000003 1.0000000180025095e-35 0.15000000000000005 0.75000000000000011 0.25000000000000006 0.45000000000000007
decision_type=2 2 2 2 2 2
left_child=1 -1 -3 5 -4 -2
right_child=3 2 4 -5 -6 -7
leaf_value=0.0018278540625367903 -0.0079849918553400491 -0.0043234328539695829 0.00055566800621531293 -0.0063807939888702349 0.0013335187878594796 -0.014178082038596957
leaf_weight=16.853485435247421 0.84589278610655982 3.8028721997980055 5.2771921586245281 3.0043365892488509 6.9384525138884783 0.04405629810935352
leaf_count=26 36 34 24 54 22 14
internal_value=0 0.00807653 -0.00265726 -0.0681746 0.00997485 -0.0829158
internal_weight=0 32.872 16.0185 3.89429 12.2156 0.889949
internal_count=210 106 80 104 46 50
shrinkage=0.1


Tree=71
num_leaves=7
num_cat=0
split_feature=0 0 0 0 0 0
split_gain=0.0197011 0.00351255 0.00797305 0.000236088 0.000175973 0.00015396
threshold=0.35000000000000003 1.0000000180025095e-35 0.15000000000000005 0.75000000000000011 0.25000000000000006 0.45000000000000007
decision_type=2 2 2 2 2 2
left_child=1 -1 -3 5 -4 -2
right_child=3 2 4 -5 -6 -7
leaf_value=0.0018044288968214663 -0.0078587136694646051 -0.0042627954736908927 0.00054602128038128562 -0.0063037543426419434 0.0013123652129170252 -0.01392931076337192
leaf_weight=16.852202251553535 0.84544058551546131 3.8020384628325727 5.2761141173541528 3.0024729365250096 6.934768277220428 0.043949553059064783
leaf_count=26 36 34 24 54 22 14
internal_value=0 0.00796684 -0.0026388 -0.0672766 0.00981241 -0.0815869
internal_weight=0 32.8651 16.0129 3.89186 12.2109 0.88939
internal_count=210 106 80 104 46 50
shrinkage=0.1


Tree=72
num_leaves=7
num_cat=0
split_feature=0 0 0 0 0 0
split_gain=0.0191794 0.00342926 0.00774407 0.000222368 0.000170949 0.000147697
threshold=0.35000000000000003 1.0000000180025095e-35 0.15000000000000005 0.75000000000000011 0.25000000000000006 0.45000000000000007
decision_type=2 2 2 2 2 2
left_child=1 -1 -3 5 -4 -2
right_child=3 2 4 -5 -6 -7
leaf_value=0.001781699794671244 -0.0077357569154521732 -0.0042035761958578392 0.00053629253938915385 -0.0062286145304493203 0.0012917459975974976 -0.013688293155175777
leaf_weight=16.850932866334915 0.84500402025878363 3.8012220358941731 5.2750621521845442 3.0006523334886879 6.9311521211639047 0.043846898915944621
leaf_count=26 36 34 24 54 22 14
internal_value=0 0.00786005 -0.00262157 -0.0664014 0.00965268 -0.0802939
internal_weight=0 32.8584 16.0074 3.8895 12.2062 0.888851
internal_count=210 106 80 104 46 50
shrinkage=0.1


Tree=73
num_leaves=7
num_cat=0
split_feature=0 0 0 0 0 0
split_gain=0.0186766 0.00334829 0.0075244 0.000209477 0.000166053 0.000141787
threshold=0.35000000000000003 1.0000000180025095e-35 0.15000000000000005 0.75000000000000011 0.25000000000000006 0.45000000000000007
decision_type=2 2 2 2 2 2
left_child=1 -1 -3 5 -4 -2
right_child=3 2 4 -5 -6 -7
leaf_value=0.0017594170052473294 -0.0076158524595276028 -0.0041458198293221763 0.0005270200321978156 -0.0061550684774427681 0.0012716991452637202 -0.013454407560640017
leaf_weight=16.849682360887527 0.8445811039418909 3.8004271548707065 5.2740291468799096 2.9988728589378297 6.9275996955111623 0.043747932009864599
leaf_count=26 36 34 24 54 22 14
internal_value=0 0.00775578 -0.00260376 -0.0655461 0.00949819 -0.0790339
internal_weight=0 32.8517 16.0021 3.8872 12.2016 0.888329
internal_count=210 106 80 104 46 50
shrinkage=0.1


Tree=74
num_leaves=7
num_cat=0
split_feature=0 0 0 0 0 0
split_gain=0.0181924 0.00326888 0.00731308 0.000197408 0.000161658 0.000136197
threshold=0.35000000000000003 1.0000000180025095e-35 0.15000000000000005 0.75000000000000011 0.25000000000000006 0.45000000000000007
decision_type=2 2 2 2 2 2
left_child=1 -1 -3 5 -4 -2
right_child=3 2 4 -5 -6 -7
leaf_value=0.0017374797512918533 -0.0074991497553246553 -0.004089234807018274 0.00051777376348096477 -0.0060831073217435536 0.0012526528413938712 -0.013227472470651095
leaf_weight=16.848456472158432 0.84417177282739375 3.7996509850490829 5.2730180583894235 2.9971307654632255 6.9241004660725594 0.043652457388816401
leaf_count=26 36 34 24 54 22 14
internal_value=0 0.00765405 -0.00258423 -0.0647108 0.00934952 -0.077808
internal_weight=0 32.8452 15.9968 3.88495 12.1971 0.887824
internal_count=210 106 80 104 46 50
shrinkage=0.1


Tree=75
num_leaves=7
num_cat=0
split_feature=0 0 0 0 0 0
split_gain=0.0177255 0.00319276 0.00710985 0.000186051 0.000156957 0.000130907
threshold=0.35000000000000003 1.0000000180025095e-35 0.15000000000000005 0.75000000000000011 0.25000000000000006 0.45000000000000007
decision_type=2 2 2 2 2 2
left_child=1 -1 -3 5 -4 -2
right_child=3 2 4 -5 -6 -7
leaf_value=0.0017161306395984581 -0.0073852873032958302 -0.0040341061849742182 0.00050928974792513047 -0.0060126698166702124 0.0012335203216799922 -0.013006976569483001
leaf_weight=16.847243718802929 0.8437755638151424 3.7988967439159742 5.2720235064625722 2.9954264980042353 6.9206640087068081 0.043560334859648719
leaf_count=26 36 34 24 54 22 14
internal_value=0 0.00755468 -0.00256597 -0.0638943 0.00920369 -0.0766126
internal_weight=0 32.8388 15.9916 3.88276 12.1927 0.887336
internal_count=210 106 80 104 46 50
shrinkage=0.1


Tree=76
num_leaves=7
num_cat=0
split_feature=0 0 0 0 0 0
split_gain=0.0172757 0.00311902 0.00691425 0.000175349 0.000152739 0.000125902
threshold=0.35000000000000003 1.0000000180025095e-35 0.15000000000000005 0.75000000000000011 0.25000000000000006 0.45000000000000007
decision_type=2 2 2 2 2 2
left_child=1 -1 -3 5 -4 -2
right_child=3 2 4 -5 -6 -7
leaf_value=0.0016952472166098156 -0.0072742279670790491 -0.0039802324316971392 0.00050065260603111925 -0.0059438259895959146 0.0012151998333737666 -0.012792812342249524
leaf_weight=16.846048593521118 0.84339236078085311 3.7981574593577525 5.2710504662245494 2.9937593502691016 6.9172891639173031 0.043471403638250194
leaf_count=26 36 34 24 54 22 14
internal_value=0 0.0074577 -0.00254758 -0.0630969 0.00906182 -0.0754473
internal_weight=0 32.8325 15.9865 3.88062 12.1883 0.886864
internal_count=210 106 80 104 46 50
shrinkage=0.1


Tree=77
num_leaves=7
num_cat=0
split_feature=0 0 0 0 0 0
split_gain=0.0168416 0.00304745 0.00672564 0.000165335 0.00014858 0.000121174
threshold=0.35000000000000003 1.0000000180025095e-35 0.15000000000000005 0.75000000000000011 0.25000000000000006 0.45000000000000007
decision_type=2 2 2 2 2 2
left_child=1 -1 -3 5 -4 -2
right_child=3 2 4 -5 -6 -7
leaf_value=0.0016747895089356153 -0.0071660248032081085 -0.0039274884584776923 0.00049238804518242038 -0.0058763410498683813 0.0011972487810760475 -0.012585153362885879
leaf_weight=16.844871751964092 0.84302161616505999 3.7974364520050576 5.2700961306691152 2.9921260605333373 6.91396598611027 0.043385695506003685
leaf_count=26 36 34 24 54 22 14
internal_value=0 0.00736295 -0.002529 -0.0623171 0.00892368 -0.0743127
internal_weight=0 32.8264 15.9815 3.87853 12.1841 0.886407
internal_count=210 106 80 104 46 50
shrinkage=0.1


Tree=78
num_leaves=7
num_cat=0
split_feature=0 0 0 0 0 0
split_gain=0.0164228 0.00297813 0.00654385 0.000155875 0.000144474 0.000116678
threshold=0.35000000000000003 1.0000000180025095e-35 0.15000000000000005 0.75000000000000011 0.25000000000000006 0.45000000000000007
decision_type=2 2 2 2 2 2
left_child=1 -1 -3 5 -4 -2
right_child=3 2 4 -5 -6 -7
leaf_value=0.0016547738567008153 -0.0070603410727753573 -0.0038759038060655095 0.00048447643779617774 -0.0058103167970260253 0.0011796347447267583 -0.012382886196708751
leaf_weight=16.843714147806168 0.8426617484656157 3.7967319497838607 5.2691605659201723 2.9905284341657534 6.9106932980939746 0.043302708734699991
leaf_count=26 36 34 24 54 22 14
internal_value=0 0.00727039 -0.00251048 -0.0615546 0.008789 -0.0732049
internal_weight=0 32.8203 15.9766 3.87649 12.1799 0.885964
internal_count=210 106 80 104 46 50
shrinkage=0.1


Tree=79
num_leaves=7
num_cat=0
split_feature=0 0 0 0 0 0
split_gain=0.016019 0.00291054 0.00636906 0.000146993 0.000140742 0.000112409
threshold=0.35000000000000003 1.0000000180025095e-35 0.15000000000000005 0.75000000000000011 0.25000000000000006 0.45000000000000007
decision_type=2 2 2 2 2 2
left_child=1 -1 -3 5 -4 -2
right_child=3 2 4 -5 -6 -7
leaf_value=0.0016351238949151002 -0.0069573824407183462 -0.003825496701913757 0.00047658247465337658 -0.0057457303090424541 0.0011628081798682707 -0.012186306202053436
leaf_weight=16.842572316527367 0.8423132649622852 3.796043168520554 5.2682413356378657 2.9889656554441899 6.9074788372963667 0.043222518725087866
leaf_count=26 36 34 24 54 22 14
internal_value=0 0.00718002 -0.00249123 -0.0608099 0.00865889 -0.072126
internal_weight=0 32.8143 15.9718 3.8745 12.1757 0.885536
internal_count=210 106 80 104 46 50
shrinkage=0.1


Tree=80
num_leaves=7
num_cat=0
split_feature=0 0 0 0 0 0
split_gain=0.0156286 0.00284507 0.00620058 0.000138639 0.000136924 0.000108357
threshold=0.35000000000000003 1.0000000180025095e-35 0.15000000000000005 0.75000000000000011 0.25000000000000006 0.45000000000000007
decision_type=2 2 2 2 2 2
left_child=1 -1 -3 5 -4 -2
right_child=3 2 4 -5 -6 -7
leaf_value=0.0016158849323115534 -0.0068568195659817963 -0.0037762219404878661 0.00046919370179507097 -0.0056823622163762119 0.001146147583948629 -0.011995069480978424
leaf_weight=16.841447070240974 0.84197632258292221 3.7953729047439984 5.2673381017521006 2.9874319826485589 6.9043180486187339 0.043144944400410168
leaf_count=26 36 34 24 54 22 14
internal_value=0 0.00709159 -0.00247222 -0.0600805 0.00853193 -0.0710728
internal_weight=0 32.8085 15.967 3.87255 12.1717 0.885121
internal_count=210 106 80 104 46 50
shrinkage=0.1


Tree=81
num_leaves=7
num_cat=0
split_feature=0 0 0 0 0 0
split_gain=0.0152515 0.00278155 0.00603731 0.000133381 0.000130736 0.00010452
threshold=0.35000000000000003 1.0000000180025095e-35 0.15000000000000005 0.25000000000000006 0.75000000000000011 0.45000000000000007
decision_type=2 2 2 2 2 2
left_child=1 -1 -3 -4 5 -2
right_child=4 2 3 -5 -6 -7
leaf_value=0.0015970407098731638 -0.0067584940654884032 -0.003727783698423426 0.00046174900368322572 0.0011299835074227345 -0.005620338252029896 -0.011809178549020831
leaf_weight=16.840339176356792 0.84164844139013373 3.7947125220671287 5.2664551911875588 6.9012014968320727 2.9859305821591988 0.043069958381238393
leaf_count=26 36 34 24 22 54 14
internal_value=0 0.00700517 -0.00245317 0.00840756 -0.0593669 -0.0700437
internal_weight=0 32.8027 15.9624 12.1677 3.87065 0.884718
internal_count=210 106 80 46 104 50
shrinkage=0.1


Tree=82
num_leaves=7
num_cat=0
split_feature=0 0 0 0 0 0
split_gain=0.0148868 0.00272063 0.0058809 0.000129846 0.000123357 0.000100859
threshold=0.35000000000000003 1.0000000180025095e-35 0.15000000000000005 0.25000000000000006 0.75000000000000011 0.45000000000000007
decision_type=2 2 2 2 2 2
left_child=1 -1 -3 -4 5 -2
right_child=4 2 3 -5 -6 -7
leaf_value=0.0015786849166796889 -0.0066626872908322589 -0.0036808375048751085 0.00045464121397704798 0.001114055175548128 -0.0055594032079532658 -0.011628142303518996
leaf_weight=16.839241832494736 0.84133209282299459 3.7940718561876556 5.2655843663960678 6.8981450628489256 2.9844569703564048 0.042997391006792895
leaf_count=26 36 34 24 22 54 14
internal_value=0 0.00692055 -0.00243548 0.008286 -0.0586678 -0.0690411
internal_weight=0 32.797 15.9578 12.1637 3.86879 0.884329
internal_count=210 106 80 46 104 50
shrinkage=0.1


Tree=83
num_leaves=7
num_cat=0
split_feature=0 0 0 0 0 0
split_gain=0.0145348 0.00266066 0.00572847 0.000126545 0.000116335 9.7386e-05
threshold=0.35000000000000003 1.0000000180025095e-35 0.15000000000000005 0.25000000000000006 0.75000000000000011 0.45000000000000007
decision_type=2 2 2 2 2 2
left_child=1 -1 -3 -4 5 -2
right_child=4 2 3 -5 -6 -7
leaf_value=0.0015605732022071386 -0.0065689128739061997 -0.0036342962579572246 0.00044758289250724533 0.0010986520417057793 -0.0054998793382896429 -0.011451978171819928
leaf_weight=16.838165163993835 0.8410243839025493 3.7934396457858375 5.2647327976301295 6.8951272200793028 2.9830154333030805 0.042927092319587246
leaf_count=26 36 34 24 22 54 14
internal_value=0 0.00683789 -0.00241626 0.00816765 -0.0579846 -0.0680605
internal_weight=0 32.7915 15.9533 12.1599 3.86697 0.883951
internal_count=210 106 80 46 104 50
shrinkage=0.1


Tree=84
num_leaves=7
num_cat=0
split_feature=0 0 0 0 0 0
split_gain=0.0141945 0.00260203 0.00558251 0.000123455 0.000109755 9.40676e-05
threshold=0.35000000000000003 1.0000000180025095e-35 0.15000000000000005 0.25000000000000006 0.75000000000000011 0.45000000000000007
decision_type=2 2 2 2 2 2
left_child=1 -1 -3 -4 5 -2
right_child=4 2 3 -5 -6 -7
leaf_value=0.0015427548511464902 -0.0064775028762198029 -0.0035890129129055818 0.00044075836384518686 0.0010839191727632699 -0.0054415075253341312 -0.01128032208008815
leaf_weight=16.837104491889477 0.84072572475997664 3.792824078584089 5.2638930669054371 6.8921600570902228 2.9816019060090184 0.0428589460789226
leaf_count=26 36 34 24 22 54 14
internal_value=0 0.00675706 -0.00239631 0.00805414 -0.0573159 -0.0671047
internal_weight=0 32.786 15.9489 12.1561 3.86519 0.883585
internal_count=210 106 80 46 104 50
shrinkage=0.1


Tree=85
num_leaves=7
num_cat=0
split_feature=0 0 0 0 0 0
split_gain=0.0138642 0.00254622 0.00544104 0.000120149 0.00010351 9.09207e-05
threshold=0.35000000000000003 1.0000000180025095e-35 0.15000000000000005 0.25000000000000006 0.75000000000000011 0.45000000000000007
decision_type=2 2 2 2 2 2
left_child=1 -1 -3 -4 5 -2
right_child=4 2 3 -5 -6 -7
leaf_value=0.0015254492616358149 -0.0063877455188617307 -0.0035447439381438451 0.00043432047399199168 0.0010688975514862465 -0.005384099661339261 -0.01111304918913548
leaf_weight=16.836054280400276 0.84043492813361742 3.7922222188208243 5.2630690252408368 6.8892401931807399 2.9802130290772766 0.042792938562342897
leaf_count=26 36 34 24 22 54 14
internal_value=0 0.00667768 -0.00237869 0.00794067 -0.0566588 -0.0661669
internal_weight=0 32.7806 15.9445 12.1523 3.86344 0.883228
internal_count=210 106 80 46 104 50
shrinkage=0.1


Tree=86
num_leaves=7
num_cat=0
split_feature=0 0 0 0 0 0
split_gain=0.0135452 0.00249109 0.00530474 0.000117238 9.76445e-05 8.79142e-05
threshold=0.35000000000000003 1.0000000180025095e-35 0.15000000000000005 0.25000000000000006 0.75000000000000011 0.45000000000000007
decision_type=2 2 2 2 2 2
left_child=1 -1 -3 -4 5 -2
right_child=4 2 3 -5 -6 -7
leaf_value=0.001508335613594129 -0.0063002421042210564 -0.003501321554239325 0.00042783751102513424 0.0010547638944480261 -0.0053278824237243403 -0.010950110946501754
leaf_weight=16.835024908185005 0.84015321469632853 3.7916321821976444 5.2622601585462672 6.8863624343648553 2.978852303349413 0.0427289081926574
leaf_count=26 36 34 24 22 54 14
internal_value=0 0.0066001 -0.00235934 0.00783206 -0.0560164 -0.0652528
internal_weight=0 32.7753 15.9403 12.1486 3.86173 0.882882
internal_count=210 106 80 46 104 50
shrinkage=0.1


Tree=87
num_leaves=7
num_cat=0
split_feature=0 0 0 0 0 0
split_gain=0.0132369 0.00243748 0.00517236 0.000114491 9.21166e-05 8.50467e-05
threshold=0.35000000000000003 1.0000000180025095e-35 0.15000000000000005 0.25000000000000006 0.75000000000000011 0.45000000000000007
decision_type=2 2 2 2 2 2
left_child=1 -1 -3 -4 5 -2
right_child=4 2 3 -5 -6 -7
leaf_value=0.0014915586546145527 -0.0062148226585571299 -0.0034585577994918903 0.00042138006885327416 0.0010409989411511095 -0.0052728375161929545 -0.01079143036808106
leaf_weight=16.834009267389774 0.83988096046959915 3.7910535263363263 5.26146452128887 6.8835316747426987 2.9775181743316352 0.042666873989219312
leaf_count=26 36 34 24 22 54 14
internal_value=0 0.0065243 -0.00233982 0.00772567 -0.055388 -0.0643608
internal_weight=0 32.7701 15.936 12.145 3.86007 0.882548
internal_count=210 106 80 46 104 50
shrinkage=0.1


Tree=88
num_leaves=7
num_cat=0
split_feature=0 0 0 0 0 0
split_gain=0.0129375 0.00238598 0.00504448 0.000111528 8.6905e-05 8.23159e-05
threshold=0.35000000000000003 1.0000000180025095e-35 0.15000000000000005 0.25000000000000006 0.75000000000000011 0.45000000000000007
decision_type=2 2 2 2 2 2
left_child=1 -1 -3 -4 5 -2
right_child=4 2 3 -5 -6 -7
leaf_value=0.0014751819666863543 -0.0061311196107435573 -0.0034168215669722365 0.00041543818834293388 0.0010270676015825748 -0.0052186417066166944 -0.010636709191968288
leaf_weight=16.833004228770733 0.83961549605010011 3.7904862987343213 5.2606827886775118 6.8807400884106755 2.9762069168500602 0.042606714108842425
leaf_count=26 36 34 24 22 54 14
internal_value=0 0.00644983 -0.00232172 0.00762058 -0.0547703 -0.0634872
internal_weight=0 32.7649 15.9319 12.1414 3.85843 0.882222
internal_count=210 106 80 46 104 50
shrinkage=0.1


Tree=89
num_leaves=7
num_cat=0
split_feature=0 0 0 0 0 0
split_gain=0.0126478 0.0023359 0.00492056 0.000108738 8.19507e-05 7.97022e-05
threshold=0.35000000000000003 1.0000000180025095e-35 0.15000000000000005 0.25000000000000006 0.75000000000000011 0.45000000000000007
decision_type=2 2 2 2 2 2
left_child=1 -1 -3 -4 5 -2
right_child=4 2 3 -5 -6 -7
leaf_value=0.0014591181865248421 -0.0060491490443734522 -0.0033758245723504604 0.00040951741105670634 0.0010135255320411407 -0.0051655914677744552 -0.010485562716772916
leaf_weight=16.832012340426445 0.83935772738186576 3.7899295159149906 5.2599141923710686 6.8779950616881251 2.9749221224337816 0.042548232624540105
leaf_count=26 36 34 24 22 54 14
internal_value=0 0.00637695 -0.00230357 0.00751781 -0.0541657 -0.0626319
internal_weight=0 32.7599 15.9278 12.1379 3.85683 0.881906
internal_count=210 106 80 46 104 50
shrinkage=0.1


Tree=90
num_leaves=7
num_cat=0
split_feature=0 0 0 0 0 0
split_gain=0.0123674 0.00228647 0.0048015 0.000106085 7.72849e-05 7.72089e-05
threshold=0.35000000000000003 1.0000000180025095e-35 0.15000000000000005 0.25000000000000006 0.75000000000000011 0.45000000000000007
decision_type=2 2 2 2 2 2
left_child=1 -1 -3 -4 5 -2
right_child=4 2 3 -5 -6 -7
leaf_value=0.0014432297160063008 -0.0059690548814589628 -0.0033357516963860483 0.0004039012212210775 0.0010005714600351734 -0.0051135585869557269 -0.010338331258237139
leaf_weight=16.831039525568485 0.83910684590227835 3.789388492004945 5.2591573596000654 6.8752872943878174 2.9736607180675492 0.042491491862165283
leaf_count=26 36 34 24 22 54 14
internal_value=0 0.00630562 -0.00228404 0.0074197 -0.0535735 -0.0617965
internal_weight=0 32.7549 15.9238 12.1344 3.85526 0.881598
internal_count=210 106 80 46 104 50
shrinkage=0.1


Tree=91
num_leaves=7
num_cat=0
split_feature=0 0 0 0 0 0
split_gain=0.012095 0.00223876 0.00468544 0.000103586 7.29128e-05 7.48189e-05
threshold=0.35000000000000003 1.0000000180025095e-35 0.15000000000000005 0.25000000000000006 0.75000000000000011 0.45000000000000007
decision_type=2 2 2 2 2 2
left_child=1 -1 -3 -4 5 -2
right_child=4 2 3 -5 -6 -7
leaf_value=0.001427682302694174 -0.0058907348006085212 -0.0032962806110836797 0.00039814273797878874 0.00098781439872910166 -0.0050622931230065327 -0.010194541343559281
leaf_weight=16.830074481666088 0.8388638545875432 3.7888522106222799 5.2584143783897144 6.8726238934323192 2.9724204054800794 0.042436369534698322
leaf_count=26 36 34 24 22 54 14
internal_value=0 0.00623554 -0.0022655 0.00732211 -0.0529914 -0.0609797
internal_weight=0 32.75 15.9199 12.131 3.85372 0.8813
internal_count=210 106 80 46 104 50
shrinkage=0.1


Tree=92
num_leaves=7
num_cat=0
split_feature=0 0 0 0 0 0
split_gain=0.0118311 0.00219276 0.00457311 0.000100981 6.87388e-05 7.25454e-05
threshold=0.35000000000000003 1.0000000180025095e-35 0.15000000000000005 0.25000000000000006 0.75000000000000011 0.45000000000000007
decision_type=2 2 2 2 2 2
left_child=1 -1 -3 -4 5 -2
right_child=4 2 3 -5 -6 -7
leaf_value=0.0014124987419130797 -0.0058138551808344756 -0.0032576419039813892 0.00039275985621616233 0.00097504115126044271 -0.0050120811120012579 -0.010054341927330963
leaf_weight=16.829124286770821 0.8386271297349589 3.7883285263087592 5.2576843313872796 6.869997775182128 2.9712041149614379 0.042382879320939537
leaf_count=26 36 34 24 22 54 14
internal_value=0 0.00616691 -0.00224772 0.00722606 -0.052421 -0.0601785
internal_weight=0 32.7451 15.916 12.1277 3.85221 0.88101
internal_count=210 106 80 46 104 50
shrinkage=0.1


Tree=93
num_leaves=7
num_cat=0
split_feature=0 0 0 0 0 0
split_gain=0.0115751 0.00214748 0.00446457 9.85429e-05 6.48483e-05 7.0349e-05
threshold=0.35000000000000003 1.0000000180025095e-35 0.15000000000000005 0.25000000000000006 0.75000000000000011 0.45000000000000007
decision_type=2 2 2 2 2 2
left_child=1 -1 -3 -4 5 -2
right_child=4 2 3 -5 -6 -7
leaf_value=0.0013974995569182769 -0.0057389180585759444 -0.0032197198620405052 0.00038749543111230386 0.00096277406117670119 -0.0049626795452570385 -0.0099171916094986292
leaf_weight=16.828186027705669 0.83839804871240575 3.7878145733848205 5.2569651156663877 6.8674094500020146 2.970007743453607 0.042330776661401615
leaf_count=26 36 34 24 22 54 14
internal_value=0 0.00609965 -0.00222904 0.00713341 -0.0518615 -0.0593974
internal_weight=0 32.7404 15.9122 12.1244 3.85074 0.880729
internal_count=210 106 80 46 104 50
shrinkage=0.1


Tree=94
num_leaves=7
num_cat=0
split_feature=0 0 0 0 0 0
split_gain=0.011327 0.00210324 0.00436037 9.63691e-05 6.11093e-05 6.8268e-05
threshold=0.35000000000000003 1.0000000180025095e-35 0.15000000000000005 0.25000000000000006 0.75000000000000011 0.45000000000000007
decision_type=2 2 2 2 2 2
left_child=1 -1 -3 -4 5 -2
right_child=4 2 3 -5 -6 -7
leaf_value=0.0013827367293401042 -0.0056651612617148531 -0.003182793952255185 0.00038218373437493551 0.00095114959020514743 -0.0049142981344754899 -0.0097835409559175711
leaf_weight=16.827268004417419 0.83817269949940909 3.7873158482834688 5.2562555270269495 6.8648607218638062 2.9688340380089357 0.042280188848963007
leaf_count=26 36 34 24 22 54 14
internal_value=0 0.00603372 -0.00221007 0.00704421 -0.0513128 -0.0586293
internal_weight=0 32.7357 15.9084 12.1211 3.84929 0.880453
internal_count=210 106 80 46 104 50
shrinkage=0.1


Tree=95
num_leaves=7
num_cat=0
split_feature=0 0 0 0 0 0
split_gain=0.0110861 0.00206044 0.00425811 9.40697e-05 5.75995e-05 6.62683e-05
threshold=0.35000000000000003 1.0000000180025095e-35 0.15000000000000005 0.25000000000000006 0.75000000000000011 0.45000000000000007
decision_type=2 2 2 2 2 2
left_child=1 -1 -3 -4 5 -2
right_child=4 2 3 -5 -6 -7
leaf_value=0.0013682832769698076 -0.0055930741144525438 -0.003146169682680282 0.00037713070480979721 0.00093933323665421628 -0.0048667304331873511 -0.0096529618647385462
leaf_weight=16.826355539262295 0.8379549757810304 3.7868197248317292 5.2555599436163885 6.8623469267040491 2.9676806613570079 0.042231018320308074
leaf_count=26 36 34 24 22 54 14
internal_value=0 0.00596904 -0.00219175 0.00695505 -0.0507744 -0.0578787
internal_weight=0 32.7311 15.9047 12.1179 3.84787 0.880186
internal_count=210 106 80 46 104 50
shrinkage=0.1


Tree=96
num_leaves=7
num_cat=0
split_feature=0 0 0 0 0 0
split_gain=0.0108518 0.00201872 0.00415918 9.18083e-05 5.42995e-05 6.43569e-05
threshold=0.35000000000000003 1.0000000180025095e-35 0.15000000000000005 0.25000000000000006 0.75000000000000011 0.45000000000000007
decision_type=2 2 2 2 2 2
left_child=1 -1 -3 -4 5 -2
right_child=4 2 3 -5 -6 -7
leaf_value=0.0013540616698818361 -0.0055224303576693681 -0.0031102861879899056 0.00037227055606453861 0.00092773859259703741 -0.0048198360915973791 -0.0095255209009373586
leaf_weight=16.825456224381924 0.83774298313073758 3.7863341330084941 5.2548743765801174 6.8598690377548337 2.9665458034723997 0.042183237470453605
leaf_count=26 36 34 24 22 54 14
internal_value=0 0.00590546 -0.00217355 0.006868 -0.0502446 -0.0571434
internal_weight=0 32.7265 15.9011 12.1147 3.84647 0.879926
internal_count=210 106 80 46 104 50
shrinkage=0.1


Tree=97
num_leaves=7
num_cat=0
split_feature=0 0 0 0 0 0
split_gain=0.0106252 0.00197844 0.00406392 8.98826e-05 5.11506e-05 6.25053e-05
threshold=0.35000000000000003 1.0000000180025095e-35 0.15000000000000005 0.25000000000000006 0.75000000000000011 0.45000000000000007
decision_type=2 2 2 2 2 2
left_child=1 -1 -3 -4 5 -2
right_child=4 2 3 -5 -6 -7
leaf_value=0.0013401764564419949 -0.0054532546278475563 -0.0030753397593111082 0.00036708923554352492 0.00091676297432688653 -0.0047740160788623089 -0.0094004416748615857
leaf_weight=16.824570186436176 0.83753724722191636 3.7858582008630028 5.2542006773874146 6.8574331793934107 2.9654331598430872 0.042136521456995979
leaf_count=26 36 34 24 22 54 14
internal_value=0 0.0058433 -0.00215594 0.00678307 -0.0497267 -0.0564233
internal_weight=0 32.7221 15.8975 12.1116 3.84511 0.879674
internal_count=210 106 80 46 104 50
shrinkage=0.1


Tree=98
num_leaves=7
num_cat=0
split_feature=0 0 0 0 0 0
split_gain=0.0104042 0.00193924 0.00397067 8.75586e-05 4.82038e-05 6.07452e-05
threshold=0.35000000000000003 1.0000000180025095e-35 0.15000000000000005 0.25000000000000006 0.75000000000000011 0.45000000000000007
decision_type=2 2 2 2 2 2
left_child=1 -1 -3 -4 5 -2
right_child=4 2 3 -5 -6 -7
leaf_value=0.0013265110280075243 -0.0053854185334905828 -0.003040753907728564 0.00036269323912201373 0.00090527498328042732 -0.004728703506335496 -0.0092786471966734181
leaf_weight=16.823689006268978 0.83733696315903172 3.7853885195218018 5.2535360632464272 6.8550268523395061 2.9643360048066825 0.0420912940899143
leaf_count=26 36 34 24 22 54 14
internal_value=0 0.00578204 -0.00213876 0.00669865 -0.0492159 -0.0557176
internal_weight=0 32.7176 15.894 12.1086 3.84376 0.879428
internal_count=210 106 80 46 104 50
shrinkage=0.1


Tree=99
num_leaves=7
num_cat=0
split_feature=0 0 0 0 0 0
split_gain=0.01019 0.00190062 0.00388032 8.56575e-05 4.53934e-05 5.90617e-05
threshold=0.35000000000000003 1.0000000180025095e-35 0.15000000000000005 0.25000000000000006 0.75000000000000011 0.45000000000000007
decision_type=2 2 2 2 2 2
left_child=1 -1 -3 -4 5 -2
right_child=4 2 3 -5 -6 -7
leaf_value=0.0013130105443260574 -0.0053188656244034741 -0.0030067245979043308 0.00035789004214115128 0.0008946084512138384 -0.0046843257082986207 -0.0091597011676505576
leaf_weight=16.82282505184412 0.8371411717962467 3.784927124856039 5.2528840173035842 6.852653406560421 2.9632591869449243 0.042047259768878575
leaf_count=26 36 34 24 22 54 14
internal_value=0 0.00572205 -0.00212067 0.00661713 -0.0487154 -0.0550255
internal_weight=0 32.7133 15.8905 12.1055 3.84245 0.879188
internal_count=210 106 80 46 104 50
shrinkage=0.1


end of trees

feature importances:
geographical=600

parameters:
[boosting: gbdt]
[objective: lambdarank]
[metric: ndcg]
[tree_learner: serial]
[device_type: cpu]
[data: ]
[valid: ]
[num_iterations: 100]
[learning_rate: 0.1]
[num_leaves: 16]
[num_threads: -1]
[max_depth: -1]
[min_data_in_leaf: 5]
[min_sum_hessian_in_leaf: 0.001]
[bagging_fraction: 1]
[pos_bagging_fraction: 1]
[neg_bagging_fraction: 1]
[bagging_freq: 0]
[bagging_seed: 3]
[feature_fraction: 1]
[feature_fraction_bynode: 1]
[feature_fraction_seed: 2]
[early_stopping_round: 0]
[first_metric_only: 0]
[max_delta_step: 0]
[lambda_l1: 0]
[lambda_l2: 0]
[min_gain_to_split: 0]
[drop_rate: 0.1]
[max_drop: 50]
[skip_drop: 0.5]
[xgboost_dart_mode: 0]
[uniform_drop: 0]
[drop_seed: 4]
[top_rate: 0.2]
[other_rate: 0.1]
[min_data_per_group: 100]
[max_cat_threshold: 32]
[cat_l2: 10]
[cat_smooth: 10]
[max_cat_to_onehot: 4]
[top_k: 20]
[monotone_constraints: ]
[feature_contri: ]
[forcedsplits_filename: ]
[forcedbins_filename: ]
[refit_decay_rate: 0.9]
[cegb_tradeoff: 1]
[cegb_penalty_split: 0]
[cegb_penalty_feature_lazy: ]
[cegb_penalty_feature_coupled: ]
[verbosity: -1]
[max_bin: 255]
[max_bin_by_feature: ]
[min_data_in_bin: 3]
[bin_construct_sample_cnt: 200000]
[histogram_pool_size: -1]
[data_random_seed: 1]
[output_model: LightGBM_model.txt]
[snapshot_freq: -1]
[input_model: ]
[output_result: LightGBM_predict_result.txt]
[initscore_filename: ]
[valid_data_initscores: ]
[pre_partition: 0]
[enable_bundle: 1]
[max_conflict_rate: 0]
[is_enable_sparse: 1]
[sparse_threshold: 0.8]
[use_missing: 1]
[zero_as_missing: 0]
[two_round: 0]
[save_binary: 0]
[header: 0]
[label_column: ]
[weight_column: ]
[group_column: ]
[ignore_column: ]
[categorical_feature: ]
[predict_raw_score: 0]
[predict_leaf_index: 0]
[predict_contrib: 0]
[num_iteration_predict: -1]
[pred_early_stop: 0]
[pred_early_stop_freq: 10]
[pred_early_stop_margin: 10]
[convert_model_language: ]
[convert_model: gbdt_prediction.cpp]
[num_class: 1]
[is_unbalance: 0]
[scale_pos_weight: 1]
[sigmoid: 1]
[boost_from_average: 1]
[reg_sqrt: 0]
[alpha: 0.9]
[fair_c: 1]
[poisson_max_delta_step: 0.7]
[tweedie_variance_power: 1.5]
[max_position: 20]
[lambdamart_norm: 1]
[label_gain: ]
[metric_freq: 1]
[is_provide_training_metric: 0]
[eval_at: 1]
[multi_error_top_k: 1]
[num_machines: 1]
[local_listen_port: 12400]
[time_out: 120]
[machine_list_filename: ]
[machines: ]
[gpu_platform_id: -1]
[gpu_device_id: -1]
[gpu_use_dp: 0]

end of parameters

pandas_categorical:null
