tree
version=v3
num_class=1
num_tree_per_iteration=1
label_index=0
max_feature_idx=0
objective=lambdarank
feature_names=geographical
feature_infos=[0:1]
tree_sizes=843 847 845 849 849 851 850 852 852 851 854 856 858 860 857 858 859 859 860 862 863 862 859 862 863 860 864 865 864 864 865 865 866 868 867 866 867 866 864 868 871 871 868 867 870 871 872 871 873 872 866 873 874 873 871 874 871 872 869 871 872 873 871 873 871 874 875 872 876 872 873 875 878 875 877 873 875 874 874 877 877 875 877 876 877 874 875 878 879 877 876 880 878 879 880 877 877 878 876 877

Tree=0
num_leaves=7
num_cat=0
split_feature=0 0 0 0 0 0
split_gain=11.597 0.839335 0.591776 0.291521 0.00843881 1.12444e-07
threshold=0.35000000000000003 0.75000000000000011 0.25000000000000006 1.0000000180025095e-35 0.45000000000000007 0.15000000000000005
decision_type=2 2 2 2 2 2
left_child=2 4 3 -1 -2 -5
right_child=1 -3 -4 5 -6 -7
leaf_value=0.13156674361851325 -0.15075712339461034 -0.069399589724858032 0.022859921473832548 0.086373017021030521 -0.16869332397411077 0.08641179269834405
leaf_weight=2.7295883148908615 1.0526431258767841 6.0835559656843543 0.95406266767531611 1.5616231951862574 0.34937582723796362 1.4351298836991191
leaf_count=26 32 78 20 20 14 20
internal_value=0 -0.854747 0.957767 1.07925 -1.55227 0.863916
internal_weight=0 7.48557 6.6804 5.72634 1.40202 2.99675
internal_count=210 124 86 66 46 40
shrinkage=0.1


Tree=1
num_leaves=7
num_cat=0
split_feature=0 0 0 0 0 0
split_gain=4.85684 0.958843 1.66563 0.0745819 0.020633 0.0135564
threshold=0.15000000000000005 0.35000000000000003 0.75000000000000011 1.0000000180025095e-35 0.45000000000000007 0.25000000000000006
decision_type=2 2 2 2 2 2
left_child=3 5 4 -1 -3 -2
right_child=1 2 -4 -5 -6 -7
leaf_value=0.03462704838582243 -0.020781540691408987 -0.13310926339698731 -0.035774938184509483 0.021411710078836035 -0.15449445452971933 -0.012812534348649826
leaf_weight=16.856603339314464 8.2439922131598014 1.4949365723878139 5.5655140802264214 5.7194567620754233 0.64618161693215359 2.8805875312536946
leaf_count=26 20 32 78 20 14 20
internal_value=0 -0.374993 -0.646102 0.312791 -1.39563 -0.187181
internal_weight=0 18.8312 7.70663 22.5761 2.14112 11.1246
internal_count=210 164 124 46 46 40
shrinkage=0.1


Tree=2
num_leaves=7
num_cat=0
split_feature=0 0 0 0 0 0
split_gain=4.60016 0.32162 0.304814 0.747003 0.0150542 0.0091511
threshold=0.25000000000000006 0.15000000000000005 0.75000000000000011 0.35000000000000003 0.45000000000000007 1.0000000180025095e-35
decision_type=2 2 2 2 2 2
left_child=1 5 3 -2 -5 -1
right_child=2 -3 -4 4 -6 -7
leaf_value=0.027540366340747885 -0.044065032410312038 0.0012765864890397741 -0.039140280154428733 -0.11723757104590422 -0.13806435316625107 0.022858729528858958
leaf_weight=17.086724862456329 3.3618087954819185 6.5801752880215636 5.6617009388282895 1.4745282251387832 0.45390637312084425 5.5253437198698512
leaf_count=26 20 20 78 32 14 20
internal_value=0 0.207342 -0.552666 -0.725253 -1.2214 0.263964
internal_weight=0 29.1922 10.9519 5.29024 1.92843 22.6121
internal_count=210 66 144 66 46 46
shrinkage=0.1


Tree=3
num_leaves=7
num_cat=0
split_feature=0 0 0 0 0 0
split_gain=2.94319 0.258096 0.115042 0.640111 0.0383615 0.0206187
threshold=0.25000000000000006 1.0000000180025095e-35 0.75000000000000011 0.35000000000000003 0.15000000000000005 0.45000000000000007
decision_type=2 2 2 2 2 2
left_child=1 -1 3 -2 -3 -5
right_child=2 4 -4 5 -6 -7
leaf_value=0.024321973155320406 -0.029941628982358432 0.011407075982397007 -0.035496836008663574 -0.099715232959287844 -7.5709698964789859e-05 -0.12643358189767717
leaf_weight=17.107083603739742 3.1988078346475941 5.2785509005188924 5.5494703752920032 1.3716607261449096 6.4821514450013638 0.36587181221693743
leaf_count=26 20 20 78 32 20 14
internal_value=0 0.16482 -0.453756 -0.564814 0.050781 -1.05341
internal_weight=0 28.8678 10.4858 4.93634 11.7607 1.73753
internal_count=210 66 144 66 40 46
shrinkage=0.1


Tree=4
num_leaves=7
num_cat=0
split_feature=0 0 0 0 0 0
split_gain=2.20859 0.198636 0.0978985 0.460272 0.0410432 0.0208381
threshold=0.25000000000000006 1.0000000180025095e-35 0.35000000000000003 0.75000000000000011 0.15000000000000005 0.45000000000000007
decision_type=2 2 2 2 2 2
left_child=1 -1 -2 5 -3 -4
right_child=2 4 3 -5 -6 -7
leaf_value=0.021091047625920966 -0.025272293522190466 0.010828819541856737 -0.087906862322888399 -0.032596920494434425 -0.0011949965031938731 -0.116715553771395
leaf_weight=17.092626892030243 3.1554616168141347 5.0738778561353666 1.2958764689974485 5.4524871725589037 6.4451201856136322 0.31141637125983823
leaf_count=26 20 20 32 78 20 14
internal_value=0 0.14251 -0.399152 -0.464601 0.0410124 -0.934886
internal_weight=0 28.6116 10.2152 7.05978 11.519 1.60729
internal_count=210 66 144 124 40 46
shrinkage=0.1


Tree=5
num_leaves=7
num_cat=0
split_feature=0 0 0 0 0 0
split_gain=1.74508 0.169461 0.0840187 0.342495 0.033249 0.0197711
threshold=0.25000000000000006 0.15000000000000005 0.35000000000000003 0.75000000000000011 1.0000000180025095e-35 0.45000000000000007
decision_type=2 2 2 2 2 2
left_child=1 4 -2 5 -1 -4
right_child=2 -3 3 -5 -6 -7
leaf_value=0.018911688406622298 -0.022304485336843868 -0.0016501819818554705 -0.078638602162783719 -0.030189935674544893 0.0095866691110629218 -0.10834927366907365
leaf_weight=17.079655222594745 3.138730585575102 6.4118827711790791 1.2449651337228713 5.3710690466687083 4.9265835732221595 0.27311282092705358
leaf_count=26 20 20 32 78 20 14
internal_value=0 0.126558 -0.358654 -0.420438 0.168241 -0.839838
internal_weight=0 28.4181 10.0279 6.88915 22.0062 1.51808
internal_count=210 66 144 124 46 46
shrinkage=0.1


Tree=6
num_leaves=7
num_cat=0
split_feature=0 0 0 0 0 0
split_gain=1.42861 0.147119 0.0715529 0.263259 0.0280232 0.018123
threshold=0.25000000000000006 0.15000000000000005 0.35000000000000003 0.75000000000000011 1.0000000180025095e-35 0.45000000000000007
decision_type=2 2 2 2 2 2
left_child=1 4 -2 5 -1 -4
right_child=2 -3 3 -5 -6 -7
leaf_value=0.017243285585631939 -0.020223338959573012 -0.001909193955022149 -0.071206211960565008 -0.028180630589504093 0.0086016978477219848 -0.10105417306374641
leaf_weight=17.066463530063636 3.1307024145498854 6.3855009134858838 1.2077281312085686 5.3027836405672133 4.8102780897170296 0.24462622590363012
leaf_count=26 20 20 32 78 20 14
internal_value=0 0.114452 -0.327203 -0.38512 0.153432 -0.762336
internal_weight=0 28.2622 9.88584 6.75514 21.8767 1.45235
internal_count=210 66 144 124 46 46
shrinkage=0.1


Tree=7
num_leaves=7
num_cat=0
split_feature=0 0 0 0 0 0
split_gain=1.19924 0.129639 0.0611748 0.20744 0.0242399 0.0163118
threshold=0.25000000000000006 0.15000000000000005 0.35000000000000003 0.75000000000000011 1.0000000180025095e-35 0.45000000000000007
decision_type=2 2 2 2 2 2
left_child=1 4 -2 5 -1 -4
right_child=2 -3 3 -5 -6 -7
leaf_value=0.015908591385535461 -0.018643069920711738 -0.0020713030288561324 -0.065093099585354572 -0.026472068058977651 0.0078075868117415933 -0.094612756428329461
leaf_weight=17.053628332912929 3.1265053423121554 6.3640071619302025 1.1790997697971759 5.2446614857763052 4.7147986292839041 0.22251441446132947
leaf_count=26 20 20 32 78 20 14
internal_value=0 0.104836 -0.301786 -0.356051 0.14154 -0.697795
internal_weight=0 28.1324 9.77278 6.64628 21.7684 1.40161
internal_count=210 66 144 124 46 46
shrinkage=0.1


Tree=8
num_leaves=7
num_cat=0
split_feature=0 0 0 0 0 0
split_gain=1.02593 0.115633 0.0526935 0.166709 0.021361 0.0145337
threshold=0.25000000000000006 0.15000000000000005 0.35000000000000003 0.75000000000000011 1.0000000180025095e-35 0.45000000000000007
decision_type=2 2 2 2 2 2
left_child=1 4 -2 5 -1 -4
right_child=2 -3 3 -5 -6 -7
leaf_value=0.01480830368399632 -0.017379265523641722 -0.0021766997041429959 -0.059964154270711327 -0.024997283000625297 0.0071513991156980919 -0.088865471186204442
leaf_weight=17.041395902633674 3.1242509973235411 6.3460262808948746 1.1562880841083822 5.1944875614717603 4.6342705078423014 0.20481650228612117
leaf_count=26 20 20 32 78 20 14
internal_value=0 0.0969543 -0.280668 -0.331602 0.131713 -0.643132
internal_weight=0 28.0217 9.67984 6.55559 21.6757 1.3611
internal_count=210 66 144 124 46 46
shrinkage=0.1


Tree=9
num_leaves=7
num_cat=0
split_feature=0 0 0 0 0 0
split_gain=0.890814 0.104177 0.0457527 0.136166 0.0190876 0.0128746
threshold=0.25000000000000006 0.15000000000000005 0.35000000000000003 0.75000000000000011 1.0000000180025095e-35 0.45000000000000007
decision_type=2 2 2 2 2 2
left_child=1 4 -2 5 -1 -4
right_child=2 -3 3 -5 -6 -7
leaf_value=0.013880539664887391 -0.016333126970089647 -0.0022464447333407364 -0.05559256192641935 -0.023706830733089858 0.006598951829029912 -0.083692724085940293
leaf_weight=17.029862299561508 3.123060259036718 6.3306605862453571 1.1376240502577273 5.1506087500602007 4.5649820808321229 0.19032617611810557
leaf_count=26 20 20 32 78 20 14
internal_value=0 0.0903426 -0.262754 -0.310682 0.123413 -0.5962
internal_weight=0 27.9255 9.60162 6.47856 21.5948 1.32795
internal_count=210 66 144 124 46 46
shrinkage=0.1


Tree=10
num_leaves=7
num_cat=0
split_feature=0 0 0 0 0 0
split_gain=0.782856 0.0946401 0.0400414 0.112732 0.017249 0.0113713
threshold=0.25000000000000006 0.15000000000000005 0.35000000000000003 0.75000000000000011 1.0000000180025095e-35 0.45000000000000007
decision_type=2 2 2 2 2 2
left_child=1 4 -2 5 -1 -4
right_child=2 -3 3 -5 -6 -7
leaf_value=0.013084604049605129 -0.015444251774802159 -0.0022923310455159377 -0.051815708696862819 -0.022565638130907752 0.0061255442851181263 -0.079005241921698652
leaf_weight=17.019033569842584 3.122494292445479 6.3173019839450708 1.1220320286229251 5.1118198591284454 4.5044195316731921 0.17825450771488238
leaf_count=26 20 20 32 78 20 14
internal_value=0 0.0846953 -0.247308 -0.29253 0.116282 -0.555431
internal_weight=0 27.8408 9.5346 6.41211 21.5235 1.30029
internal_count=210 66 144 124 46 46
shrinkage=0.1


Tree=11
num_leaves=7
num_cat=0
split_feature=0 0 0 0 0 0
split_gain=0.694864 0.0865917 0.0353074 0.0944281 0.0157276 0.0100277
threshold=0.25000000000000006 0.15000000000000005 0.35000000000000003 0.75000000000000011 1.0000000180025095e-35 0.45000000000000007
decision_type=2 2 2 2 2 2
left_child=1 4 -2 5 -1 -4
right_child=2 -3 3 -5 -6 -7
leaf_value=0.012392063727093368 -0.014673502409984163 -0.0023223511653307281 -0.048518787982845056 -0.021546541137865614 0.0057150078549418051 -0.074731873354765874
leaf_weight=17.008889120072133 3.1222974238917214 6.3055315632373086 1.1088036464061586 5.0771942269057035 4.4508253373205653 0.1680566701106726
leaf_count=26 20 20 32 78 20 14
internal_value=0 0.0798005 -0.233812 -0.2766 0.110072 -0.519689
internal_weight=0 27.7652 9.47635 6.35405 21.4597 1.27686
internal_count=210 66 144 124 46 46
shrinkage=0.1


Tree=12
num_leaves=7
num_cat=0
split_feature=0 0 0 0 0 0
split_gain=0.622009 0.0797013 0.0313419 0.0798982 0.014445 0.00883897
threshold=0.25000000000000006 0.15000000000000005 0.35000000000000003 0.75000000000000011 1.0000000180025095e-35 0.45000000000000007
decision_type=2 2 2 2 2 2
left_child=1 4 -2 5 -1 -4
right_child=2 -3 3 -5 -6 -7
leaf_value=0.01178242111375952 -0.013996797580412522 -0.0023401002693487069 -0.045613470663149726 -0.020629657214434056 0.0053555048993578717 -0.070817703402619323
leaf_weight=16.999386359006174 3.1223328961059433 6.2950300239026538 1.0974308333825318 5.0460389438085258 4.4029133282601824 0.15934377466328431
leaf_count=26 20 20 32 78 20 14
internal_value=0 0.0755101 -0.221899 -0.262486 0.104603 -0.488091
internal_weight=0 27.6973 9.42515 6.30281 21.4023 1.25677
internal_count=210 66 144 124 46 46
shrinkage=0.1


Tree=13
num_leaves=7
num_cat=0
split_feature=0 0 0 0 0 0
split_gain=0.560826 0.0737453 0.0279987 0.0682041 0.0133524 0.00779494
threshold=0.25000000000000006 0.15000000000000005 0.35000000000000003 0.75000000000000011 1.0000000180025095e-35 0.45000000000000007
decision_type=2 2 2 2 2 2
left_child=1 4 -2 5 -1 -4
right_child=2 -3 3 -5 -6 -7
leaf_value=0.011240683533273311 -0.013394125651233355 -0.0023494732375103581 -0.043031965786802615 -0.019799103224545336 0.0050370059732824006 -0.06722015360474938
leaf_weight=16.990473855286844 3.1225058995187265 6.2855778839439145 1.0875436828937379 5.0178068266250193 4.3597066793590775 0.15183162549510587
leaf_count=26 20 20 32 78 20 14
internal_value=0 0.0717102 -0.211283 -0.249878 0.0997389 -0.459952
internal_weight=0 27.6358 9.37969 6.25718 21.3502 1.23938
internal_count=210 66 144 124 46 46
shrinkage=0.1


Tree=14
num_leaves=7
num_cat=0
split_feature=0 0 0 0 0 0
split_gain=0.508851 0.0685449 0.0251543 0.0586812 0.0124035 0.00688018
threshold=0.25000000000000006 0.15000000000000005 0.35000000000000003 0.75000000000000011 1.0000000180025095e-35 0.45000000000000007
decision_type=2 2 2 2 2 2
left_child=1 4 -2 5 -1 -4
right_child=2 -3 3 -5 -6 -7
leaf_value=0.0107549590348094 -0.012852782421670898 -0.0023523390463988658 -0.040722526538784054 -0.019042184465567609 0.0047539201528578427 -0.063901913898930282
leaf_weight=16.982122190296657 3.1227680430747551 6.2770000379532567 1.078874908853322 4.9920657803304493 4.3204735815525046 0.14530103153083462
leaf_count=26 20 20 32 78 20 14
internal_value=0 0.068317 -0.201751 -0.238535 0.0953786 -0.434738
internal_weight=0 27.5796 9.33901 6.21624 21.3026 1.22418
internal_count=210 66 144 124 46 46
shrinkage=0.1


Tree=15
num_leaves=7
num_cat=0
split_feature=0 0 0 0 0 0
split_gain=0.464256 0.0639675 0.0227154 0.050845 0.0115722 0.00607998
threshold=0.25000000000000006 0.15000000000000005 0.35000000000000003 0.75000000000000011 1.0000000180025095e-35 0.45000000000000007
decision_type=2 2 2 2 2 2
left_child=1 4 -2 5 -1 -4
right_child=2 -3 3 -5 -6 -7
leaf_value=0.010316484197745128 -0.012362868339918356 -0.0023502680258185638 -0.038644040359534948 -0.018348874383181016 0.0045004484764913947 -0.060832748535479014
leaf_weight=16.974276922643192 3.1230810163542611 6.2691600443795314 1.0712148142047224 4.9684693715535104 4.2846219819039097 0.13958310685120512
leaf_count=26 20 20 32 78 20 14
internal_value=0 0.0652655 -0.193138 -0.228268 0.0914429 -0.41202
internal_weight=0 27.5281 9.30235 6.17927 21.2589 1.2108
internal_count=210 66 144 124 46 46
shrinkage=0.1


Tree=16
num_leaves=7
num_cat=0
split_feature=0 0 0 0 0 0
split_gain=0.425631 0.0599093 0.0206097 0.0443393 0.0108409 0.00538161
threshold=0.25000000000000006 0.15000000000000005 0.35000000000000003 0.75000000000000011 1.0000000180025095e-35 0.45000000000000007
decision_type=2 2 2 2 2 2
left_child=1 4 -2 5 -1 -4
right_child=2 -3 3 -5 -6 -7
leaf_value=0.0099182058621796465 -0.011916011400972006 -0.0023446033331135418 -0.036763094709261895 -0.017710284831096754 0.0042713303802764131 -0.05798894971121165
leaf_weight=16.966895662248142 3.1234237500466389 6.2619561944156876 1.0644048613030461 4.9467230089940131 4.2516836617141953 0.13454783766064782
leaf_count=26 20 20 32 78 20 14
internal_value=0 0.0625023 -0.185304 -0.21892 0.0878671 -0.391451
internal_weight=0 27.4805 9.2691 6.14568 21.2186 1.19895
internal_count=210 66 144 124 46 46
shrinkage=0.1


Tree=17
num_leaves=7
num_cat=0
split_feature=0 0 0 0 0 0
split_gain=0.391931 0.0562879 0.0187832 0.0388896 0.0101868 0.00477128
threshold=0.25000000000000006 0.15000000000000005 0.35000000000000003 0.75000000000000011 1.0000000180025095e-35 0.45000000000000007
decision_type=2 2 2 2 2 2
left_child=1 4 -2 5 -1 -4
right_child=2 -3 3 -5 -6 -7
leaf_value=0.0095542910570579984 -0.011505908399059442 -0.0023360403098411499 -0.035052955150594221 -0.017120511188449143 0.0040644519353798553 -0.055347258125538493
leaf_weight=16.959942299872644 3.1237741834484023 6.2552923923358312 1.058310918160714 4.9266077927313745 4.2212805896997443 0.13008732837624837
leaf_count=26 20 20 32 78 20 14
internal_value=0 0.0599875 -0.178146 -0.210373 0.084602 -0.372745
internal_weight=0 27.4365 9.23878 6.11501 21.1812 1.1884
internal_count=210 66 144 124 46 46
shrinkage=0.1


Tree=18
num_leaves=7
num_cat=0
split_feature=0 0 0 0 0 0
split_gain=0.362309 0.0530347 0.0171876 0.0342905 0.00960734 0.00423787
threshold=0.25000000000000006 0.15000000000000005 0.35000000000000003 0.75000000000000011 1.0000000180025095e-35 0.45000000000000007
decision_type=2 2 2 2 2 2
left_child=1 4 -2 5 -1 -4
right_child=2 -3 3 -5 -6 -7
leaf_value=0.0092205082341818862 -0.011127628027067097 -0.0023251036722873827 -0.033490955048408218 -0.016573277479243396 0.0038745518598959404 -0.05288891647095454
leaf_weight=16.953369390219457 3.1241337861865741 6.2491091368719927 1.052834967151284 4.9079250034410506 4.1930890753865233 0.12611606228165315
leaf_count=26 20 20 32 78 20 14
internal_value=0 0.0576864 -0.171572 -0.202519 0.0816047 -0.35566
internal_weight=0 27.3956 9.21101 6.08688 21.1465 1.17895
internal_count=210 66 144 124 46 46
shrinkage=0.1


Tree=19
num_leaves=7
num_cat=0
split_feature=0 0 0 0 0 0
split_gain=0.336109 0.050148 0.0157839 0.0303812 0.00903792 0.00377161
threshold=0.25000000000000006 1.0000000180025095e-35 0.35000000000000003 0.75000000000000011 0.15000000000000005 0.45000000000000007
decision_type=2 2 2 2 2 2
left_child=1 -1 -2 5 -3 -4
right_child=2 4 3 -5 -6 -7
leaf_value=0.0089127594260942893 -0.010777593594467762 0.003701129222485753 -0.032058110070972028 -0.016063738940905563 -0.0023126999657732731 -0.050597710469934422
leaf_weight=16.947151824831966 3.1244866438209993 4.1668526623398048 1.0478849775390697 4.8905065117869526 6.2433450231328607 0.12256448878906656
leaf_count=26 20 20 32 78 20 14
internal_value=0 0.0555715 -0.165511 -0.195274 0.00094434 -0.339995
internal_weight=0 27.3573 9.18544 6.06096 10.4102 1.17045
internal_count=210 66 144 124 40 46
shrinkage=0.1


Tree=20
num_leaves=7
num_cat=0
split_feature=0 0 0 0 0 0
split_gain=0.312806 0.0475632 0.0145455 0.0270384 0.00849168 0.00336343
threshold=0.25000000000000006 1.0000000180025095e-35 0.35000000000000003 0.75000000000000011 0.15000000000000005 0.45000000000000007
decision_type=2 2 2 2 2 2
left_child=1 -1 -2 5 -3 -4
right_child=2 4 3 -5 -6 -7
leaf_value=0.0086280099797405186 -0.010451896793851698 0.0035415846605217518 -0.030739648070021969 -0.015588080778354094 -0.0022990130931687942 -0.048459360273425373
leaf_weight=16.941258575767282 3.1248288839124125 4.1423524692654592 1.0433979489607734 4.8742224234156311 6.2379538221284747 0.11937505356036116
leaf_count=26 20 20 32 78 20 14
internal_value=0 0.0536202 -0.159901 -0.188568 0.000317288 -0.325588
internal_weight=0 27.3216 9.16182 6.037 10.3803 1.16277
internal_count=210 66 144 124 40 46
shrinkage=0.1


Tree=21
num_leaves=7
num_cat=0
split_feature=0 0 0 0 0 0
split_gain=0.291972 0.0452018 0.0134448 0.0241654 0.00799973 0.00300544
threshold=0.25000000000000006 1.0000000180025095e-35 0.35000000000000003 0.75000000000000011 0.15000000000000005 0.45000000000000007
decision_type=2 2 2 2 2 2
left_child=1 -1 -2 5 -3 -4
right_child=2 4 3 -5 -6 -7
leaf_value=0.0083633786024328201 -0.01014838388794851 0.0033950324191275856 -0.029522700378380447 -0.015142365585683824 -0.0022842566471669326 -0.046460696062034311
leaf_weight=16.935670614242557 3.1251628873869759 4.1194060426205379 1.0393179169623179 4.8589461161755025 6.2328921351581812 0.11649960424983864
leaf_count=26 20 20 32 78 20 14
internal_value=0 0.0518131 -0.154692 -0.182338 -0.000243432 -0.3123
internal_weight=0 27.288 9.13993 6.01476 10.3523 1.15582
internal_count=210 66 144 124 40 46
shrinkage=0.1


Tree=22
num_leaves=7
num_cat=0
split_feature=0 0 0 0 0 0
split_gain=0.273264 0.0430432 0.0124644 0.0216792 0.00755266 0.0026912
threshold=0.25000000000000006 1.0000000180025095e-35 0.35000000000000003 0.75000000000000011 0.15000000000000005 0.45000000000000007
decision_type=2 2 2 2 2 2
left_child=1 -1 -2 5 -3 -4
right_child=2 4 3 -5 -6 -7
leaf_value=0.0081169583778300386 -0.0098643420182550571 0.0032591538899482807 -0.028395342705794965 -0.014724284677107942 -0.0022687285586328433 -0.04459009166977343
leaf_weight=16.930353328585628 3.1254814076237363 4.0978526715189201 1.0355889078928155 4.8445900918450207 6.2281290842220187 0.11389763740589832
leaf_count=26 20 20 32 78 20 14
internal_value=0 0.0501346 -0.149841 -0.176537 -0.000749955 -0.3
internal_weight=0 27.2563 9.11956 5.99408 10.326 1.14949
internal_count=210 66 144 124 40 46
shrinkage=0.1


Tree=23
num_leaves=7
num_cat=0
split_feature=0 0 0 0 0 0
split_gain=0.256382 0.0410596 0.011589 0.0195176 0.00714591 0.00241448
threshold=0.25000000000000006 1.0000000180025095e-35 0.35000000000000003 0.75000000000000011 0.15000000000000005 0.45000000000000007
decision_type=2 2 2 2 2 2
left_child=1 -1 -2 5 -3 -4
right_child=2 4 3 -5 -6 -7
leaf_value=0.0078866034540017865 -0.0095971730792961656 0.003133132062820454 -0.027348310153138728 -0.014331054134661989 -0.0022526707614360115 -0.042836070767170296
leaf_weight=16.925292905420068 3.1257880874909443 4.0775540098547918 1.0321734313620252 4.8310602421406657 6.2236310001462698 0.11153417680179688
leaf_count=26 20 20 32 78 20 14
internal_value=0 0.0485699 -0.145308 -0.17112 -0.0012079 -0.288587
internal_weight=0 27.2265 9.10056 5.97477 10.3012 1.14371
internal_count=210 66 144 124 40 46
shrinkage=0.1


Tree=24
num_leaves=7
num_cat=0
split_feature=0 0 0 0 0 0
split_gain=0.24109 0.039232 0.0108003 0.0176316 0.00677445 0.00217082
threshold=0.25000000000000006 1.0000000180025095e-35 0.35000000000000003 0.75000000000000011 0.15000000000000005 0.45000000000000007
decision_type=2 2 2 2 2 2
left_child=1 -1 -2 5 -3 -4
right_child=2 4 3 -5 -6 -7
leaf_value=0.0076707481983333175 -0.0093461828928208396 0.0030158479670803861 -0.026373382030379595 -0.013959785259650959 -0.0022362865988044783 -0.041190864505441571
leaf_weight=16.920469488948587 3.1260809265077096 4.0583932287991029 1.0290392906172199 4.8182754670269787 6.2193778455257416 0.10938182950485488
leaf_count=26 20 20 32 78 20 14
internal_value=0 0.0471074 -0.141062 -0.166043 -0.00162371 -0.277971
internal_weight=0 27.1982 9.08278 5.9567 10.2778 1.13842
internal_count=210 66 144 124 40 46
shrinkage=0.1


Tree=25
num_leaves=7
num_cat=0
split_feature=0 0 0 0 0 0
split_gain=0.227187 0.0375466 0.0100905 0.0159769 0.00643179 0.00195591
threshold=0.25000000000000006 1.0000000180025095e-35 0.35000000000000003 0.75000000000000011 0.15000000000000005 0.45000000000000007
decision_type=2 2 2 2 2 2
left_child=1 -1 -2 5 -3 -4
right_child=2 4 3 -5 -6 -7
leaf_value=0.0074681081208720955 -0.0091090702512097426 0.0029056275728104857 -0.025463127392685404 -0.013609112355630025 -0.00221955519837903 -0.03964580087923561
leaf_weight=16.915856622159485 3.1263587826397252 4.040258998051284 1.0261516702594233 4.806176143232733 6.2153440620750189 0.10741600702749554
leaf_count=26 20 20 32 78 20 14
internal_value=0 0.0457368 -0.137075 -0.161279 -0.00200457 -0.268071
internal_weight=0 27.1715 9.0661 5.93974 10.2556 1.13357
internal_count=210 66 144 124 40 46
shrinkage=0.1


Tree=26
num_leaves=7
num_cat=0
split_feature=0 0 0 0 0 0
split_gain=0.214514 0.0359785 0.00944804 0.0145199 0.00611922 0.00176529
threshold=0.25000000000000006 1.0000000180025095e-35 0.35000000000000003 0.75000000000000011 0.15000000000000005 0.45000000000000007
decision_type=2 2 2 2 2 2
left_child=1 -1 -2 5 -3 -4
right_child=2 4 3 -5 -6 -7
leaf_value=0.0072771761065636049 -0.0088852383042927231 0.0028036012518869915 -0.024611959294022847 -0.013277375430148473 -0.0022025657886106998 -0.038191143215665239
leaf_weight=16.911452155560259 3.1266230102628452 4.0230768024921399 1.0234884499805046 4.7947063876781613 6.2115108156576753 0.10561329900519913
leaf_count=26 20 20 32 78 20 14
internal_value=0 0.0444505 -0.133326 -0.156799 -0.0023471 -0.258821
internal_weight=0 27.146 9.05043 5.92381 10.2346 1.1291
internal_count=210 66 144 124 40 46
shrinkage=0.1


Tree=27
num_leaves=7
num_cat=0
split_feature=0 0 0 0 0 0
split_gain=0.202917 0.034522 0.00886521 0.0132318 0.00583131 0.00159671
threshold=0.25000000000000006 1.0000000180025095e-35 0.35000000000000003 0.75000000000000011 0.15000000000000005 0.45000000000000007
decision_type=2 2 2 2 2 2
left_child=1 -1 -2 5 -3 -4
right_child=2 4 3 -5 -6 -7
leaf_value=0.0070970273579069086 -0.0086730978950673842 0.0027079755501049716 -0.023813731731478226 -0.012962754380058884 -0.0021856018929301071 -0.036822558350443145
leaf_weight=16.907234920188788 3.1268695872277004 4.0067587438970786 1.0210220693843437 4.7838098290376365 6.2078601000830531 0.10395851626526552
leaf_count=26 20 20 32 78 20 14
internal_value=0 0.0432394 -0.129789 -0.152576 -0.0026606 -0.250159
internal_weight=0 27.1219 9.03566 5.90879 10.2146 1.12498
internal_count=210 66 144 124 40 46
shrinkage=0.1


Tree=28
num_leaves=7
num_cat=0
split_feature=0 0 0 0 0 0
split_gain=0.192277 0.0331661 0.00833345 0.0120893 0.00556528 0.00144674
threshold=0.25000000000000006 1.0000000180025095e-35 0.35000000000000003 0.75000000000000011 0.15000000000000005 0.45000000000000007
decision_type=2 2 2 2 2 2
left_child=1 -1 -2 5 -3 -4
right_child=2 4 3 -5 -6 -7
leaf_value=0.0069267817325770198 -0.0084721870592888663 0.0026181602516033428 -0.023064002392080771 -0.012663826940161058 -0.0021686641839708748 -0.035531519300624058
leaf_weight=16.903191825374964 3.1271013098303211 3.9912327798083407 1.0187367100734261 4.7734412332065403 6.2043775743804872 0.102433391555678
leaf_count=26 20 20 32 78 20 14
internal_value=0 0.0420975 -0.12645 -0.148586 -0.00294786 -0.242031
internal_weight=0 27.0988 9.02171 5.89461 10.1956 1.12117
internal_count=210 66 144 124 40 46
shrinkage=0.1


Tree=29
num_leaves=7
num_cat=0
split_feature=0 0 0 0 0 0
split_gain=0.182485 0.0319013 0.00784929 0.011073 0.00531702 0.00131329
threshold=0.25000000000000006 1.0000000180025095e-35 0.35000000000000003 0.75000000000000011 0.15000000000000005 0.45000000000000007
decision_type=2 2 2 2 2 2
left_child=1 -1 -2 5 -3 -4
right_child=2 4 3 -5 -6 -7
leaf_value=0.0067655539499024524 -0.0082808240726283035 0.0025330841010237134 -0.022358710753631265 -0.012379496445504278 -0.002151538672849541 -0.034313362587334459
leaf_weight=16.899308271706108 3.1273224991746229 3.9764376329258067 1.0166171729797495 4.7635601558722556 6.2010511048138142 0.10102548514259968
leaf_count=26 20 20 32 78 20 14
internal_value=0 0.0410182 -0.123288 -0.144813 -0.00321214 -0.234393
internal_weight=0 27.0768 9.00853 5.8812 10.1775 1.11764
internal_count=210 66 144 124 40 46
shrinkage=0.1


Tree=30
num_leaves=7
num_cat=0
split_feature=0 0 0 0 0 0
split_gain=0.173449 0.0307161 0.00740513 0.0101654 0.00508816 0.00119444
threshold=0.25000000000000006 1.0000000180025095e-35 0.35000000000000003 0.75000000000000011 0.15000000000000005 0.45000000000000007
decision_type=2 2 2 2 2 2
left_child=1 -1 -2 5 -3 -4
right_child=2 4 3 -5 -6 -7
leaf_value=0.0066124739987125161 -0.008098827633394463 0.0024534414390780853 -0.021693517814265571 -0.012108402594524075 -0.0021346823224553209 -0.03316291638333007
leaf_weight=16.89558197371662 3.1275312975049001 3.9623183459043485 1.0146431862376628 4.7541251988150179 6.1978704249486327 0.099723145773168542
leaf_count=26 20 20 32 78 20 14
internal_value=0 0.0399961 -0.120289 -0.141234 -0.00345384 -0.227199
internal_weight=0 27.0558 8.99602 5.86849 10.1602 1.11437
internal_count=210 66 144 124 40 46
shrinkage=0.1


Tree=31
num_leaves=7
num_cat=0
split_feature=0 0 0 0 0 0
split_gain=0.165095 0.0296074 0.00699777 0.00935195 0.0048744 0.00108825
threshold=0.25000000000000006 1.0000000180025095e-35 0.35000000000000003 0.75000000000000011 0.15000000000000005 0.45000000000000007
decision_type=2 2 2 2 2 2
left_child=1 -1 -2 5 -3 -4
right_child=2 4 3 -5 -6 -7
leaf_value=0.0064671249232130515 -0.0079253181930302816 0.0023778931821248962 -0.021065184472076701 -0.011849949466299513 -0.002117933948338209 -0.03207472179342595
leaf_weight=16.891996564343575 3.1277272156439704 3.948819116689263 1.0128025448648257 4.7451128638349473 6.1948220864869654 0.098515111138112718
leaf_count=26 20 20 32 78 20 14
internal_value=0 0.0390271 -0.117443 -0.137838 -0.00367753 -0.220411
internal_weight=0 27.0356 8.98416 5.85643 10.1436 1.11132
internal_count=210 66 144 124 40 46
shrinkage=0.1


Tree=32
num_leaves=7
num_cat=0
split_feature=0 0 0 0 0 0
split_gain=0.157355 0.0285628 0.00662381 0.00862198 0.00467568 0.000993139
threshold=0.25000000000000006 1.0000000180025095e-35 0.35000000000000003 0.75000000000000011 0.15000000000000005 0.45000000000000007
decision_type=2 2 2 2 2 2
left_child=1 -1 -2 5 -3 -4
right_child=2 4 3 -5 -6 -7
leaf_value=0.0063286814603396415 -0.0077595693614569 0.0023068904647443925 -0.020471446212196473 -0.011603223511314278 -0.0021011522989186895 -0.03104476325331644
leaf_weight=16.888547470793132 3.1279109527822566 3.9359078742563707 1.0110878240084273 4.7364913162309676 6.1918959058821201 0.097392728668637463
leaf_count=26 20 20 32 78 20 14
internal_value=0 0.0381072 -0.114737 -0.134612 -0.00388081 -0.214004
internal_weight=0 27.0164 8.97288 5.84497 10.1278 1.10848
internal_count=210 66 144 124 40 46
shrinkage=0.1


Tree=33
num_leaves=7
num_cat=0
split_feature=0 0 0 0 0 0
split_gain=0.150164 0.0275831 0.00627809 0.00796434 0.00448956 0.000907841
threshold=0.25000000000000006 1.0000000180025095e-35 0.35000000000000003 0.75000000000000011 0.15000000000000005 0.45000000000000007
decision_type=2 2 2 2 2 2
left_child=1 -1 -2 5 -3 -4
right_child=2 4 3 -5 -6 -7
leaf_value=0.0061968206183716651 -0.0076012920479625965 0.002239248543139128 -0.01990872422095381 -0.011367041861039101 -0.0020847128302310491 -0.030068401927714036
leaf_weight=16.885220848023895 3.1280830893665534 3.9235294517129642 1.0094818697543813 4.7282283494714648 6.1890853447839618 0.096347242884803438
leaf_count=26 20 20 32 78 20 14
internal_value=0 0.0372319 -0.112158 -0.131539 -0.00407086 -0.207939
internal_weight=0 26.9978 8.96214 5.83406 10.1126 1.10583
internal_count=210 66 144 124 40 46
shrinkage=0.1


Tree=34
num_leaves=7
num_cat=0
split_feature=0 0 0 0 0 0
split_gain=0.143469 0.0266589 0.00595972 0.00737076 0.00431541 0.000831216
threshold=0.25000000000000006 1.0000000180025095e-35 0.35000000000000003 0.75000000000000011 0.15000000000000005 0.45000000000000007
decision_type=2 2 2 2 2 2
left_child=1 -1 -2 5 -3 -4
right_child=2 4 3 -5 -6 -7
leaf_value=0.0060708955005104029 -0.0074494031935285355 0.0021751492428044947 -0.019375132800379335 -0.011140952486642342 -0.0020684175992598847 -0.029142495825375727
leaf_weight=16.882014242932204 3.1282443921081704 3.9116561943665129 1.0079807845177127 4.7203031363897026 6.1863846057094634 0.095372082141693557
leaf_count=26 20 20 32 78 20 14
internal_value=0 0.0363978 -0.109699 -0.12861 -0.00424596 -0.202194
internal_weight=0 26.9801 8.9519 5.82366 10.098 1.10335
internal_count=210 66 144 124 40 46
shrinkage=0.1


Tree=35
num_leaves=7
num_cat=0
split_feature=0 0 0 0 0 0
split_gain=0.137232 0.0257841 0.0056644 0.00683284 0.00415274 0.000762301
threshold=0.25000000000000006 1.0000000180025095e-35 0.35000000000000003 0.75000000000000011 0.15000000000000005 0.45000000000000007
decision_type=2 2 2 2 2 2
left_child=1 -1 -2 5 -3 -4
right_child=2 4 3 -5 -6 -7
leaf_value=0.0059505105039638325 -0.0073042377034270968 0.0021147187889453867 -0.018868087670648116 -0.01092444152458613 -0.0020521618888790435 -0.028263476550821193
leaf_weight=16.878920478746299 3.1283962416928244 3.9002549750730378 1.0065710006747393 4.7126971560064703 6.1837818869389594 0.094460946827893952
leaf_count=26 20 20 32 78 20 14
internal_value=0 0.0356029 -0.107353 -0.125815 -0.00440516 -0.196741
internal_weight=0 26.963 8.94213 5.81373 10.084 1.10103
internal_count=210 66 144 124 40 46
shrinkage=0.1


Tree=36
num_leaves=7
num_cat=0
split_feature=0 0 0 0 0 0
split_gain=0.131403 0.0249606 0.0053902 0.0063456 0.00399943 0.000700165
threshold=0.25000000000000006 1.0000000180025095e-35 0.35000000000000003 0.75000000000000011 0.15000000000000005 0.45000000000000007
decision_type=2 2 2 2 2 2
left_child=1 -1 -2 5 -3 -4
right_child=2 4 3 -5 -6 -7
leaf_value=0.0058354480595141029 -0.007164975051591492 0.0020568050278193667 -0.018386162283911722 -0.010716471874047522 -0.0020362920578783036 -0.027428422056515547
leaf_weight=16.875928353518251 3.1285377980675531 3.8892901921644789 1.0052488915971478 4.7053826018236578 6.1812727623619139 0.093608169729122781
leaf_count=26 20 20 32 78 20 14
internal_value=0 0.0348436 -0.105109 -0.123143 -0.00455522 -0.191564
internal_weight=0 26.9465 8.93278 5.80424 10.0706 1.09886
internal_count=210 66 144 124 40 46
shrinkage=0.1


Tree=37
num_leaves=7
num_cat=0
split_feature=0 0 0 0 0 0
split_gain=0.125953 0.0241764 0.00513518 0.0059031 0.00385668 0.000643981
threshold=0.25000000000000006 1.0000000180025095e-35 0.35000000000000003 0.75000000000000011 0.15000000000000005 0.45000000000000007
decision_type=2 2 2 2 2 2
left_child=1 -1 -2 5 -3 -4
right_child=2 4 3 -5 -6 -7
leaf_value=0.0057250619363188619 -0.0070314833178295108 0.0020025414359309138 -0.01792774306913127 -0.010516788598744666 -0.002020499592798083 -0.026634188174224135
leaf_weight=16.873043417930607 3.1286706090904755 3.8787442743778211 1.0040104075451379 4.6983483037911355 6.1788519243709743 0.09280859152204346
leaf_count=26 20 20 32 78 20 14
internal_value=0 0.0341181 -0.102963 -0.120589 -0.00469001 -0.186644
internal_weight=0 26.9306 8.92384 5.79517 10.0576 1.09682
internal_count=210 66 144 124 40 46
shrinkage=0.1


Tree=38
num_leaves=7
num_cat=0
split_feature=0 0 0 0 0 0
split_gain=0.120844 0.0234365 0.00489875 0.00549858 0.00372089 0.00059321
threshold=0.25000000000000006 1.0000000180025095e-35 0.35000000000000003 0.75000000000000011 0.15000000000000005 0.45000000000000007
decision_type=2 2 2 2 2 2
left_child=1 -1 -2 5 -3 -4
right_child=2 4 3 -5 -6 -7
leaf_value=0.0056193511383139574 -0.0069027898545778628 0.0019501230728847007 -0.017490097033166976 -0.010325120734008699 -0.0020049351979963444 -0.025877850884126224
leaf_weight=16.87024658173323 3.128793493844567 3.8685788009315711 1.0028396256966514 4.691580570070073 6.1765135549940169 0.09205751115223379
leaf_count=26 20 20 32 78 20 14
internal_value=0 0.0334235 -0.100906 -0.118143 -0.00481758 -0.181953
internal_weight=0 26.9153 8.91527 5.78648 10.0451 1.0949
internal_count=210 66 144 124 40 46
shrinkage=0.1


Tree=39
num_leaves=7
num_cat=0
split_feature=0 0 0 0 0 0
split_gain=0.116044 0.0227352 0.00467844 0.00513017 0.00359275 0.000547132
threshold=0.25000000000000006 1.0000000180025095e-35 0.35000000000000003 0.75000000000000011 0.15000000000000005 0.45000000000000007
decision_type=2 2 2 2 2 2
left_child=1 -1 -2 5 -3 -4
right_child=2 4 3 -5 -6 -7
leaf_value=0.0055178656610988704 -0.0067787628816226159 0.0018999606151634202 -0.017072890253162706 -0.010140436259166932 -0.001989705317054558 -0.025157141361483355
leaf_weight=16.867540329694751 3.1289110661018622 3.8587749907746893 1.0017418690840711 4.6850498081184924 6.1742562400177121 0.09135102794971306
leaf_count=26 20 20 32 78 20 14
internal_value=0 0.0327574 -0.0989321 -0.115797 -0.00493712 -0.177485
internal_weight=0 26.9006 8.90705 5.77814 10.033 1.09309
internal_count=210 66 144 124 40 46
shrinkage=0.1


Tree=40
num_leaves=7
num_cat=0
split_feature=0 0 0 0 0 0
split_gain=0.111538 0.0220668 0.0044718 0.00479267 0.00347186 0.000505359
threshold=0.25000000000000006 1.0000000180025095e-35 0.35000000000000003 0.75000000000000011 0.15000000000000005 0.45000000000000007
decision_type=2 2 2 2 2 2
left_child=1 -1 -2 5 -3 -4
right_child=2 4 3 -5 -6 -7
leaf_value=0.0054203235277766621 -0.0066598662664674128 0.0018523497972275241 -0.016674104046061632 -0.0099627429727138853 -0.0019744698914733278 -0.024470021913327776
leaf_weight=16.864918449893597 3.1290194387547654 3.8493174361065012 1.0007040724158285 4.6787574794143438 6.1720688012428582 0.090685809002024942
leaf_count=26 20 20 32 78 20 14
internal_value=0 0.0321193 -0.0970395 -0.113547 -0.00504549 -0.173219
internal_weight=0 26.8863 8.89917 5.77015 10.0214 1.09139
internal_count=210 66 144 124 40 46
shrinkage=0.1


Tree=41
num_leaves=7
num_cat=0
split_feature=0 0 0 0 0 0
split_gain=0.107379 0.0208313 0.00427888 0.00448398 0.00387622 0.000467353
threshold=0.15000000000000005 0.25000000000000006 0.35000000000000003 0.75000000000000011 1.0000000180025095e-35 0.45000000000000007
decision_type=2 2 2 2 2 2
left_child=4 -2 -3 5 -1 -4
right_child=1 2 3 -5 -6 -7
leaf_value=0.0053266678964978588 -0.0019596125400564595 -0.0065451391965105146 -0.016293221305330782 -0.0097914444103304986 0.0018063562320418261 -0.023814470966520521
leaf_weight=16.862372372299436 6.169951614458113 3.1291198865510506 0.99972696247277781 4.672679154202342 3.8401799872517577 0.090058547037187964
leaf_count=26 20 20 32 78 20 14
internal_value=0 -0.0642411 -0.0952207 -0.111386 0.0467367 -0.169148
internal_weight=0 15.0615 8.89158 5.76246 20.7026 1.08979
internal_count=210 164 144 124 46 46
shrinkage=0.1


Tree=42
num_leaves=7
num_cat=0
split_feature=0 0 0 0 0 0
split_gain=0.10366 0.0199472 0.00409809 0.00420022 0.00376648 0.000432739
threshold=0.15000000000000005 0.25000000000000006 0.35000000000000003 0.75000000000000011 1.0000000180025095e-35 0.45000000000000007
decision_type=2 2 2 2 2 2
left_child=4 -2 -3 5 -1 -4
right_child=1 2 3 -5 -6 -7
leaf_value=0.0052363589972285948 -0.001944938978251037 -0.006434498393919786 -0.015928414937123051 -0.009626262799939389 0.0017629343762842144 -0.023188013027988199
leaf_weight=16.859906347468499 6.1679008542560032 3.1292146970517916 0.9988024252816099 4.6668096245266497 3.8313496978953472 0.089465942146489397
leaf_count=26 20 20 32 78 20 14
internal_value=0 -0.0631396 -0.0934714 -0.109308 0.0459319 -0.165252
internal_weight=0 15.0522 8.88429 5.75508 20.6913 1.08827
internal_count=210 164 144 124 46 46
shrinkage=0.1


Tree=43
num_leaves=7
num_cat=0
split_feature=0 0 0 0 0 0
split_gain=0.100143 0.0191166 0.00392865 0.00393913 0.00366226 0.000401197
threshold=0.15000000000000005 0.25000000000000006 0.35000000000000003 0.75000000000000011 1.0000000180025095e-35 0.45000000000000007
decision_type=2 2 2 2 2 2
left_child=4 -2 -3 5 -1 -4
right_child=1 2 3 -5 -6 -7
leaf_value=0.0051494058975469657 -0.0019305005999611102 -0.006327684039161687 -0.015578877287145597 -0.0094669108200493689 0.0017212115002723056 -0.022589331776946723
leaf_weight=16.857514541596178 6.1659130328334859 3.129303047899155 0.99792882282054041 4.661137769697234 3.8228059159591785 0.088905713491840288
leaf_count=26 20 20 32 78 20 14
internal_value=0 -0.0620786 -0.091788 -0.10731 0.045157 -0.161523
internal_weight=0 15.0432 8.87728 5.74797 20.6803 1.08683
internal_count=210 164 144 124 46 46
shrinkage=0.1


Tree=44
num_leaves=7
num_cat=0
split_feature=0 0 0 0 0 0
split_gain=0.0968103 0.0183348 0.00376918 0.00369907 0.00356265 0.000372382
threshold=0.15000000000000005 0.25000000000000006 0.35000000000000003 0.75000000000000011 1.0000000180025095e-35 0.45000000000000007
decision_type=2 2 2 2 2 2
left_child=4 -2 -3 5 -1 -4
right_child=1 2 3 -5 -6 -7
leaf_value=0.0050655301820254107 -0.0019162752122589167 -0.0062245798912260609 -0.015243923324903895 -0.009312819220154922 0.0016812476725646946 -0.022016738669851169
leaf_weight=16.855190159752969 6.1639833473600438 3.1293846231419575 0.9971037053619507 4.6556459714192897 3.8145347004756323 0.08837539644446224
leaf_count=26 20 20 32 78 20 14
internal_value=0 -0.0610554 -0.090166 -0.105385 0.0444097 -0.157953
internal_weight=0 15.0345 8.87051 5.74113 20.6697 1.08548
internal_count=210 164 144 124 46 46
shrinkage=0.1


Tree=45
num_leaves=7
num_cat=0
split_feature=0 0 0 0 0 0
split_gain=0.0936499 0.0175994 0.00361948 0.00347744 0.00346776 0.000346013
threshold=0.15000000000000005 0.25000000000000006 0.35000000000000003 0.75000000000000011 1.0000000180025095e-35 0.45000000000000007
decision_type=2 2 2 2 2 2
left_child=4 -2 -3 5 -1 -4
right_child=1 2 3 -5 -6 -7
leaf_value=0.0049846224203586179 -0.0019021664009417306 -0.0061248781757622609 -0.01492251338755554 -0.0091640361985408716 0.0016428106852749661 -0.021468473167617796
leaf_weight=16.852931011468176 6.1621105684898785 3.129460523137821 0.99632238654885419 4.6503334639128298 3.8065245114266864 0.087872648786287741
leaf_count=26 20 20 32 78 20 14
internal_value=0 -0.0600681 -0.0886029 -0.103531 0.0436889 -0.154531
internal_weight=0 15.0261 8.86399 5.73453 20.6595 1.0842
internal_count=210 164 144 124 46 46
shrinkage=0.1


Tree=46
num_leaves=7
num_cat=0
split_feature=0 0 0 0 0 0
split_gain=0.0906508 0.0169052 0.00347849 0.00337706 0.00327247 0.000321915
threshold=0.15000000000000005 0.25000000000000006 0.35000000000000003 1.0000000180025095e-35 0.75000000000000011 0.45000000000000007
decision_type=2 2 2 2 2 2
left_child=3 -2 -3 -1 5 -4
right_child=1 2 4 -5 -6 -7
leaf_value=0.0049065216231148822 -0.0018883853117456981 -0.0060284474080798695 -0.014613622620005595 0.0016059145661627744 -0.0090201613958235411 -0.020943515097664747
leaf_weight=16.850734939798716 6.1602890379726878 3.1295293574221414 0.9955802072654476 3.7987574273720375 4.6451888575684279 0.087395895970985293
leaf_count=26 20 20 32 20 78 14
internal_value=0 -0.0591151 -0.0870949 0.0429933 -0.101742 -0.151244
internal_weight=0 15.018 8.85769 20.6495 5.72816 1.08298
internal_count=210 164 144 46 124 46
shrinkage=0.1


Tree=47
num_leaves=7
num_cat=0
split_feature=0 0 0 0 0 0
split_gain=0.0878015 0.0162495 0.00334607 0.00329036 0.00308314 0.000299795
threshold=0.15000000000000005 0.25000000000000006 0.35000000000000003 1.0000000180025095e-35 0.75000000000000011 0.45000000000000007
decision_type=2 2 2 2 2 2
left_child=3 -2 -3 -1 5 -4
right_child=1 2 4 -5 -6 -7
leaf_value=0.0048310786740591322 -0.0018748705995007893 -0.005934917602454964 -0.014317094868169478 0.0015704362809650652 -0.0088809766615245613 -0.02044041660572515
leaf_weight=16.848597895354036 6.1585199492983511 3.1295934594236297 0.99487874028272894 3.7912238966673604 4.6402013131882995 0.086943115980830044
leaf_count=26 20 20 32 20 78 14
internal_value=0 -0.0581945 -0.085639 0.0423215 -0.100018 -0.148092
internal_weight=0 15.0101 8.85162 20.6398 5.72202 1.08182
internal_count=210 164 144 46 124 46
shrinkage=0.1


Tree=48
num_leaves=7
num_cat=0
split_feature=0 0 0 0 0 0
split_gain=0.0850901 0.0156313 0.00322012 0.00320611 0.00290755 0.000279464
threshold=0.15000000000000005 0.25000000000000006 0.35000000000000003 1.0000000180025095e-35 0.75000000000000011 0.45000000000000007
decision_type=2 2 2 2 2 2
left_child=3 -2 -3 -1 5 -4
right_child=1 2 4 -5 -6 -7
leaf_value=0.0047579883088917346 -0.0018613528906082991 -0.0058448119426937409 -0.014031637963962593 0.0015367870105254659 -0.0087461093439266599 -0.019957376089951288
leaf_weight=16.846520917490128 6.1567968633025876 3.1296556172892434 0.99421203811652925 3.7839169427752486 4.6353641385212541 0.086512247216887772
leaf_count=26 20 20 32 20 78 14
internal_value=0 -0.057304 -0.0842333 0.0416717 -0.0983511 -0.14506
internal_weight=0 15.0025 8.84574 20.6304 5.71609 1.08072
internal_count=210 164 144 46 124 46
shrinkage=0.1


Tree=49
num_leaves=7
num_cat=0
split_feature=0 0 0 0 0 0
split_gain=0.0825094 0.0150453 0.00312707 0.00310199 0.0027444 0.000260768
threshold=0.15000000000000005 0.25000000000000006 1.0000000180025095e-35 0.35000000000000003 0.75000000000000011 0.45000000000000007
decision_type=2 2 2 2 2 2
left_child=2 -2 -1 -3 5 -5
right_child=1 3 -4 4 -6 -7
leaf_value=0.0046874491065918185 -0.0018482067054534216 -0.0057570886034172038 0.0015037263677546784 -0.013756810161869974 -0.0086156195185049991 -0.01949357022492201
leaf_weight=16.844493804499511 6.1551205120049408 3.1297084318939579 3.7768152663484207 0.9935771270538678 4.6306746548507363 0.086102014116477221
leaf_count=26 20 20 20 32 78 14
internal_value=0 -0.0564428 0.0410435 -0.0828739 -0.0967418 -0.142143
internal_weight=0 14.9952 20.6213 8.84006 5.71035 1.07968
internal_count=210 164 46 144 124 46
shrinkage=0.1


Tree=50
num_leaves=7
num_cat=0
split_feature=0 0 0 0 0 0
split_gain=0.0800501 0.0144905 0.00305017 0.00298963 0.00259332 0.00024357
threshold=0.15000000000000005 0.25000000000000006 1.0000000180025095e-35 0.35000000000000003 0.75000000000000011 0.45000000000000007
decision_type=2 2 2 2 2 2
left_child=2 -2 -1 -3 5 -5
right_child=1 3 -4 4 -6 -7
leaf_value=0.0046190496458005069 -0.0018352579403422553 -0.0056723011295948828 0.001472335734958922 -0.013492338895981577 -0.0084888940151581476 -0.0190484511528521
leaf_weight=16.842523561790589 6.15348902856931 3.129759745905174 3.7699158173054448 0.99297749536344782 4.6261161190923303 0.085711533261928707
leaf_count=26 20 20 20 32 78 14
internal_value=0 -0.055609 0.0404353 -0.081559 -0.0951844 -0.139338
internal_weight=0 14.9881 20.6124 8.83456 5.70481 1.07869
internal_count=210 164 46 144 124 46
shrinkage=0.1


Tree=51
num_leaves=7
num_cat=0
split_feature=0 0 0 0 0 0
split_gain=0.0777031 0.0139652 0.00297704 0.00288357 0.00245241 0.00022775
threshold=0.15000000000000005 0.25000000000000006 1.0000000180025095e-35 0.35000000000000003 0.75000000000000011 0.45000000000000007
decision_type=2 2 2 2 2 2
left_child=2 -2 -1 -3 5 -5
right_child=1 3 -4 4 -6 -7
leaf_value=0.0045528245820627119 -0.0018223772150935862 -0.0055899284611558653 0.0014417638217070023 -0.013237152610249301 -0.0083661449033798178 -0.018620697101067517
leaf_weight=16.840601895004514 6.1518991994671515 3.1298085402231646 3.7632072232663623 0.99240564950741794 4.6216916855191812 0.085339225654024631
leaf_count=26 20 20 20 32 78 14
internal_value=0 -0.0548008 0.039846 -0.0802864 -0.0936785 -0.136634
internal_weight=0 14.9811 20.6038 8.82925 5.69944 1.07774
internal_count=210 164 46 144 124 46
shrinkage=0.1


Tree=52
num_leaves=7
num_cat=0
split_feature=0 0 0 0 0 0
split_gain=0.0754644 0.0134662 0.00290659 0.00278322 0.00232119 0.000213109
threshold=0.15000000000000005 0.25000000000000006 1.0000000180025095e-35 0.35000000000000003 0.75000000000000011 0.45000000000000007
decision_type=2 2 2 2 2 2
left_child=2 -2 -1 -3 5 -5
right_child=1 3 -4 4 -6 -7
leaf_value=0.0044886503745663669 -0.0018098567263952908 -0.0055099076970857802 0.0014124118086508326 -0.012991108786453874 -0.0082470649042444191 -0.018208876466353198
leaf_weight=16.838727537542585 6.1503496570512644 3.1298494255170208 3.7566825207322827 0.99186067731352501 4.6173935342812911 0.084983556575025418
leaf_count=26 20 20 20 32 78 14
internal_value=0 -0.0540182 0.0392753 -0.079054 -0.0922209 -0.134029
internal_weight=0 14.9744 20.5954 8.82409 5.69424 1.07684
internal_count=210 164 46 144 124 46
shrinkage=0.1


Tree=53
num_leaves=7
num_cat=0
split_feature=0 0 0 0 0 0
split_gain=0.0733244 0.0129925 0.00283815 0.00268749 0.00219901 0.000199616
threshold=0.15000000000000005 0.25000000000000006 1.0000000180025095e-35 0.35000000000000003 0.75000000000000011 0.45000000000000007
decision_type=2 2 2 2 2 2
left_child=2 -2 -1 -3 5 -5
right_child=1 3 -4 4 -6 -7
leaf_value=0.0044263160446406059 -0.0017974464381117325 -0.0054324208283308825 0.0013843759091901333 -0.012753622885533564 -0.0081312742071340711 -0.017812935145793223
leaf_weight=16.83690190687776 6.1488378252834073 3.1298888328019512 3.7503342991694799 0.99134313577087552 4.6132113797357306 0.084644071830552989
leaf_count=26 20 20 20 32 78 14
internal_value=0 -0.0532588 0.0387217 -0.0778597 -0.0908076 -0.131516
internal_weight=0 14.9679 20.5872 8.81909 5.6892 1.07599
internal_count=210 164 46 144 124 46
shrinkage=0.1


Tree=54
num_leaves=7
num_cat=0
split_feature=0 0 0 0 0 0
split_gain=0.0712813 0.0125424 0.00277351 0.00259743 0.00208504 0.000187106
threshold=0.15000000000000005 0.25000000000000006 1.0000000180025095e-35 0.35000000000000003 0.75000000000000011 0.45000000000000007
decision_type=2 2 2 2 2 2
left_child=2 -2 -1 -3 5 -5
right_child=1 3 -4 4 -6 -7
leaf_value=0.0043660238112146399 -0.0017853321556546042 -0.0053568793996849528 0.0013568644575297842 -0.0125247080592523 -0.0080190952593803978 -0.01743168730398199
leaf_weight=16.835116295143965 6.1473635290749362 3.1299221115186793 3.7441518213599911 0.99085094814654395 4.6091480542672798 0.084319469911861233
leaf_count=26 20 20 20 32 78 14
internal_value=0 -0.052523 0.0381854 -0.0767029 -0.0894411 -0.129095
internal_weight=0 14.9616 20.5793 8.81424 5.68432 1.07517
internal_count=210 164 46 144 124 46
shrinkage=0.1


Tree=55
num_leaves=7
num_cat=0
split_feature=0 0 0 0 0 0
split_gain=0.0693248 0.0121147 0.00270919 0.00251097 0.00197845 0.000175527
threshold=0.15000000000000005 0.25000000000000006 1.0000000180025095e-35 0.35000000000000003 0.75000000000000011 0.45000000000000007
decision_type=2 2 2 2 2 2
left_child=2 -2 -1 -3 5 -5
right_child=1 3 -4 4 -6 -7
leaf_value=0.004307235417734305 -0.0017732857241017962 -0.0052838429558111797 0.0013311889269894926 -0.012303196689600044 -0.0079098756775760996 -0.017064104072039621
leaf_weight=16.833378646522764 6.1459228866733602 3.1299546386580896 3.7381340740248552 0.99038105667568721 4.6051894898992032 0.084008689023903571
leaf_count=26 20 20 20 32 78 14
internal_value=0 -0.0518082 0.0376645 -0.0755807 -0.0881137 -0.126755
internal_weight=0 14.9555 20.5715 8.80953 5.67958 1.07439
internal_count=210 164 46 144 124 46
shrinkage=0.1


Tree=56
num_leaves=7
num_cat=0
split_feature=0 0 0 0 0 0
split_gain=0.0674499 0.0117075 0.00264938 0.00242904 0.00187866 0.000164819
threshold=0.15000000000000005 0.25000000000000006 1.0000000180025095e-35 0.35000000000000003 0.75000000000000011 0.45000000000000007
decision_type=2 2 2 2 2 2
left_child=2 -2 -1 -3 5 -5
right_child=1 3 -4 4 -6 -7
leaf_value=0.0042503107742199037 -0.0017613774676201567 -0.0052126173223233565 0.0013053782788155562 -0.012088945998482531 -0.0078037219161031963 -0.016709982764584477
leaf_weight=16.831677585840229 6.1445166771300128 3.1299837592523527 3.7322624810039988 0.98993332538520884 4.601336871390231 0.08371127983264158
leaf_count=26 20 20 20 32 78 14
internal_value=0 -0.0511134 0.0371582 -0.074491 -0.086826 -0.124492
internal_weight=0 14.9495 20.5639 8.80497 5.67498 1.07364
internal_count=210 164 46 144 124 46
shrinkage=0.1


Tree=57
num_leaves=7
num_cat=0
split_feature=0 0 0 0 0 0
split_gain=0.0656532 0.0113192 0.00259103 0.00235143 0.0017853 0.000154889
threshold=0.15000000000000005 0.25000000000000006 1.0000000180025095e-35 0.35000000000000003 0.75000000000000011 0.45000000000000007
decision_type=2 2 2 2 2 2
left_child=2 -2 -1 -3 5 -5
right_child=1 3 -4 4 -6 -7
leaf_value=0.0041949091246853412 -0.0017496981138016903 -0.005143106326614421 0.0012807295278445098 -0.011881818667014477 -0.0077005124805875893 -0.016368611522946608
leaf_weight=16.830018164590005 6.1431421758607021 3.130011653993277 3.7265395149588576 0.98950723605230428 4.5975845246575773 0.083426419412717209
leaf_count=26 20 20 20 32 78 14
internal_value=0 -0.0504381 0.0366662 -0.0734325 -0.0855768 -0.122307
internal_weight=0 14.9437 20.5566 8.80053 5.67052 1.07293
internal_count=210 164 46 144 124 46
shrinkage=0.1


Tree=58
num_leaves=7
num_cat=0
split_feature=0 0 0 0 0 0
split_gain=0.0639312 0.0109492 0.00253465 0.0022772 0.00169771 0.000145656
threshold=0.15000000000000005 0.25000000000000006 1.0000000180025095e-35 0.35000000000000003 0.75000000000000011 0.45000000000000007
decision_type=2 2 2 2 2 2
left_child=2 -2 -1 -3 5 -5
right_child=1 3 -4 4 -6 -7
leaf_value=0.0041410564491975261 -0.0017382058065610916 -0.005075639834063078 0.0012569616225282442 -0.011681254652311616 -0.0076000687830125747 -0.016038926376490979
leaf_weight=16.828393574804071 6.1417993614450088 3.1300322113092971 3.7209593383595339 0.98909838212421131 4.593928552349098 0.08315297398075927
leaf_count=26 20 20 20 32 78 14
internal_value=0 -0.049782 0.0361882 -0.0724047 -0.0843633 -0.120192
internal_weight=0 14.938 20.5494 8.79621 5.66618 1.07225
internal_count=210 164 46 144 124 46
shrinkage=0.1


Tree=59
num_leaves=7
num_cat=0
split_feature=0 0 0 0 0 0
split_gain=0.0622802 0.0105965 0.00248086 0.00220603 0.00161556 0.000137078
threshold=0.15000000000000005 0.25000000000000006 1.0000000180025095e-35 0.35000000000000003 0.75000000000000011 0.45000000000000007
decision_type=2 2 2 2 2 2
left_child=2 -2 -1 -3 5 -5
right_child=1 3 -4 4 -6 -7
leaf_value=0.0040887668309573686 -0.0017268787446930577 -0.0050102304463901957 0.0012337029334977695 -0.011487051504642968 -0.0075022669254650627 -0.015720683609521276
leaf_weight=16.826807027682666 6.1404867097735396 3.1300538410432619 3.715511522255837 0.98870950622949727 4.590364697156474 0.08289064685232006
leaf_count=26 20 20 20 32 78 14
internal_value=0 -0.0491443 0.0357237 -0.0714067 -0.0831842 -0.118145
internal_weight=0 14.9325 20.5423 8.79202 5.66196 1.0716
internal_count=210 164 46 144 124 46
shrinkage=0.1


Tree=60
num_leaves=7
num_cat=0
split_feature=0 0 0 0 0 0
split_gain=0.0606945 0.0102592 0.00242805 0.00213875 0.0015386 0.000129082
threshold=0.15000000000000005 0.25000000000000006 1.0000000180025095e-35 0.35000000000000003 0.75000000000000011 0.45000000000000007
decision_type=2 2 2 2 2 2
left_child=2 -2 -1 -3 5 -5
right_child=1 3 -4 4 -6 -7
leaf_value=0.0040377792247984438 -0.0017157861665132495 -0.0049461366483496555 0.0012115889416929688 -0.011299206720332161 -0.0074070672370006559 -0.015413335853927016
leaf_weight=16.825256593525413 6.1392021030187598 3.1300708919297886 3.7101973183453074 0.98833898751763605 4.5868900667410344 0.08263879144215025
leaf_count=26 20 20 20 32 78 14
internal_value=0 -0.0485236 0.0352716 -0.0704356 -0.082039 -0.116167
internal_weight=0 14.9271 20.5355 8.78794 5.65787 1.07098
internal_count=210 164 46 144 124 46
shrinkage=0.1


Tree=61
num_leaves=7
num_cat=0
split_feature=0 0 0 0 0 0
split_gain=0.0591698 0.00993793 0.00237671 0.00207386 0.001466 0.000121678
threshold=0.15000000000000005 0.25000000000000006 1.0000000180025095e-35 0.35000000000000003 0.75000000000000011 0.45000000000000007
decision_type=2 2 2 2 2 2
left_child=2 -2 -1 -3 5 -5
right_child=1 3 -4 4 -6 -7
leaf_value=0.0039880632539418311 -0.0017046532245478159 -0.0048840507456409873 0.0011902828669962187 -0.011116648802921771 -0.0073142654734259004 -0.015116512251247225
leaf_weight=16.823741424828771 6.1379455882124594 3.1300885051023197 3.7050060871988526 0.98798363603418693 4.5835001663072035 0.08239691739436239
leaf_count=26 20 20 20 32 78 14
internal_value=0 -0.0479189 0.0348312 -0.0694914 -0.0809242 -0.114246
internal_weight=0 14.9219 20.5287 8.78397 5.65388 1.07038
internal_count=210 164 46 144 124 46
shrinkage=0.1


Tree=62
num_leaves=7
num_cat=0
split_feature=0 0 0 0 0 0
split_gain=0.0577054 0.00962971 0.00232848 0.00201276 0.00139789 0.000114709
threshold=0.15000000000000005 0.25000000000000006 1.0000000180025095e-35 0.35000000000000003 0.75000000000000011 0.45000000000000007
decision_type=2 2 2 2 2 2
left_child=2 -2 -1 -3 5 -5
right_child=1 3 -4 4 -6 -7
leaf_value=0.0039398286101231684 -0.0016939125369248361 -0.0048230141315325631 0.0011690067950856588 -0.01094010825041338 -0.0072239553959693326 -0.014828866638690999
leaf_weight=16.822255432605747 6.1367169125005594 3.1300977072678489 3.6999325156211844 0.98764570849016287 4.5801943351980299 0.082163824801682495
leaf_count=26 20 20 20 32 78 14
internal_value=0 -0.0473305 0.0344028 -0.0685721 -0.0798415 -0.112388
internal_weight=0 14.9168 20.5222 8.7801 5.65 1.06981
internal_count=210 164 46 144 124 46
shrinkage=0.1


Tree=63
num_leaves=7
num_cat=0
split_feature=0 0 0 0 0 0
split_gain=0.0562963 0.00933509 0.00228132 0.00195402 0.00133353 0.000108256
threshold=0.15000000000000005 0.25000000000000006 1.0000000180025095e-35 0.35000000000000003 0.75000000000000011 0.45000000000000007
decision_type=2 2 2 2 2 2
left_child=2 -2 -1 -3 5 -5
right_child=1 3 -4 4 -6 -7
leaf_value=0.0038927603328343351 -0.0016832737136850851 -0.004763668406596434 0.001148606823726218 -0.010768398393834373 -0.0071358916385517949 -0.014551008265420613
leaf_weight=16.820802202448252 6.1355134025216094 3.1301083858124894 3.6949747409671536 0.98732028546510242 4.5769667167915031 0.081939893687376752
leaf_count=26 20 20 20 32 78 14
internal_value=0 -0.0467571 0.0339853 -0.0676771 -0.078787 -0.110583
internal_weight=0 14.9118 20.5158 8.77634 5.64623 1.06926
internal_count=210 164 46 144 124 46
shrinkage=0.1


Tree=64
num_leaves=7
num_cat=0
split_feature=0 0 0 0 0 0
split_gain=0.0549399 0.00905351 0.00223518 0.0018975 0.00127308 0.000102231
threshold=0.15000000000000005 0.25000000000000006 1.0000000180025095e-35 0.35000000000000003 0.75000000000000011 0.45000000000000007
decision_type=2 2 2 2 2 2
left_child=2 -2 -1 -3 5 -5
right_child=1 3 -4 4 -6 -7
leaf_value=0.0038468124196913145 -0.0016726969551821764 -0.0047059667891613706 0.0011290738471734583 -0.010601916963448081 -0.0070498842800176863 -0.01428226280944881
leaf_weight=16.81938164122403 6.1343336971476665 3.1301185230258834 3.6901293648406854 0.98701131041161683 4.5738130739191547 0.081724438336095773
leaf_count=26 20 20 20 32 78 14
internal_value=0 -0.046198 0.0335783 -0.0668058 -0.0777597 -0.108833
internal_weight=0 14.907 20.5095 8.77267 5.64255 1.06874
internal_count=210 164 46 144 124 46
shrinkage=0.1


Tree=65
num_leaves=7
num_cat=0
split_feature=0 0 0 0 0 0
split_gain=0.0536355 0.00878346 0.00219033 0.00184358 0.0012161 9.65836e-05
threshold=0.15000000000000005 0.25000000000000006 1.0000000180025095e-35 0.35000000000000003 0.75000000000000011 0.45000000000000007
decision_type=2 2 2 2 2 2
left_child=2 -2 -1 -3 5 -5
right_child=1 3 -4 4 -6 -7
leaf_value=0.0038020413874640248 -0.0016624186476245637 -0.004649601449784985 0.0011102672825382884 -0.010440405522001163 -0.0069660649199016411 -0.014021907241273904
leaf_weight=16.817988010123376 6.1331778103485695 3.1301231854595226 3.6853946372866622 0.98671411653049279 4.5707334296312183 0.081516736609046334
leaf_count=26 20 20 20 32 78 14
internal_value=0 -0.0456538 0.0331821 -0.0659573 -0.0767601 -0.107137
internal_weight=0 14.9023 20.5034 8.76909 5.63896 1.06823
internal_count=210 164 46 144 124 46
shrinkage=0.1


Tree=66
num_leaves=7
num_cat=0
split_feature=0 0 0 0 0 0
split_gain=0.0523765 0.00852485 0.00214835 0.00179175 0.00116231 9.13228e-05
threshold=0.15000000000000005 0.25000000000000006 1.0000000180025095e-35 0.35000000000000003 0.75000000000000011 0.45000000000000007
decision_type=2 2 2 2 2 2
left_child=2 -2 -1 -3 5 -5
right_child=1 3 -4 4 -6 -7
leaf_value=0.0037584561175965855 -0.0016521466661343659 -0.0045945866065292872 0.0010912084363876339 -0.010283333597578867 -0.0068841288102617672 -0.013769921864213407
leaf_weight=16.816622398793701 6.1320463796146205 3.1301299945916963 3.6807557689025989 0.98643182808882524 4.5677219229983166 0.081316717900335789
leaf_count=26 20 20 20 32 78 14
internal_value=0 -0.0451219 0.0327949 -0.0651296 -0.0757848 -0.105489
internal_weight=0 14.8976 20.4974 8.7656 5.63547 1.06775
internal_count=210 164 46 144 124 46
shrinkage=0.1


Tree=67
num_leaves=7
num_cat=0
split_feature=0 0 0 0 0 0
split_gain=0.051165 0.00827802 0.00210624 0.00174133 0.00111155 8.63586e-05
threshold=0.15000000000000005 0.35000000000000003 1.0000000180025095e-35 0.25000000000000006 0.75000000000000011 0.45000000000000007
decision_type=2 2 2 2 2 2
left_child=2 3 -1 -2 5 -3
right_child=1 4 -4 -5 -6 -7
leaf_value=0.0037158306187873797 -0.0016420725679486764 -0.010130962403757594 0.0010734932772712969 -0.0045409235296273139 -0.0068042921380793171 -0.013525227444649172
leaf_weight=16.815285079181198 6.130935662891714 0.98616098501952243 3.6762233814224592 3.1301308197434992 4.5647817479912192 0.081123440802912228
leaf_count=26 20 32 20 20 78 14
internal_value=0 -0.0446039 0.0324179 -0.0262185 -0.0748359 -0.10389
internal_weight=0 14.8931 20.4915 9.26107 5.63207 1.06728
internal_count=210 164 46 40 124 46
shrinkage=0.1


Tree=68
num_leaves=7
num_cat=0
split_feature=0 0 0 0 0 0
split_gain=0.0499961 0.00804412 0.00206536 0.00169026 0.00106339 8.17435e-05
threshold=0.15000000000000005 0.35000000000000003 1.0000000180025095e-35 0.25000000000000006 0.75000000000000011 0.45000000000000007
decision_type=2 2 2 2 2 2
left_child=2 3 -1 -2 5 -3
right_child=1 4 -4 -5 -6 -7
leaf_value=0.0036742008014773475 -0.0016321432244085735 -0.0099825937782321451 0.0010563166674946083 -0.0044882588706891859 -0.0067264552303838701 -0.013288457638967141
leaf_weight=16.813977089710537 6.1298472350463253 0.98590056275133853 3.6717843376100054 3.1301322018261999 4.5619096277514473 0.080937298931530677
leaf_count=26 20 32 20 20 78 14
internal_value=0 -0.0440981 0.0320498 -0.0259759 -0.0739114 -0.102334
internal_weight=0 14.8887 20.4858 9.25998 5.62875 1.06684
internal_count=210 164 46 40 124 46
shrinkage=0.1


Tree=69
num_leaves=7
num_cat=0
split_feature=0 0 0 0 0 0
split_gain=0.0488676 0.00781833 0.00202623 0.00164141 0.00101803 7.74162e-05
threshold=0.15000000000000005 0.35000000000000003 1.0000000180025095e-35 0.25000000000000006 0.75000000000000011 0.45000000000000007
decision_type=2 2 2 2 2 2
left_child=2 3 -1 -2 5 -3
right_child=1 4 -4 -5 -6 -7
leaf_value=0.0036335869288514873 -0.0016224195117669556 -0.0098382932395015294 0.0010393406533677904 -0.0044370427392910741 -0.0066500830307042588 -0.013058802715054399
leaf_weight=16.812692362815145 6.1287805279716832 0.9856519033492066 3.6674362067133179 3.1301325438544154 4.559092249488458 0.080757593968883157
leaf_count=26 20 32 20 20 78 14
internal_value=0 -0.043604 0.0316903 -0.0257395 -0.0730069 -0.100822
internal_weight=0 14.8844 20.4801 9.25891 5.6255 1.06641
internal_count=210 164 46 40 124 46
shrinkage=0.1


Tree=70
num_leaves=7
num_cat=0
split_feature=0 0 0 0 0 0
split_gain=0.0477785 0.00760243 0.0019888 0.00159473 0.000974954 7.33445e-05
threshold=0.15000000000000005 0.35000000000000003 1.0000000180025095e-35 0.25000000000000006 0.75000000000000011 0.45000000000000007
decision_type=2 2 2 2 2 2
left_child=2 3 -1 -2 5 -3
right_child=1 4 -4 -5 -6 -7
leaf_value=0.0035939839328805604 -0.0016126602058088994 -0.0096979062790436433 0.0010225723737481861 -0.0043870489092908303 -0.0065756896389253076 -0.012835730159123402
leaf_weight=16.811431606300179 6.1277316310442966 0.98541396734071773 3.6631775330752125 3.1301299325423315 4.5563437434611842 0.08058382011950016
leaf_count=26 20 32 20 20 78 14
internal_value=0 -0.0431216 0.0313392 -0.025507 -0.0721264 -0.0993511
internal_weight=0 14.8802 20.4746 9.25786 5.62234 1.066
internal_count=210 164 46 40 124 46
shrinkage=0.1


Tree=71
num_leaves=7
num_cat=0
split_feature=0 0 0 0 0 0
split_gain=0.0467262 0.00739534 0.00195192 0.00154957 0.000934126 6.95284e-05
threshold=0.15000000000000005 0.35000000000000003 1.0000000180025095e-35 0.25000000000000006 0.75000000000000011 0.45000000000000007
decision_type=2 2 2 2 2 2
left_child=2 3 -1 -2 5 -3
right_child=1 4 -4 -5 -6 -7
leaf_value=0.0035552124482025682 -0.0016030555132100146 -0.009561253647503605 0.0010065455495359304 -0.0043379620099612331 -0.0065030255665232128 -0.012619331449266134
leaf_weight=16.810194682329897 6.1267024017870408 0.98518490200512931 3.6590083008632055 3.1301281955093145 4.5536521460162476 0.08041595495888032
leaf_count=26 20 32 20 20 78 14
internal_value=0 -0.0426502 0.0309962 -0.0252784 -0.0712673 -0.0979203
internal_weight=0 14.8761 20.4692 9.25683 5.61925 1.0656
internal_count=210 164 46 40 124 46
shrinkage=0.1


Tree=72
num_leaves=7
num_cat=0
split_feature=0 0 0 0 0 0
split_gain=0.0457113 0.0071953 0.00191653 0.00150612 0.000895587 6.59586e-05
threshold=0.15000000000000005 0.35000000000000003 1.0000000180025095e-35 0.25000000000000006 0.75000000000000011 0.45000000000000007
decision_type=2 2 2 2 2 2
left_child=2 3 -1 -2 5 -3
right_child=1 4 -4 -5 -6 -7
leaf_value=0.0035174243252335709 -0.0015937899713768728 -0.0094282958864800818 0.00099079058817376476 -0.0042901533779804279 -0.0064318231786412083 -0.012409636163939522
leaf_weight=16.808982972055677 6.1256938474252802 0.98496626087580674 3.6549195498228064 3.1301218242151663 4.5510171267669648 0.080254000757122412
leaf_count=26 20 32 20 20 78 14
internal_value=0 -0.0421903 0.0306616 -0.0250564 -0.0704276 -0.0965291
internal_weight=0 14.8721 20.4639 9.25582 5.61624 1.06522
internal_count=210 164 46 40 124 46
shrinkage=0.1


Tree=73
num_leaves=7
num_cat=0
split_feature=0 0 0 0 0 0
split_gain=0.0447291 0.00700372 0.00188172 0.00146433 0.000858908 6.25869e-05
threshold=0.15000000000000005 0.35000000000000003 1.0000000180025095e-35 0.25000000000000006 0.75000000000000011 0.45000000000000007
decision_type=2 2 2 2 2 2
left_child=2 3 -1 -2 5 -3
right_child=1 4 -4 -5 -6 -7
leaf_value=0.0034803911416317079 -0.0015844867801346246 -0.0092987332137629136 0.00097566107260382948 -0.004243255685952959 -0.0063623288071815876 -0.012205524705648363
leaf_weight=16.807792541570965 6.1247035190463048 0.98475570438313187 3.6509133530780664 3.1301146320765838 4.5484389946796 0.080097027850570143
leaf_count=26 20 32 20 20 78 14
internal_value=0 -0.0417401 0.0303342 -0.0248372 -0.0696085 -0.0951738
internal_weight=0 14.8681 20.4587 9.25482 5.61329 1.06485
internal_count=210 164 46 40 124 46
shrinkage=0.1


Tree=74
num_leaves=7
num_cat=0
split_feature=0 0 0 0 0 0
split_gain=0.0437782 0.00681924 0.00184777 0.00142381 0.000824188 5.94118e-05
threshold=0.15000000000000005 0.35000000000000003 1.0000000180025095e-35 0.25000000000000006 0.75000000000000011 0.45000000000000007
decision_type=2 2 2 2 2 2
left_child=2 3 -1 -2 5 -3
right_child=1 4 -4 -5 -6 -7
leaf_value=0.0034441172720376494 -0.0015753746064127057 -0.0091725641966722352 0.00096097721686296965 -0.0041971698489794854 -0.0062942462715318594 -0.012007175094105172
leaf_weight=16.806625902652744 6.1237305570393783 0.98455542541341745 3.6469849841669193 3.1301079258555546 4.5459104838082567 0.079945100966142491
leaf_count=26 20 32 20 20 78 14
internal_value=0 -0.0412995 0.0300136 -0.024622 -0.0688076 -0.0938545
internal_weight=0 14.8642 20.4536 9.25384 5.61041 1.0645
internal_count=210 164 46 40 124 46
shrinkage=0.1


Tree=75
num_leaves=7
num_cat=0
split_feature=0 0 0 0 0 0
split_gain=0.0428594 0.00664158 0.00181501 0.00138518 0.00079112 5.64449e-05
threshold=0.15000000000000005 0.35000000000000003 1.0000000180025095e-35 0.25000000000000006 0.75000000000000011 0.45000000000000007
decision_type=2 2 2 2 2 2
left_child=2 3 -1 -2 5 -3
right_child=1 4 -4 -5 -6 -7
leaf_value=0.0034087061480072506 -0.0015663179561507083 -0.009049438380107409 0.00094658707338914267 -0.0041523769839302274 -0.0062276987887422489 -0.011814735424464519
leaf_weight=16.805479021742944 6.122773406095801 0.98436178622068715 3.6431320887058964 3.130098951049149 4.5434368649730459 0.079798294740612619
leaf_count=26 20 32 20 20 78 14
internal_value=0 -0.0408691 0.0297005 -0.0244114 -0.0680253 -0.092568
internal_weight=0 14.8605 20.4486 9.25287 5.6076 1.06416
internal_count=210 164 46 40 124 46
shrinkage=0.1


Tree=76
num_leaves=7
num_cat=0
split_feature=0 0 0 0 0 0
split_gain=0.0419692 0.00647041 0.00178309 0.00134796 0.000759767 5.36378e-05
threshold=0.15000000000000005 0.35000000000000003 1.0000000180025095e-35 0.25000000000000006 0.75000000000000011 0.45000000000000007
decision_type=2 2 2 2 2 2
left_child=2 3 -1 -2 5 -3
right_child=1 4 -4 -5 -6 -7
leaf_value=0.0033740118794613259 -0.001557349105228449 -0.008929461852291487 0.00093258801771160848 -0.0041084938660894011 -0.0061624791793601832 -0.011627367121413268
leaf_weight=16.804354276508096 6.1218345626257342 0.9841772723593738 3.639350898563861 3.1300905904499814 4.5410112853860483 0.079655913010356016
leaf_count=26 20 32 20 20 78 14
internal_value=0 -0.0404476 0.0293939 -0.0242045 -0.0672601 -0.0913147
internal_weight=0 14.8568 20.4437 9.25193 5.60484 1.06383
internal_count=210 164 46 40 124 46
shrinkage=0.1


Tree=77
num_leaves=7
num_cat=0
split_feature=0 0 0 0 0 0
split_gain=0.0411092 0.00630516 0.0017521 0.00131203 0.00072996 5.09838e-05
threshold=0.15000000000000005 0.35000000000000003 1.0000000180025095e-35 0.25000000000000006 0.75000000000000011 0.45000000000000007
decision_type=2 2 2 2 2 2
left_child=2 3 -1 -2 5 -3
right_child=1 4 -4 -5 -6 -7
leaf_value=0.0033401242396174746 -0.0015486479722052679 -0.0088124927769009567 0.00091897938084849065 -0.0040656281010569449 -0.0060986539309004174 -0.011444934949231848
leaf_weight=16.803248586133126 6.1209113807417435 0.983999334363033 3.6356448680162421 3.1300788432126865 4.5386339745018631 0.079517834165017121
leaf_count=26 20 32 20 20 78 14
internal_value=0 -0.040036 0.0290945 -0.0240027 -0.0665122 -0.0900932
internal_weight=0 14.8531 20.4389 9.25099 5.60215 1.06352
internal_count=210 164 46 40 124 46
shrinkage=0.1


Tree=78
num_leaves=7
num_cat=0
split_feature=0 0 0 0 0 0
split_gain=0.0402741 0.00614692 0.00172203 0.00127729 0.000701492 4.849e-05
threshold=0.15000000000000005 0.35000000000000003 1.0000000180025095e-35 0.25000000000000006 0.75000000000000011 0.45000000000000007
decision_type=2 2 2 2 2 2
left_child=2 3 -1 -2 5 -3
right_child=1 4 -4 -5 -6 -7
leaf_value=0.0033068848098489674 -0.00153985671034254 -0.0086982975076813299 0.0009056053524662931 -0.0040233544710183162 -0.0060363177232916343 -0.011267568742228401
leaf_weight=16.802162799052898 6.1200031149201077 0.98382877651601941 3.6320030875504008 3.1300691148499027 4.5363065535202622 0.079384079988813028
leaf_count=26 20 32 20 20 78 14
internal_value=0 -0.0396321 0.0288008 -0.0238023 -0.0657819 -0.0889013
internal_weight=0 14.8496 20.4342 9.25007 5.59952 1.06321
internal_count=210 164 46 40 124 46
shrinkage=0.1


Tree=79
num_leaves=7
num_cat=0
split_feature=0 0 0 0 0 0
split_gain=0.0394668 0.00599337 0.00169279 0.00124399 0.000674604 4.61344e-05
threshold=0.15000000000000005 0.35000000000000003 1.0000000180025095e-35 0.25000000000000006 0.75000000000000011 0.45000000000000007
decision_type=2 2 2 2 2 2
left_child=2 3 -1 -2 5 -3
right_child=1 4 -4 -5 -6 -7
leaf_value=0.0032744032619310263 -0.0015313221431211743 -0.0085870971851380838 0.00089261835720337481 -0.003982301064139211 -0.0059750689180195589 -0.011095094807115784
leaf_weight=16.801094729453329 6.1191099132411164 0.98366587253985793 3.6284328345209351 3.1300544925034046 4.5340226273983717 0.079254472657339647
leaf_count=26 20 32 20 20 78 14
internal_value=0 -0.0392375 0.0285138 -0.0236077 -0.0650664 -0.087741
internal_weight=0 14.8461 20.4295 9.24916 5.59694 1.06292
internal_count=210 164 46 40 124 46
shrinkage=0.1


Tree=80
num_leaves=7
num_cat=0
split_feature=0 0 0 0 0 0
split_gain=0.0386838 0.00584585 0.00166428 0.00121152 0.000648794 4.39219e-05
threshold=0.15000000000000005 0.35000000000000003 1.0000000180025095e-35 0.25000000000000006 0.75000000000000011 0.45000000000000007
decision_type=2 2 2 2 2 2
left_child=2 3 -1 -2 5 -3
right_child=1 4 -4 -5 -6 -7
leaf_value=0.0032425668215810065 -0.0015229063630346645 -0.0084782833847748939 0.0008799712034932921 -0.0039417517716222143 -0.0059152531522561752 -0.010927215702972087
leaf_weight=16.800046671181921 6.1182326991111022 0.98350804395158653 3.6249246625229707 3.1300416730809957 4.5317841481883079 0.079128818892058916
leaf_count=26 20 32 20 20 78 14
internal_value=0 -0.0388508 0.0282326 -0.0234155 -0.0643673 -0.0866064
internal_weight=0 14.8427 20.425 9.24827 5.59442 1.06264
internal_count=210 164 46 40 124 46
shrinkage=0.1


Tree=81
num_leaves=7
num_cat=0
split_feature=0 0 0 0 0 0
split_gain=0.0379235 0.00570306 0.00163725 0.00118019 0.000624374 4.18326e-05
threshold=0.15000000000000005 0.35000000000000003 1.0000000180025095e-35 0.25000000000000006 0.75000000000000011 0.45000000000000007
decision_type=2 2 2 2 2 2
left_child=2 3 -1 -2 5 -3
right_child=1 4 -4 -5 -6 -7
leaf_value=0.0032114312599862993 -0.001514599384844871 -0.0083721878693845501 0.00086717252115400551 -0.0039020216128767132 -0.005856425252310264 -0.010763881306918828
leaf_weight=16.799014981836084 6.1173707311972958 0.9833584901061827 3.6214750045910469 3.1300266647012904 4.5295854711439461 0.079006984437000924
leaf_count=26 20 32 20 20 78 14
internal_value=0 -0.0384715 0.0279569 -0.0232269 -0.0636816 -0.0855006
internal_weight=0 14.8393 20.4205 9.2474 5.59195 1.06237
internal_count=210 164 46 40 124 46
shrinkage=0.1


Tree=82
num_leaves=7
num_cat=0
split_feature=0 0 0 0 0 0
split_gain=0.0371867 0.00556539 0.00160947 0.00115006 0.000600985 3.98525e-05
threshold=0.15000000000000005 0.35000000000000003 1.0000000180025095e-35 0.25000000000000006 0.75000000000000011 0.45000000000000007
decision_type=2 2 2 2 2 2
left_child=2 3 -1 -2 5 -3
right_child=1 4 -4 -5 -6 -7
leaf_value=0.0031807552390250592 -0.0015063650914536703 -0.008268461966792191 0.00085556018928094584 -0.0038631703708657881 -0.0057988919824313399 -0.010604499973826767
leaf_weight=16.798003560863439 6.1165214199572784 0.98321362346177799 3.6180919902399173 3.1300105798291042 4.5274309457745403 0.078888508753152564
leaf_count=26 20 32 20 20 78 14
internal_value=0 -0.0381003 0.0276869 -0.0230416 -0.0630112 -0.0844197
internal_weight=0 14.8361 20.4161 9.24653 5.58953 1.0621
internal_count=210 164 46 40 124 46
shrinkage=0.1


Tree=83
num_leaves=7
num_cat=0
split_feature=0 0 0 0 0 0
split_gain=0.0364717 0.0054331 0.00158382 0.00112102 0.000578691 3.79777e-05
threshold=0.15000000000000005 0.35000000000000003 1.0000000180025095e-35 0.25000000000000006 0.75000000000000011 0.45000000000000007
decision_type=2 2 2 2 2 2
left_child=2 3 -1 -2 5 -3
right_child=1 4 -4 -5 -6 -7
leaf_value=0.0031508621971893152 -0.0014981090091623168 -0.0081673005452261496 0.00084338273873741341 -0.0038250290016210563 -0.005742629608230819 -0.010449281831170831
leaf_weight=16.797004981897775 6.1156838596798462 0.98307545323041157 3.614765969105064 3.1299965982325375 4.5253189634531736 0.078773531713522971
leaf_count=26 20 32 20 20 78 14
internal_value=0 -0.0377363 0.0274223 -0.0228586 -0.0623562 -0.0833659
internal_weight=0 14.8328 20.4118 9.24568 5.58717 1.06185
internal_count=210 164 46 40 124 46
shrinkage=0.1


Tree=84
num_leaves=7
num_cat=0
split_feature=0 0 0 0 0 0
split_gain=0.035778 0.00530389 0.00155752 0.00109314 0.000557576 3.62021e-05
threshold=0.15000000000000005 0.35000000000000003 1.0000000180025095e-35 0.25000000000000006 0.75000000000000011 0.45000000000000007
decision_type=2 2 2 2 2 2
left_child=2 3 -1 -2 5 -3
right_child=1 4 -4 -5 -6 -7
leaf_value=0.0031214023729501375 -0.0014901069469665899 -0.0080684476579689392 0.00083229941256650884 -0.0037879654092594717 -0.0056871003772853736 -0.010297920331292221
leaf_weight=16.796026274561886 6.1148624056950194 0.98294357440317881 3.6115002902224651 3.1299797878600657 4.5232383067486808 0.078661747829755782
leaf_count=26 20 32 20 20 78 14
internal_value=0 -0.0373798 0.027163 -0.0226808 -0.0617116 -0.0823364
internal_weight=0 14.8297 20.4075 9.24484 5.58484 1.06161
internal_count=210 164 46 40 124 46
shrinkage=0.1


Tree=85
num_leaves=7
num_cat=0
split_feature=0 0 0 0 0 0
split_gain=0.0351044 0.0051804 0.00153255 0.00106587 0.000537145 3.45219e-05
threshold=0.15000000000000005 0.35000000000000003 1.0000000180025095e-35 0.25000000000000006 0.75000000000000011 0.45000000000000007
decision_type=2 2 2 2 2 2
left_child=2 3 -1 -2 5 -3
right_child=1 4 -4 -5 -6 -7
leaf_value=0.00309259519068978 -0.0014821118506812316 -0.0079716290173248334 0.00082107436768562867 -0.0037511882714294266 -0.0056330773818078139 -0.010150155172593649
leaf_weight=16.795062574557964 6.1140516833402199 0.98281460389261954 3.608288529329001 3.129962730105035 4.5212054358562455 0.078553037907113307
leaf_count=26 20 32 20 20 78 14
internal_value=0 -0.0370301 0.0269088 -0.0225041 -0.0610834 -0.0813286
internal_weight=0 14.8266 20.4034 9.24401 5.58257 1.06137
internal_count=210 164 46 40 124 46
shrinkage=0.1


Tree=86
num_leaves=7
num_cat=0
split_feature=0 0 0 0 0 0
split_gain=0.0344499 0.00506002 0.00150878 0.00103956 0.000517843 3.29368e-05
threshold=0.15000000000000005 0.35000000000000003 1.0000000180025095e-35 0.25000000000000006 0.75000000000000011 0.45000000000000007
decision_type=2 2 2 2 2 2
left_child=2 3 -1 -2 5 -3
right_child=1 4 -4 -5 -6 -7
leaf_value=0.0030644035490044333 -0.0014743223652948084 -0.0078771114733019437 0.00080974553982613275 -0.0037152683165103846 -0.0055797438056080766 -0.010006370502050917
leaf_weight=16.79411304648966 6.113254630006848 0.98269259740481951 3.6051284838467827 3.1299447817727923 4.5192019087262452 0.07844756686972687
leaf_count=26 20 32 20 20 78 14
internal_value=0 -0.0366871 0.0266594 -0.0223315 -0.0604654 -0.0803452
internal_weight=0 14.8235 20.3992 9.2432 5.58034 1.06114
internal_count=210 164 46 40 124 46
shrinkage=0.1


Tree=87
num_leaves=7
num_cat=0
split_feature=0 0 0 0 0 0
split_gain=0.0338138 0.00494386 0.00148442 0.00101414 0.000499338 3.14316e-05
threshold=0.15000000000000005 0.35000000000000003 1.0000000180025095e-35 0.25000000000000006 0.75000000000000011 0.45000000000000007
decision_type=2 2 2 2 2 2
left_child=2 3 -1 -2 5 -3
right_child=1 4 -4 -5 -6 -7
leaf_value=0.0030365870153657077 -0.0014665710824108937 -0.007784634310457117 0.00079940113591613266 -0.0036800019665118411 -0.0055275105584621899 -0.0098659411673721036
leaf_weight=16.793181044980887 6.1124702468514425 0.98257524159271181 3.6020249752327791 3.1299259220249951 4.5172355520771816 0.078344908062717877
leaf_count=26 20 32 20 20 78 14
internal_value=0 -0.0363505 0.0264147 -0.0221615 -0.0598603 -0.0793833
internal_weight=0 14.8206 20.3952 9.2424 5.57816 1.06092
internal_count=210 164 46 40 124 46
shrinkage=0.1


Tree=88
num_leaves=7
num_cat=0
split_feature=0 0 0 0 0 0
split_gain=0.0331959 0.00483192 0.00146119 0.000989699 0.000481615 3.00059e-05
threshold=0.15000000000000005 0.35000000000000003 1.0000000180025095e-35 0.25000000000000006 0.75000000000000011 0.45000000000000007
decision_type=2 2 2 2 2 2
left_child=2 3 -1 -2 5 -3
right_child=1 4 -4 -5 -6 -7
leaf_value=0.0030093716549113268 -0.0014587962403614411 -0.0076942189579566958 0.00078897373384592066 -0.0036454432781207941 -0.005476379088049094 -0.0097289854788591788
leaf_weight=16.792263170704249 6.1116958851926011 0.98246253939578221 3.5989725058898321 3.1299067556392401 4.5153087582439184 0.078245100492495098
leaf_count=26 20 32 20 20 78 14
internal_value=0 -0.0360204 0.0261748 -0.0219936 -0.0592682 -0.0784432
internal_weight=0 14.8176 20.3912 9.2416 5.57602 1.06071
internal_count=210 164 46 40 124 46
shrinkage=0.1


Tree=89
num_leaves=7
num_cat=0
split_feature=0 0 0 0 0 0
split_gain=0.032595 0.00472299 0.00143912 0.000965705 0.000464688 2.86585e-05
threshold=0.15000000000000005 0.35000000000000003 1.0000000180025095e-35 0.25000000000000006 0.75000000000000011 0.45000000000000007
decision_type=2 2 2 2 2 2
left_child=2 3 -1 -2 5 -3
right_child=1 4 -4 -5 -6 -7
leaf_value=0.002982738908974404 -0.0014513242174869797 -0.0076056469786461248 0.00077839874449043287 -0.0036113520946717964 -0.0054260381218382081 -0.0095953555877611625
leaf_weight=16.791358181275431 6.1109356647357327 0.98235380902769853 3.5959663931280366 3.1298873991472647 4.5134102477459237 0.07814798790786881
leaf_count=26 20 32 20 20 78 14
internal_value=0 -0.0356964 0.0259393 -0.0218293 -0.0586863 -0.0775227
internal_weight=0 14.8147 20.3873 9.24082 5.57391 1.0605
internal_count=210 164 46 40 124 46
shrinkage=0.1


Tree=90
num_leaves=7
num_cat=0
split_feature=0 0 0 0 0 0
split_gain=0.0320114 0.00461766 0.00141703 0.000942621 0.000448518 2.73735e-05
threshold=0.15000000000000005 0.35000000000000003 1.0000000180025095e-35 0.25000000000000006 0.75000000000000011 0.45000000000000007
decision_type=2 2 2 2 2 2
left_child=2 3 -1 -2 5 -3
right_child=1 4 -4 -5 -6 -7
leaf_value=0.0029565438173219096 -0.0014439003321299513 -0.0075191062910632302 0.00076843904046690076 -0.003578004461282445 -0.0053766759622332991 -0.0094647941335944466
leaf_weight=16.790467285551134 6.1101860054768604 0.98224931836011709 3.5930122323334208 3.12986609863583 4.5115461573004723 0.07805341142375255
leaf_count=26 20 32 20 20 78 14
internal_value=0 -0.0353788 0.0257084 -0.0216678 -0.0581163 -0.0766234
internal_weight=0 14.8119 20.3835 9.24005 5.57185 1.0603
internal_count=210 164 46 40 124 46
shrinkage=0.1


Tree=91
num_leaves=7
num_cat=0
split_feature=0 0 0 0 0 0
split_gain=0.0314427 0.00451584 0.00139548 0.000920446 0.000432949 2.61639e-05
threshold=0.15000000000000005 0.35000000000000003 1.0000000180025095e-35 0.25000000000000006 0.75000000000000011 0.45000000000000007
decision_type=2 2 2 2 2 2
left_child=2 3 -1 -2 5 -3
right_child=1 4 -4 -5 -6 -7
leaf_value=0.0029307882390788038 -0.0014364143446789445 -0.0074341789545925756 0.00075864930559597183 -0.0035453151441215743 -0.0053282536398437837 -0.0093374394722014857
leaf_weight=16.789591795764867 6.1094449793454242 0.98214881247258645 3.5901036392897359 3.129846257972531 4.5097167426720262 0.077961442890227772
leaf_count=26 20 32 20 20 78 14
internal_value=0 -0.0350665 0.0254814 -0.0215081 -0.0575572 -0.0757415
internal_weight=0 14.8091 20.3797 9.23929 5.56983 1.06011
internal_count=210 164 46 40 124 46
shrinkage=0.1


Tree=92
num_leaves=7
num_cat=0
split_feature=0 0 0 0 0 0
split_gain=0.0308896 0.00441727 0.00137415 0.00089862 0.000418088 2.50041e-05
threshold=0.15000000000000005 0.35000000000000003 1.0000000180025095e-35 0.25000000000000006 0.75000000000000011 0.45000000000000007
decision_type=2 2 2 2 2 2
left_child=2 3 -1 -2 5 -3
right_child=1 4 -4 -5 -6 -7
leaf_value=0.0029054622975784694 -0.0014291514894079959 -0.0073511879204893648 0.00074927401470653934 -0.0035129456050715445 -0.0052807054316620005 -0.0092127858045565683
leaf_weight=16.788729712367061 6.1087179232854378 0.98205293682985828 3.5872424393892279 3.1298236940056086 4.5079171175602823 0.077871696143120062
leaf_count=26 20 32 20 20 78 14
internal_value=0 -0.0347599 0.0252586 -0.021351 -0.0570089 -0.0748796
internal_weight=0 14.8064 20.376 9.23854 5.56784 1.05992
internal_count=210 164 46 40 124 46
shrinkage=0.1


Tree=93
num_leaves=7
num_cat=0
split_feature=0 0 0 0 0 0
split_gain=0.0303517 0.00432148 0.00135385 0.000877706 0.000403876 2.39156e-05
threshold=0.15000000000000005 0.35000000000000003 1.0000000180025095e-35 0.25000000000000006 0.75000000000000011 0.45000000000000007
decision_type=2 2 2 2 2 2
left_child=2 3 -1 -2 5 -3
right_child=1 4 -4 -5 -6 -7
leaf_value=0.0028806763017786342 -0.0014219388070904611 -0.0072698861235208981 0.00073976951716348449 -0.0034813864925756569 -0.0052339474342867169 -0.0090914639870527444
leaf_weight=16.787880348041657 6.1079987988341582 0.98196098930202325 3.5844241343438616 3.1298043304122984 4.5061474939575419 0.077784591041563531
leaf_count=26 20 32 20 20 78 14
internal_value=0 -0.034459 0.0250399 -0.0211969 -0.0564705 -0.0740359
internal_weight=0 14.8037 20.3723 9.2378 5.56589 1.05975
internal_count=210 164 46 40 124 46
shrinkage=0.1


Tree=94
num_leaves=7
num_cat=0
split_feature=0 0 0 0 0 0
split_gain=0.0298287 0.00422853 0.00133348 0.000857512 0.000390231 2.28709e-05
threshold=0.15000000000000005 0.35000000000000003 1.0000000180025095e-35 0.25000000000000006 0.75000000000000011 0.45000000000000007
decision_type=2 2 2 2 2 2
left_child=2 3 -1 -2 5 -3
right_child=1 4 -4 -5 -6 -7
leaf_value=0.0028562813919099663 -0.0014148313218909957 -0.0071902423687517361 0.00073085771393587148 -0.0034504954440293285 -0.0051880411244626867 -0.0089724989292002295
leaf_weight=16.787043729797009 6.1072916709817928 0.98187188652809598 3.5816537933424106 3.1297804065980017 4.5044083193643019 0.07769942802406149
leaf_count=26 20 32 20 20 78 14
internal_value=0 -0.0341639 0.0248254 -0.0210457 -0.0559422 -0.0732094
internal_weight=0 14.8011 20.3687 9.23707 5.56398 1.05957
internal_count=210 164 46 40 124 46
shrinkage=0.1


Tree=95
num_leaves=7
num_cat=0
split_feature=0 0 0 0 0 0
split_gain=0.0293182 0.00413853 0.00131432 0.00083782 0.000377206 2.18772e-05
threshold=0.15000000000000005 0.35000000000000003 1.0000000180025095e-35 0.25000000000000006 0.75000000000000011 0.45000000000000007
decision_type=2 2 2 2 2 2
left_child=2 3 -1 -2 5 -3
right_child=1 4 -4 -5 -6 -7
leaf_value=0.0028323667416742353 -0.0014077647550901247 -0.0071123069654779065 0.00072158887685574318 -0.0034199628581982017 -0.0051428702359318226 -0.0088562838223274747
leaf_weight=16.786216958425943 6.1065933573991042 0.98178754339460161 3.5789220621809354 3.1297572809271514 4.5026964516146109 0.077616465103346854
leaf_count=26 20 32 20 20 78 14
internal_value=0 -0.0338733 0.0246142 -0.020896 -0.0554232 -0.0724008
internal_weight=0 14.7985 20.3651 9.23635 5.5621 1.0594
internal_count=210 164 46 40 124 46
shrinkage=0.1


Tree=96
num_leaves=7
num_cat=0
split_feature=0 0 0 0 0 0
split_gain=0.0288212 0.00405152 0.0012947 0.00081873 0.000364685 2.09305e-05
threshold=0.15000000000000005 0.35000000000000003 1.0000000180025095e-35 0.25000000000000006 0.75000000000000011 0.45000000000000007
decision_type=2 2 2 2 2 2
left_child=2 3 -1 -2 5 -3
right_child=1 4 -4 -5 -6 -7
leaf_value=0.0028087500148068932 -0.0014007393537094151 -0.0070359694617105374 0.00071312885975670891 -0.0033899237646121713 -0.0050985878176853369 -0.0087426253970364753
leaf_weight=16.785406505689028 6.105904875090344 0.98170715110609197 3.5762338638305655 3.1297352788969874 4.5010147750144824 0.077535552685731091
leaf_count=26 20 32 20 20 78 14
internal_value=0 -0.0335879 0.0244068 -0.0207483 -0.0549146 -0.071609
internal_weight=0 14.7959 20.3616 9.23564 5.56026 1.05924
internal_count=210 164 46 40 124 46
shrinkage=0.1


Tree=97
num_leaves=7
num_cat=0
split_feature=0 0 0 0 0 0
split_gain=0.0283375 0.0039666 0.00127585 0.000800161 0.000352681 2.00384e-05
threshold=0.15000000000000005 0.35000000000000003 1.0000000180025095e-35 0.25000000000000006 0.75000000000000011 0.45000000000000007
decision_type=2 2 2 2 2 2
left_child=2 3 -1 -2 5 -3
right_child=1 4 -4 -5 -6 -7
leaf_value=0.002785601231721065 -0.0013939234504778935 -0.0069610454916416353 0.00070464864016968668 -0.0033604631352360265 -0.0050549552533877282 -0.0086317253514789898
leaf_weight=16.784606170840565 6.1052268547937256 0.98162876060814475 3.5735863465815774 3.1297108378494158 4.4993577763671055 0.07745682867243886
leaf_count=26 20 32 20 20 78 14
internal_value=0 -0.0333077 0.0242032 -0.0206038 -0.0544142 -0.0708323
internal_weight=0 14.7934 20.3582 9.23494 5.55844 1.05909
internal_count=210 164 46 40 124 46
shrinkage=0.1


Tree=98
num_leaves=7
num_cat=0
split_feature=0 0 0 0 0 0
split_gain=0.0278656 0.00388447 0.00125799 0.000782161 0.000341148 1.91831e-05
threshold=0.15000000000000005 0.35000000000000003 1.0000000180025095e-35 0.25000000000000006 0.75000000000000011 0.45000000000000007
decision_type=2 2 2 2 2 2
left_child=2 3 -1 -2 5 -3
right_child=1 4 -4 -5 -6 -7
leaf_value=0.00276290213881622 -0.0013871001097480772 -0.0068876335596730273 0.0006959344735989508 -0.003331435263156414 -0.0050121165623292054 -0.0085230285389611936
leaf_weight=16.783815184608105 6.1045564627274853 0.98155385858262756 3.5709766354411832 3.129688537796028 4.4977273788535967 0.077379879730870016
leaf_count=26 20 32 20 20 78 14
internal_value=0 -0.0330319 0.0240028 -0.0204608 -0.0539231 -0.0700714
internal_weight=0 14.7909 20.3548 9.23425 5.55666 1.05893
internal_count=210 164 46 40 124 46
shrinkage=0.1


Tree=99
num_leaves=7
num_cat=0
split_feature=0 0 0 0 0 0
split_gain=0.0274052 0.0038049 0.00123982 0.000764597 0.000330069 1.83745e-05
threshold=0.15000000000000005 0.35000000000000003 1.0000000180025095e-35 0.25000000000000006 0.75000000000000011 0.45000000000000007
decision_type=2 2 2 2 2 2
left_child=2 3 -1 -2 5 -3
right_child=1 4 -4 -5 -6 -7
leaf_value=0.0027404650477274323 -0.0013803417602233786 -0.0068156385560415485 0.00068786218560749836 -0.003302762073075392 -0.0049700183378124469 -0.0084169163630692795
leaf_weight=16.783039016649131 6.1038965601474029 0.981482835341011 3.5684046344831577 3.1296648539137095 4.4961244266014546 0.077304960497713182
leaf_count=26 20 32 20 20 78 14
internal_value=0 -0.0327606 0.0238056 -0.0203194 -0.0534408 -0.0693255
internal_weight=0 14.7885 20.3514 9.23356 5.55491 1.05879
internal_count=210 164 46 40 124 46
shrinkage=0.1


end of trees

feature importances:
geographical=600

parameters:
[boosting: gbdt]
[objective: lambdarank]
[metric: ndcg]
[tree_learner: serial]
[device_type: cpu]
[data: ]
[valid: ]
[num_iterations: 100]
[learning_rate: 0.1]
[num_leaves: 16]
[num_threads: -1]
[max_depth: -1]
[min_data_in_leaf: 5]
[min_sum_hessian_in_leaf: 0.001]
[bagging_fraction: 1]
[pos_bagging_fraction: 1]
[neg_bagging_fraction: 1]
[bagging_freq: 0]
[bagging_seed: 3]
[feature_fraction: 1]
[feature_fraction_bynode: 1]
[feature_fraction_seed: 2]
[early_stopping_round: 0]
[first_metric_only: 0]
[max_delta_step: 0]
[lambda_l1: 0]
[lambda_l2: 0]
[min_gain_to_split: 0]
[drop_rate: 0.1]
[max_drop: 50]
[skip_drop: 0.5]
[xgboost_dart_mode: 0]
[uniform_drop: 0]
[drop_seed: 4]
[top_rate: 0.2]
[other_rate: 0.1]
[min_data_per_group: 100]
[max_cat_threshold: 32]
[cat_l2: 10]
[cat_smooth: 10]
[max_cat_to_onehot: 4]
[top_k: 20]
[monotone_constraints: ]
[feature_contri: ]
[forcedsplits_filename: ]
[forcedbins_filename: ]
[refit_decay_rate: 0.9]
[cegb_tradeoff: 1]
[cegb_penalty_split: 0]
[cegb_penalty_feature_lazy: ]
[cegb_penalty_feature_coupled: ]
[verbosity: -1]
[max_bin: 255]
[max_bin_by_feature: ]
[min_data_in_bin: 3]
[bin_construct_sample_cnt: 200000]
[histogram_pool_size: -1]
[data_random_seed: 1]
[output_model: LightGBM_model.txt]
[snapshot_freq: -1]
[input_model: ]
[output_result: LightGBM_predict_result.txt]
[initscore_filename: ]
[valid_data_initscores: ]
[pre_partition: 0]
[enable_bundle: 1]
[max_conflict_rate: 0]
[is_enable_sparse: 1]
[sparse_threshold: 0.8]
[use_missing: 1]
[zero_as_missing: 0]
[two_round: 0]
[save_binary: 0]
[header: 0]
[label_column: ]
[weight_column: ]
[group_column: ]
[ignore_column: ]
[categorical_feature: ]
[predict_raw_score: 0]
[predict_leaf_index: 0]
[predict_contrib: 0]
[num_iteration_predict: -1]
[pred_early_stop: 0]
[pred_early_stop_freq: 10]
[pred_early_stop_margin: 10]
[convert_model_language: ]
[convert_model: gbdt_prediction.cpp]
[num_class: 1]
[is_unbalance: 0]
[scale_pos_weight: 1]
[sigmoid: 1]
[boost_from_average: 1]
[reg_sqrt: 0]
[alpha: 0.9]
[fair_c: 1]
[poisson_max_delta_step: 0.7]
[tweedie_variance_power: 1.5]
[max_position: 20]
[lambdamart_norm: 1]
[label_gain: ]
[metric_freq: 1]
[is_provide_training_metric: 0]
[eval_at: 1]
[multi_error_top_k: 1]
[num_machines: 1]
[local_listen_port: 12400]
[time_out: 120]
[machine_list_filename: ]
[machines: ]
[gpu_platform_id: -1]
[gpu_device_id: -1]
[gpu_use_dp: 0]

end of parameters

pandas_categorical:null
